0.028858,0.027986,0.027125,0.026274,0.025436,0.024612,0.023802,0.02301,0.022235,0.021482,0.020751,0.020045,0.019367,0.01872,0.018108,0.017533,0.016999,0.016511,0.016072,0.015687,0.015359,0.015092,0.014889,0.014754,0.014718,0.014712,0.014777,0.014911,0.015112,0.015377,0.015705,0.016089,0.016528,0.017015,0.017549,0.018124,0.018737,0.019384,0.020063,0.02077,0.021502,0.022257,0.023032,0.023826,0.024637,0.025463,0.026303,0.027155,0.028018,0.028891,NaN,NaN,NaN,NaN,NaN,NaN,NaN,NaN,NaN,NaN,NaN,NaN,NaN,NaN,NaN,NaN,NaN,NaN,NaN,NaN,NaN,NaN,NaN,NaN,NaN,NaN,NaN,NaN,NaN,NaN,NaN,NaN,NaN,NaN,NaN,NaN,NaN,NaN,NaN,NaN,NaN,NaN,NaN,NaN,NaN,NaN,NaN,NaN,NaN,NaN,NaN,NaN,NaN,NaN,NaN,NaN,NaN,NaN,NaN,NaN,NaN,NaN,NaN,NaN,NaN,NaN,NaN,NaN,NaN,NaN,NaN,NaN,NaN,NaN,NaN,NaN,NaN,NaN,NaN,NaN,NaN,NaN,NaN,NaN,NaN,NaN,NaN,NaN,NaN,NaN,NaN,NaN,NaN,NaN,NaN,NaN,NaN,NaN,NaN,NaN,NaN,NaN,NaN,NaN,NaN,NaN,NaN,NaN,NaN,NaN,NaN,NaN,NaN,NaN,NaN,NaN,NaN,NaN,NaN,NaN,NaN,NaN,NaN,NaN,NaN,NaN,NaN,NaN,NaN,NaN,NaN,NaN,NaN,NaN,NaN,NaN,NaN,NaN,NaN,NaN,NaN,NaN,NaN,NaN,NaN,NaN,NaN,NaN,NaN,NaN,NaN,NaN,NaN,NaN,NaN,NaN,NaN,NaN,NaN,NaN,NaN,NaN,NaN,NaN,NaN,NaN,NaN,NaN,NaN,NaN,NaN,NaN,NaN,NaN,NaN,NaN,NaN,NaN,NaN,NaN,NaN,NaN,NaN,NaN,NaN,NaN,NaN,NaN,NaN,NaN,NaN,NaN,NaN,NaN,NaN,NaN,NaN,NaN,NaN,NaN
0.028969,0.028111,0.027263,0.026426,0.025601,0.024788,0.02399,0.023208,0.022443,0.021698,0.020974,0.020274,0.0196,0.018956,0.018343,0.017766,0.017227,0.016731,0.016282,0.015882,0.015536,0.015248,0.015021,0.014858,0.01476,0.014767,0.014795,0.01489,0.015052,0.015277,0.015563,0.015907,0.016306,0.016754,0.017249,0.017787,0.018364,0.018976,0.019621,0.020296,0.020997,0.021722,0.022468,0.023235,0.024018,0.024818,0.025633,0.02646,0.027299,0.028149,0.029009,NaN,NaN,NaN,NaN,NaN,NaN,NaN,NaN,NaN,NaN,NaN,NaN,NaN,NaN,NaN,NaN,NaN,NaN,NaN,NaN,NaN,NaN,NaN,NaN,NaN,NaN,NaN,NaN,NaN,NaN,NaN,NaN,NaN,NaN,NaN,NaN,NaN,NaN,NaN,NaN,NaN,NaN,NaN,NaN,NaN,NaN,NaN,NaN,NaN,NaN,NaN,NaN,NaN,NaN,NaN,NaN,NaN,NaN,NaN,NaN,NaN,NaN,NaN,NaN,NaN,NaN,NaN,NaN,NaN,NaN,NaN,NaN,NaN,NaN,NaN,NaN,NaN,NaN,NaN,NaN,NaN,NaN,NaN,NaN,NaN,NaN,NaN,NaN,NaN,NaN,NaN,NaN,NaN,NaN,NaN,NaN,NaN,NaN,NaN,NaN,NaN,NaN,NaN,NaN,NaN,NaN,NaN,NaN,NaN,NaN,NaN,NaN,NaN,NaN,NaN,NaN,NaN,NaN,NaN,NaN,NaN,NaN,NaN,NaN,NaN,NaN,NaN,NaN,NaN,NaN,NaN,NaN,NaN,NaN,NaN,NaN,NaN,NaN,NaN,NaN,NaN,NaN,NaN,NaN,NaN,NaN,NaN,NaN,NaN,NaN,NaN,NaN,NaN,NaN,NaN,NaN,NaN,NaN,NaN,NaN,NaN,NaN,NaN,NaN,NaN,NaN,NaN,NaN,NaN,NaN,NaN,NaN,NaN,NaN,NaN,NaN,NaN,NaN,NaN,NaN,NaN,NaN,NaN,NaN,NaN,NaN,NaN,NaN,NaN,NaN,NaN,NaN,NaN,NaN,NaN,NaN,NaN,NaN,NaN
0.028621,0.027792,0.026972,0.026162,0.025363,0.024576,0.023802,0.023043,0.0223,0.021575,0.02087,0.020186,0.019526,0.018893,0.018289,0.017718,0.017181,0.016684,0.016229,0.015821,0.015462,0.015156,0.014907,0.014718,0.01459,0.014526,0.014526,0.01459,0.014718,0.014907,0.015156,0.015462,0.015821,0.016229,0.016684,0.017181,0.017718,0.018289,0.018893,0.019526,0.020186,0.02087,0.021575,0.0223,0.023043,0.023802,0.024576,0.025363,0.026162,0.026972,0.027792,0.028621,NaN,NaN,NaN,NaN,NaN,NaN,NaN,NaN,NaN,NaN,NaN,NaN,NaN,NaN,NaN,NaN,NaN,NaN,NaN,NaN,NaN,NaN,NaN,NaN,NaN,NaN,NaN,NaN,NaN,NaN,NaN,NaN,NaN,NaN,NaN,NaN,NaN,NaN,NaN,NaN,NaN,NaN,NaN,NaN,NaN,NaN,NaN,NaN,NaN,NaN,NaN,NaN,NaN,NaN,NaN,NaN,NaN,NaN,NaN,NaN,NaN,NaN,NaN,NaN,NaN,NaN,NaN,NaN,NaN,NaN,NaN,NaN,NaN,NaN,NaN,NaN,NaN,NaN,NaN,NaN,NaN,NaN,NaN,NaN,NaN,NaN,NaN,NaN,NaN,NaN,NaN,NaN,NaN,NaN,NaN,NaN,NaN,NaN,NaN,NaN,NaN,NaN,NaN,NaN,NaN,NaN,NaN,NaN,NaN,NaN,NaN,NaN,NaN,NaN,NaN,NaN,NaN,NaN,NaN,NaN,NaN,NaN,NaN,NaN,NaN,NaN,NaN,NaN,NaN,NaN,NaN,NaN,NaN,NaN,NaN,NaN,NaN,NaN,NaN,NaN,NaN,NaN,NaN,NaN,NaN,NaN,NaN,NaN,NaN,NaN,NaN,NaN,NaN,NaN,NaN,NaN,NaN,NaN,NaN,NaN,NaN,NaN,NaN,NaN,NaN,NaN,NaN,NaN,NaN,NaN,NaN,NaN,NaN,NaN,NaN,NaN,NaN,NaN,NaN,NaN,NaN,NaN,NaN,NaN,NaN,NaN,NaN,NaN,NaN,NaN,NaN,NaN,NaN,NaN,NaN,NaN,NaN,NaN
0.028153,0.027353,0.026561,0.025779,0.025007,0.024247,0.023499,0.022765,0.022046,0.021343,0.020659,0.019995,0.019353,0.018735,0.018145,0.017584,0.017056,0.016564,0.016111,0.0157,0.015335,0.01502,0.014756,0.014548,0.014398,0.014307,0.014276,0.014307,0.014398,0.014548,0.014756,0.01502,0.015335,0.0157,0.016111,0.016564,0.017056,0.017584,0.018145,0.018735,0.019353,0.019995,0.020659,0.021343,0.022046,0.022765,0.023499,0.024247,0.025007,0.025779,0.026561,0.027353,0.028153,NaN,NaN,NaN,NaN,NaN,NaN,NaN,NaN,NaN,NaN,NaN,NaN,NaN,NaN,NaN,NaN,NaN,NaN,NaN,NaN,NaN,NaN,NaN,NaN,NaN,NaN,NaN,NaN,NaN,NaN,NaN,NaN,NaN,NaN,NaN,NaN,NaN,NaN,NaN,NaN,NaN,NaN,NaN,NaN,NaN,NaN,NaN,NaN,NaN,NaN,NaN,NaN,NaN,NaN,NaN,NaN,NaN,NaN,NaN,NaN,NaN,NaN,NaN,NaN,NaN,NaN,NaN,NaN,NaN,NaN,NaN,NaN,NaN,NaN,NaN,NaN,NaN,NaN,NaN,NaN,NaN,NaN,NaN,NaN,NaN,NaN,NaN,NaN,NaN,NaN,NaN,NaN,NaN,NaN,NaN,NaN,NaN,NaN,NaN,NaN,NaN,NaN,NaN,NaN,NaN,NaN,NaN,NaN,NaN,NaN,NaN,NaN,NaN,NaN,NaN,NaN,NaN,NaN,NaN,NaN,NaN,NaN,NaN,NaN,NaN,NaN,NaN,NaN,NaN,NaN,NaN,NaN,NaN,NaN,NaN,NaN,NaN,NaN,NaN,NaN,NaN,NaN,NaN,NaN,NaN,NaN,NaN,NaN,NaN,NaN,NaN,NaN,NaN,NaN,NaN,NaN,NaN,NaN,NaN,NaN,NaN,NaN,NaN,NaN,NaN,NaN,NaN,NaN,NaN,NaN,NaN,NaN,NaN,NaN,NaN,NaN,NaN,NaN,NaN,NaN,NaN,NaN,NaN,NaN,NaN,NaN,NaN,NaN,NaN,NaN,NaN,NaN,NaN,NaN,NaN,NaN,NaN
0.02813,0.027345,0.026569,0.025802,0.025044,0.024298,0.023563,0.022841,0.022134,0.021442,0.020768,0.020113,0.019478,0.018867,0.018281,0.017723,0.017195,0.016701,0.016244,0.015826,0.015451,0.015123,0.014843,0.014616,0.014443,0.014327,0.014268,0.014268,0.014327,0.014443,0.014616,0.014843,0.015123,0.015451,0.015826,0.016244,0.016701,0.017195,0.017723,0.018281,0.018867,0.019478,0.020113,0.020768,0.021442,0.022134,0.022841,0.023563,0.024298,0.025044,0.025802,0.026569,0.027345,0.02813,NaN,NaN,NaN,NaN,NaN,NaN,NaN,NaN,NaN,NaN,NaN,NaN,NaN,NaN,NaN,NaN,NaN,NaN,NaN,NaN,NaN,NaN,NaN,NaN,NaN,NaN,NaN,NaN,NaN,NaN,NaN,NaN,NaN,NaN,NaN,NaN,NaN,NaN,NaN,NaN,NaN,NaN,NaN,NaN,NaN,NaN,NaN,NaN,NaN,NaN,NaN,NaN,NaN,NaN,NaN,NaN,NaN,NaN,NaN,NaN,NaN,NaN,NaN,NaN,NaN,NaN,NaN,NaN,NaN,NaN,NaN,NaN,NaN,NaN,NaN,NaN,NaN,NaN,NaN,NaN,NaN,NaN,NaN,NaN,NaN,NaN,NaN,NaN,NaN,NaN,NaN,NaN,NaN,NaN,NaN,NaN,NaN,NaN,NaN,NaN,NaN,NaN,NaN,NaN,NaN,NaN,NaN,NaN,NaN,NaN,NaN,NaN,NaN,NaN,NaN,NaN,NaN,NaN,NaN,NaN,NaN,NaN,NaN,NaN,NaN,NaN,NaN,NaN,NaN,NaN,NaN,NaN,NaN,NaN,NaN,NaN,NaN,NaN,NaN,NaN,NaN,NaN,NaN,NaN,NaN,NaN,NaN,NaN,NaN,NaN,NaN,NaN,NaN,NaN,NaN,NaN,NaN,NaN,NaN,NaN,NaN,NaN,NaN,NaN,NaN,NaN,NaN,NaN,NaN,NaN,NaN,NaN,NaN,NaN,NaN,NaN,NaN,NaN,NaN,NaN,NaN,NaN,NaN,NaN,NaN,NaN,NaN,NaN,NaN,NaN,NaN,NaN,NaN,NaN,NaN,NaN
0.0285,0.027718,0.026944,0.026179,0.025424,0.024679,0.023946,0.023226,0.022519,0.021828,0.021154,0.020499,0.019864,0.019251,0.018663,0.018102,0.01757,0.017071,0.016606,0.01618,0.015794,0.015453,0.015158,0.014913,0.01472,0.014582,0.0145,0.01451,0.014534,0.014614,0.014751,0.014942,0.015185,0.015478,0.015818,0.016203,0.016628,0.017092,0.017591,0.018122,0.018683,0.019271,0.019884,0.02052,0.021177,0.021852,0.022544,0.023252,0.023974,0.024709,0.025455,0.026212,0.026979,0.027755,0.028539,NaN,NaN,NaN,NaN,NaN,NaN,NaN,NaN,NaN,NaN,NaN,NaN,NaN,NaN,NaN,NaN,NaN,NaN,NaN,NaN,NaN,NaN,NaN,NaN,NaN,NaN,NaN,NaN,NaN,NaN,NaN,NaN,NaN,NaN,NaN,NaN,NaN,NaN,NaN,NaN,NaN,NaN,NaN,NaN,NaN,NaN,NaN,NaN,NaN,NaN,NaN,NaN,NaN,NaN,NaN,NaN,NaN,NaN,NaN,NaN,NaN,NaN,NaN,NaN,NaN,NaN,NaN,NaN,NaN,NaN,NaN,NaN,NaN,NaN,NaN,NaN,NaN,NaN,NaN,NaN,NaN,NaN,NaN,NaN,NaN,NaN,NaN,NaN,NaN,NaN,NaN,NaN,NaN,NaN,NaN,NaN,NaN,NaN,NaN,NaN,NaN,NaN,NaN,NaN,NaN,NaN,NaN,NaN,NaN,NaN,NaN,NaN,NaN,NaN,NaN,NaN,NaN,NaN,NaN,NaN,NaN,NaN,NaN,NaN,NaN,NaN,NaN,NaN,NaN,NaN,NaN,NaN,NaN,NaN,NaN,NaN,NaN,NaN,NaN,NaN,NaN,NaN,NaN,NaN,NaN,NaN,NaN,NaN,NaN,NaN,NaN,NaN,NaN,NaN,NaN,NaN,NaN,NaN,NaN,NaN,NaN,NaN,NaN,NaN,NaN,NaN,NaN,NaN,NaN,NaN,NaN,NaN,NaN,NaN,NaN,NaN,NaN,NaN,NaN,NaN,NaN,NaN,NaN,NaN,NaN,NaN,NaN,NaN,NaN,NaN,NaN,NaN,NaN,NaN,NaN
0.027988,0.027235,0.02649,0.025753,0.025026,0.024308,0.023601,0.022905,0.022223,0.021555,0.020902,0.020266,0.019649,0.019052,0.018478,0.017928,0.017405,0.016912,0.01645,0.016023,0.015634,0.015286,0.01498,0.014721,0.014511,0.014351,0.014243,0.014189,0.014189,0.014243,0.014351,0.014511,0.014721,0.01498,0.015286,0.015634,0.016023,0.01645,0.016912,0.017405,0.017928,0.018478,0.019052,0.019649,0.020266,0.020902,0.021555,0.022223,0.022905,0.023601,0.024308,0.025026,0.025753,0.02649,0.027235,0.027988,NaN,NaN,NaN,NaN,NaN,NaN,NaN,NaN,NaN,NaN,NaN,NaN,NaN,NaN,NaN,NaN,NaN,NaN,NaN,NaN,NaN,NaN,NaN,NaN,NaN,NaN,NaN,NaN,NaN,NaN,NaN,NaN,NaN,NaN,NaN,NaN,NaN,NaN,NaN,NaN,NaN,NaN,NaN,NaN,NaN,NaN,NaN,NaN,NaN,NaN,NaN,NaN,NaN,NaN,NaN,NaN,NaN,NaN,NaN,NaN,NaN,NaN,NaN,NaN,NaN,NaN,NaN,NaN,NaN,NaN,NaN,NaN,NaN,NaN,NaN,NaN,NaN,NaN,NaN,NaN,NaN,NaN,NaN,NaN,NaN,NaN,NaN,NaN,NaN,NaN,NaN,NaN,NaN,NaN,NaN,NaN,NaN,NaN,NaN,NaN,NaN,NaN,NaN,NaN,NaN,NaN,NaN,NaN,NaN,NaN,NaN,NaN,NaN,NaN,NaN,NaN,NaN,NaN,NaN,NaN,NaN,NaN,NaN,NaN,NaN,NaN,NaN,NaN,NaN,NaN,NaN,NaN,NaN,NaN,NaN,NaN,NaN,NaN,NaN,NaN,NaN,NaN,NaN,NaN,NaN,NaN,NaN,NaN,NaN,NaN,NaN,NaN,NaN,NaN,NaN,NaN,NaN,NaN,NaN,NaN,NaN,NaN,NaN,NaN,NaN,NaN,NaN,NaN,NaN,NaN,NaN,NaN,NaN,NaN,NaN,NaN,NaN,NaN,NaN,NaN,NaN,NaN,NaN,NaN,NaN,NaN,NaN,NaN,NaN,NaN,NaN,NaN,NaN,NaN
0.02774,0.026992,0.026253,0.025527,0.024817,0.024124,0.023448,0.022788,0.022142,0.021449,0.020811,0.020189,0.019585,0.018999,0.018435,0.017894,0.017377,0.016888,0.016429,0.016002,0.01561,0.015255,0.014941,0.01467,0.014444,0.014266,0.014137,0.014059,0.014033,0.014058,0.014135,0.014262,0.014439,0.014663,0.014933,0.015246,0.015599,0.015991,0.016417,0.016875,0.017364,0.01788,0.01842,0.018984,0.019569,0.020173,0.020795,0.021432,0.022084,0.022749,0.023427,0.024116,0.024815,0.025523,0.02624,0.026965,0.027697,NaN,NaN,NaN,NaN,NaN,NaN,NaN,NaN,NaN,NaN,NaN,NaN,NaN,NaN,NaN,NaN,NaN,NaN,NaN,NaN,NaN,NaN,NaN,NaN,NaN,NaN,NaN,NaN,NaN,NaN,NaN,NaN,NaN,NaN,NaN,NaN,NaN,NaN,NaN,NaN,NaN,NaN,NaN,NaN,NaN,NaN,NaN,NaN,NaN,NaN,NaN,NaN,NaN,NaN,NaN,NaN,NaN,NaN,NaN,NaN,NaN,NaN,NaN,NaN,NaN,NaN,NaN,NaN,NaN,NaN,NaN,NaN,NaN,NaN,NaN,NaN,NaN,NaN,NaN,NaN,NaN,NaN,NaN,NaN,NaN,NaN,NaN,NaN,NaN,NaN,NaN,NaN,NaN,NaN,NaN,NaN,NaN,NaN,NaN,NaN,NaN,NaN,NaN,NaN,NaN,NaN,NaN,NaN,NaN,NaN,NaN,NaN,NaN,NaN,NaN,NaN,NaN,NaN,NaN,NaN,NaN,NaN,NaN,NaN,NaN,NaN,NaN,NaN,NaN,NaN,NaN,NaN,NaN,NaN,NaN,NaN,NaN,NaN,NaN,NaN,NaN,NaN,NaN,NaN,NaN,NaN,NaN,NaN,NaN,NaN,NaN,NaN,NaN,NaN,NaN,NaN,NaN,NaN,NaN,NaN,NaN,NaN,NaN,NaN,NaN,NaN,NaN,NaN,NaN,NaN,NaN,NaN,NaN,NaN,NaN,NaN,NaN,NaN,NaN,NaN,NaN,NaN,NaN,NaN,NaN,NaN,NaN,NaN,NaN,NaN,NaN,NaN,NaN
0.027387,0.026676,0.025972,0.025275,0.024587,0.023907,0.023237,0.022578,0.02193,0.021295,0.020673,0.020066,0.019476,0.018904,0.018351,0.017819,0.017311,0.016829,0.016374,0.015949,0.015557,0.015199,0.01488,0.0146,0.014363,0.014171,0.014025,0.013927,0.013877,0.013877,0.013927,0.014025,0.014171,0.014363,0.0146,0.01488,0.015199,0.015557,0.015949,0.016374,0.016829,0.017311,0.017819,0.018351,0.018904,0.019476,0.020066,0.020673,0.021295,0.02193,0.022578,0.023237,0.023907,0.024587,0.025275,0.025972,0.026676,0.027387,NaN,NaN,NaN,NaN,NaN,NaN,NaN,NaN,NaN,NaN,NaN,NaN,NaN,NaN,NaN,NaN,NaN,NaN,NaN,NaN,NaN,NaN,NaN,NaN,NaN,NaN,NaN,NaN,NaN,NaN,NaN,NaN,NaN,NaN,NaN,NaN,NaN,NaN,NaN,NaN,NaN,NaN,NaN,NaN,NaN,NaN,NaN,NaN,NaN,NaN,NaN,NaN,NaN,NaN,NaN,NaN,NaN,NaN,NaN,NaN,NaN,NaN,NaN,NaN,NaN,NaN,NaN,NaN,NaN,NaN,NaN,NaN,NaN,NaN,NaN,NaN,NaN,NaN,NaN,NaN,NaN,NaN,NaN,NaN,NaN,NaN,NaN,NaN,NaN,NaN,NaN,NaN,NaN,NaN,NaN,NaN,NaN,NaN,NaN,NaN,NaN,NaN,NaN,NaN,NaN,NaN,NaN,NaN,NaN,NaN,NaN,NaN,NaN,NaN,NaN,NaN,NaN,NaN,NaN,NaN,NaN,NaN,NaN,NaN,NaN,NaN,NaN,NaN,NaN,NaN,NaN,NaN,NaN,NaN,NaN,NaN,NaN,NaN,NaN,NaN,NaN,NaN,NaN,NaN,NaN,NaN,NaN,NaN,NaN,NaN,NaN,NaN,NaN,NaN,NaN,NaN,NaN,NaN,NaN,NaN,NaN,NaN,NaN,NaN,NaN,NaN,NaN,NaN,NaN,NaN,NaN,NaN,NaN,NaN,NaN,NaN,NaN,NaN,NaN,NaN,NaN,NaN,NaN,NaN,NaN,NaN,NaN,NaN,NaN,NaN,NaN,NaN
0.027101,0.026409,0.025724,0.025046,0.024376,0.023714,0.023062,0.022419,0.021788,0.021168,0.020561,0.019968,0.019391,0.01883,0.018288,0.017765,0.017265,0.016788,0.016337,0.015914,0.015522,0.015162,0.014837,0.01455,0.014302,0.014097,0.013934,0.013817,0.013747,0.013723,0.013747,0.013817,0.013934,0.014097,0.014302,0.01455,0.014837,0.015162,0.015522,0.015914,0.016337,0.016788,0.017265,0.017765,0.018288,0.01883,0.019391,0.019968,0.020561,0.021168,0.021788,0.022419,0.023062,0.023714,0.024376,0.025046,0.025724,0.026409,0.027101,NaN,NaN,NaN,NaN,NaN,NaN,NaN,NaN,NaN,NaN,NaN,NaN,NaN,NaN,NaN,NaN,NaN,NaN,NaN,NaN,NaN,NaN,NaN,NaN,NaN,NaN,NaN,NaN,NaN,NaN,NaN,NaN,NaN,NaN,NaN,NaN,NaN,NaN,NaN,NaN,NaN,NaN,NaN,NaN,NaN,NaN,NaN,NaN,NaN,NaN,NaN,NaN,NaN,NaN,NaN,NaN,NaN,NaN,NaN,NaN,NaN,NaN,NaN,NaN,NaN,NaN,NaN,NaN,NaN,NaN,NaN,NaN,NaN,NaN,NaN,NaN,NaN,NaN,NaN,NaN,NaN,NaN,NaN,NaN,NaN,NaN,NaN,NaN,NaN,NaN,NaN,NaN,NaN,NaN,NaN,NaN,NaN,NaN,NaN,NaN,NaN,NaN,NaN,NaN,NaN,NaN,NaN,NaN,NaN,NaN,NaN,NaN,NaN,NaN,NaN,NaN,NaN,NaN,NaN,NaN,NaN,NaN,NaN,NaN,NaN,NaN,NaN,NaN,NaN,NaN,NaN,NaN,NaN,NaN,NaN,NaN,NaN,NaN,NaN,NaN,NaN,NaN,NaN,NaN,NaN,NaN,NaN,NaN,NaN,NaN,NaN,NaN,NaN,NaN,NaN,NaN,NaN,NaN,NaN,NaN,NaN,NaN,NaN,NaN,NaN,NaN,NaN,NaN,NaN,NaN,NaN,NaN,NaN,NaN,NaN,NaN,NaN,NaN,NaN,NaN,NaN,NaN,NaN,NaN,NaN,NaN,NaN,NaN,NaN,NaN,NaN
0.026879,0.026204,0.025536,0.024875,0.024221,0.023575,0.022938,0.02231,0.021693,0.021086,0.020492,0.019912,0.019346,0.018795,0.018262,0.017748,0.017254,0.016782,0.016335,0.015914,0.015521,0.015158,0.014829,0.014535,0.014278,0.01406,0.013883,0.013749,0.013659,0.013613,0.013613,0.013659,0.013749,0.013883,0.01406,0.014278,0.014535,0.014829,0.015158,0.015521,0.015914,0.016335,0.016782,0.017254,0.017748,0.018262,0.018795,0.019346,0.019912,0.020492,0.021086,0.021693,0.02231,0.022938,0.023575,0.024221,0.024875,0.025536,0.026204,0.026879,NaN,NaN,NaN,NaN,NaN,NaN,NaN,NaN,NaN,NaN,NaN,NaN,NaN,NaN,NaN,NaN,NaN,NaN,NaN,NaN,NaN,NaN,NaN,NaN,NaN,NaN,NaN,NaN,NaN,NaN,NaN,NaN,NaN,NaN,NaN,NaN,NaN,NaN,NaN,NaN,NaN,NaN,NaN,NaN,NaN,NaN,NaN,NaN,NaN,NaN,NaN,NaN,NaN,NaN,NaN,NaN,NaN,NaN,NaN,NaN,NaN,NaN,NaN,NaN,NaN,NaN,NaN,NaN,NaN,NaN,NaN,NaN,NaN,NaN,NaN,NaN,NaN,NaN,NaN,NaN,NaN,NaN,NaN,NaN,NaN,NaN,NaN,NaN,NaN,NaN,NaN,NaN,NaN,NaN,NaN,NaN,NaN,NaN,NaN,NaN,NaN,NaN,NaN,NaN,NaN,NaN,NaN,NaN,NaN,NaN,NaN,NaN,NaN,NaN,NaN,NaN,NaN,NaN,NaN,NaN,NaN,NaN,NaN,NaN,NaN,NaN,NaN,NaN,NaN,NaN,NaN,NaN,NaN,NaN,NaN,NaN,NaN,NaN,NaN,NaN,NaN,NaN,NaN,NaN,NaN,NaN,NaN,NaN,NaN,NaN,NaN,NaN,NaN,NaN,NaN,NaN,NaN,NaN,NaN,NaN,NaN,NaN,NaN,NaN,NaN,NaN,NaN,NaN,NaN,NaN,NaN,NaN,NaN,NaN,NaN,NaN,NaN,NaN,NaN,NaN,NaN,NaN,NaN,NaN,NaN,NaN,NaN,NaN,NaN,NaN
0.026607,0.02595,0.0253,0.024656,0.024018,0.023389,0.022768,0.022156,0.021553,0.020962,0.020381,0.019814,0.01926,0.018721,0.018198,0.017692,0.017206,0.016741,0.016298,0.01588,0.015488,0.015125,0.014793,0.014493,0.014228,0.014,0.013811,0.013662,0.013554,0.013489,0.013468,0.013489,0.013554,0.013662,0.013811,0.014,0.014228,0.014493,0.014793,0.015125,0.015488,0.01588,0.016298,0.016741,0.017206,0.017692,0.018198,0.018721,0.01926,0.019814,0.020381,0.020962,0.021553,0.022156,0.022768,0.023389,0.024018,0.024656,0.0253,0.02595,0.026607,NaN,NaN,NaN,NaN,NaN,NaN,NaN,NaN,NaN,NaN,NaN,NaN,NaN,NaN,NaN,NaN,NaN,NaN,NaN,NaN,NaN,NaN,NaN,NaN,NaN,NaN,NaN,NaN,NaN,NaN,NaN,NaN,NaN,NaN,NaN,NaN,NaN,NaN,NaN,NaN,NaN,NaN,NaN,NaN,NaN,NaN,NaN,NaN,NaN,NaN,NaN,NaN,NaN,NaN,NaN,NaN,NaN,NaN,NaN,NaN,NaN,NaN,NaN,NaN,NaN,NaN,NaN,NaN,NaN,NaN,NaN,NaN,NaN,NaN,NaN,NaN,NaN,NaN,NaN,NaN,NaN,NaN,NaN,NaN,NaN,NaN,NaN,NaN,NaN,NaN,NaN,NaN,NaN,NaN,NaN,NaN,NaN,NaN,NaN,NaN,NaN,NaN,NaN,NaN,NaN,NaN,NaN,NaN,NaN,NaN,NaN,NaN,NaN,NaN,NaN,NaN,NaN,NaN,NaN,NaN,NaN,NaN,NaN,NaN,NaN,NaN,NaN,NaN,NaN,NaN,NaN,NaN,NaN,NaN,NaN,NaN,NaN,NaN,NaN,NaN,NaN,NaN,NaN,NaN,NaN,NaN,NaN,NaN,NaN,NaN,NaN,NaN,NaN,NaN,NaN,NaN,NaN,NaN,NaN,NaN,NaN,NaN,NaN,NaN,NaN,NaN,NaN,NaN,NaN,NaN,NaN,NaN,NaN,NaN,NaN,NaN,NaN,NaN,NaN,NaN,NaN,NaN,NaN,NaN,NaN,NaN,NaN,NaN,NaN
0.026343,0.025703,0.025069,0.024442,0.023821,0.023207,0.022601,0.022004,0.021416,0.020839,0.020272,0.019716,0.019174,0.018646,0.018133,0.017636,0.017158,0.016699,0.016261,0.015847,0.015456,0.015093,0.014759,0.014455,0.014183,0.013947,0.013746,0.013584,0.013461,0.013378,0.013336,0.013336,0.013378,0.013461,0.013584,0.013746,0.013947,0.014183,0.014455,0.014759,0.015093,0.015456,0.015847,0.016261,0.016699,0.017158,0.017636,0.018133,0.018646,0.019174,0.019716,0.020272,0.020839,0.021416,0.022004,0.022601,0.023207,0.023821,0.024442,0.025069,0.025703,0.026343,NaN,NaN,NaN,NaN,NaN,NaN,NaN,NaN,NaN,NaN,NaN,NaN,NaN,NaN,NaN,NaN,NaN,NaN,NaN,NaN,NaN,NaN,NaN,NaN,NaN,NaN,NaN,NaN,NaN,NaN,NaN,NaN,NaN,NaN,NaN,NaN,NaN,NaN,NaN,NaN,NaN,NaN,NaN,NaN,NaN,NaN,NaN,NaN,NaN,NaN,NaN,NaN,NaN,NaN,NaN,NaN,NaN,NaN,NaN,NaN,NaN,NaN,NaN,NaN,NaN,NaN,NaN,NaN,NaN,NaN,NaN,NaN,NaN,NaN,NaN,NaN,NaN,NaN,NaN,NaN,NaN,NaN,NaN,NaN,NaN,NaN,NaN,NaN,NaN,NaN,NaN,NaN,NaN,NaN,NaN,NaN,NaN,NaN,NaN,NaN,NaN,NaN,NaN,NaN,NaN,NaN,NaN,NaN,NaN,NaN,NaN,NaN,NaN,NaN,NaN,NaN,NaN,NaN,NaN,NaN,NaN,NaN,NaN,NaN,NaN,NaN,NaN,NaN,NaN,NaN,NaN,NaN,NaN,NaN,NaN,NaN,NaN,NaN,NaN,NaN,NaN,NaN,NaN,NaN,NaN,NaN,NaN,NaN,NaN,NaN,NaN,NaN,NaN,NaN,NaN,NaN,NaN,NaN,NaN,NaN,NaN,NaN,NaN,NaN,NaN,NaN,NaN,NaN,NaN,NaN,NaN,NaN,NaN,NaN,NaN,NaN,NaN,NaN,NaN,NaN,NaN,NaN,NaN,NaN,NaN,NaN,NaN,NaN
0.025929,0.025309,0.024695,0.024087,0.023485,0.022891,0.022303,0.021724,0.021153,0.020592,0.020041,0.019502,0.018974,0.01846,0.017959,0.017475,0.017007,0.016557,0.016127,0.015718,0.015333,0.014972,0.014638,0.014333,0.014058,0.013815,0.013606,0.013433,0.013297,0.013198,0.013139,0.013119,0.013139,0.013198,0.013297,0.013433,0.013606,0.013815,0.014058,0.014333,0.014638,0.014972,0.015333,0.015718,0.016127,0.016557,0.017007,0.017475,0.017959,0.01846,0.018974,0.019502,0.020041,0.020592,0.021153,0.021724,0.022303,0.022891,0.023485,0.024087,0.024695,0.025309,0.025929,NaN,NaN,NaN,NaN,NaN,NaN,NaN,NaN,NaN,NaN,NaN,NaN,NaN,NaN,NaN,NaN,NaN,NaN,NaN,NaN,NaN,NaN,NaN,NaN,NaN,NaN,NaN,NaN,NaN,NaN,NaN,NaN,NaN,NaN,NaN,NaN,NaN,NaN,NaN,NaN,NaN,NaN,NaN,NaN,NaN,NaN,NaN,NaN,NaN,NaN,NaN,NaN,NaN,NaN,NaN,NaN,NaN,NaN,NaN,NaN,NaN,NaN,NaN,NaN,NaN,NaN,NaN,NaN,NaN,NaN,NaN,NaN,NaN,NaN,NaN,NaN,NaN,NaN,NaN,NaN,NaN,NaN,NaN,NaN,NaN,NaN,NaN,NaN,NaN,NaN,NaN,NaN,NaN,NaN,NaN,NaN,NaN,NaN,NaN,NaN,NaN,NaN,NaN,NaN,NaN,NaN,NaN,NaN,NaN,NaN,NaN,NaN,NaN,NaN,NaN,NaN,NaN,NaN,NaN,NaN,NaN,NaN,NaN,NaN,NaN,NaN,NaN,NaN,NaN,NaN,NaN,NaN,NaN,NaN,NaN,NaN,NaN,NaN,NaN,NaN,NaN,NaN,NaN,NaN,NaN,NaN,NaN,NaN,NaN,NaN,NaN,NaN,NaN,NaN,NaN,NaN,NaN,NaN,NaN,NaN,NaN,NaN,NaN,NaN,NaN,NaN,NaN,NaN,NaN,NaN,NaN,NaN,NaN,NaN,NaN,NaN,NaN,NaN,NaN,NaN,NaN,NaN,NaN,NaN,NaN,NaN,NaN
0.025521,0.02492,0.024325,0.023736,0.023153,0.022576,0.022006,0.021444,0.02089,0.020345,0.01981,0.019286,0.018772,0.018271,0.017783,0.01731,0.016853,0.016412,0.01599,0.015588,0.015207,0.01485,0.014517,0.014211,0.013934,0.013686,0.01347,0.013288,0.01314,0.013028,0.012953,0.012915,0.012915,0.012953,0.013028,0.01314,0.013288,0.01347,0.013686,0.013934,0.014211,0.014517,0.01485,0.015207,0.015588,0.01599,0.016412,0.016853,0.01731,0.017783,0.018271,0.018772,0.019286,0.01981,0.020345,0.02089,0.021444,0.022006,0.022576,0.023153,0.023736,0.024325,0.02492,0.025521,NaN,NaN,NaN,NaN,NaN,NaN,NaN,NaN,NaN,NaN,NaN,NaN,NaN,NaN,NaN,NaN,NaN,NaN,NaN,NaN,NaN,NaN,NaN,NaN,NaN,NaN,NaN,NaN,NaN,NaN,NaN,NaN,NaN,NaN,NaN,NaN,NaN,NaN,NaN,NaN,NaN,NaN,NaN,NaN,NaN,NaN,NaN,NaN,NaN,NaN,NaN,NaN,NaN,NaN,NaN,NaN,NaN,NaN,NaN,NaN,NaN,NaN,NaN,NaN,NaN,NaN,NaN,NaN,NaN,NaN,NaN,NaN,NaN,NaN,NaN,NaN,NaN,NaN,NaN,NaN,NaN,NaN,NaN,NaN,NaN,NaN,NaN,NaN,NaN,NaN,NaN,NaN,NaN,NaN,NaN,NaN,NaN,NaN,NaN,NaN,NaN,NaN,NaN,NaN,NaN,NaN,NaN,NaN,NaN,NaN,NaN,NaN,NaN,NaN,NaN,NaN,NaN,NaN,NaN,NaN,NaN,NaN,NaN,NaN,NaN,NaN,NaN,NaN,NaN,NaN,NaN,NaN,NaN,NaN,NaN,NaN,NaN,NaN,NaN,NaN,NaN,NaN,NaN,NaN,NaN,NaN,NaN,NaN,NaN,NaN,NaN,NaN,NaN,NaN,NaN,NaN,NaN,NaN,NaN,NaN,NaN,NaN,NaN,NaN,NaN,NaN,NaN,NaN,NaN,NaN,NaN,NaN,NaN,NaN,NaN,NaN,NaN,NaN,NaN,NaN,NaN,NaN,NaN,NaN,NaN,NaN
0.025847,0.025242,0.024643,0.02405,0.023463,0.022885,0.022315,0.021754,0.021204,0.020664,0.020135,0.019618,0.019113,0.01862,0.01814,0.017647,0.017186,0.016742,0.016316,0.015908,0.015522,0.015157,0.014816,0.014501,0.014213,0.013953,0.013725,0.013528,0.013365,0.013236,0.013143,0.013087,0.013067,0.013085,0.013139,0.01323,0.013357,0.013519,0.013714,0.013941,0.014199,0.014485,0.014799,0.015139,0.015502,0.015888,0.016295,0.01672,0.017164,0.017624,0.018098,0.018587,0.019089,0.019603,0.020128,0.020663,0.021207,0.02176,0.022322,0.02289,0.023466,0.024048,0.024636,0.025229,0.025828,NaN,NaN,NaN,NaN,NaN,NaN,NaN,NaN,NaN,NaN,NaN,NaN,NaN,NaN,NaN,NaN,NaN,NaN,NaN,NaN,NaN,NaN,NaN,NaN,NaN,NaN,NaN,NaN,NaN,NaN,NaN,NaN,NaN,NaN,NaN,NaN,NaN,NaN,NaN,NaN,NaN,NaN,NaN,NaN,NaN,NaN,NaN,NaN,NaN,NaN,NaN,NaN,NaN,NaN,NaN,NaN,NaN,NaN,NaN,NaN,NaN,NaN,NaN,NaN,NaN,NaN,NaN,NaN,NaN,NaN,NaN,NaN,NaN,NaN,NaN,NaN,NaN,NaN,NaN,NaN,NaN,NaN,NaN,NaN,NaN,NaN,NaN,NaN,NaN,NaN,NaN,NaN,NaN,NaN,NaN,NaN,NaN,NaN,NaN,NaN,NaN,NaN,NaN,NaN,NaN,NaN,NaN,NaN,NaN,NaN,NaN,NaN,NaN,NaN,NaN,NaN,NaN,NaN,NaN,NaN,NaN,NaN,NaN,NaN,NaN,NaN,NaN,NaN,NaN,NaN,NaN,NaN,NaN,NaN,NaN,NaN,NaN,NaN,NaN,NaN,NaN,NaN,NaN,NaN,NaN,NaN,NaN,NaN,NaN,NaN,NaN,NaN,NaN,NaN,NaN,NaN,NaN,NaN,NaN,NaN,NaN,NaN,NaN,NaN,NaN,NaN,NaN,NaN,NaN,NaN,NaN,NaN,NaN,NaN,NaN,NaN,NaN,NaN,NaN,NaN,NaN,NaN,NaN,NaN,NaN
0.026559,0.025953,0.025353,0.024757,0.024168,0.023585,0.023009,0.022441,0.02188,0.021328,0.020785,0.020252,0.01973,0.019219,0.018721,0.018237,0.017768,0.017315,0.016879,0.016461,0.016064,0.015688,0.015336,0.015008,0.014707,0.014434,0.014191,0.013979,0.0138,0.013655,0.013546,0.013472,0.013435,0.013435,0.013472,0.013546,0.013655,0.0138,0.013979,0.014191,0.014434,0.014707,0.015008,0.015336,0.015688,0.016064,0.016461,0.016879,0.017315,0.017768,0.018237,0.018721,0.019219,0.01973,0.020252,0.020785,0.021328,0.02188,0.022441,0.023009,0.023585,0.024168,0.024757,0.025353,0.025953,0.026559,NaN,NaN,NaN,NaN,NaN,NaN,NaN,NaN,NaN,NaN,NaN,NaN,NaN,NaN,NaN,NaN,NaN,NaN,NaN,NaN,NaN,NaN,NaN,NaN,NaN,NaN,NaN,NaN,NaN,NaN,NaN,NaN,NaN,NaN,NaN,NaN,NaN,NaN,NaN,NaN,NaN,NaN,NaN,NaN,NaN,NaN,NaN,NaN,NaN,NaN,NaN,NaN,NaN,NaN,NaN,NaN,NaN,NaN,NaN,NaN,NaN,NaN,NaN,NaN,NaN,NaN,NaN,NaN,NaN,NaN,NaN,NaN,NaN,NaN,NaN,NaN,NaN,NaN,NaN,NaN,NaN,NaN,NaN,NaN,NaN,NaN,NaN,NaN,NaN,NaN,NaN,NaN,NaN,NaN,NaN,NaN,NaN,NaN,NaN,NaN,NaN,NaN,NaN,NaN,NaN,NaN,NaN,NaN,NaN,NaN,NaN,NaN,NaN,NaN,NaN,NaN,NaN,NaN,NaN,NaN,NaN,NaN,NaN,NaN,NaN,NaN,NaN,NaN,NaN,NaN,NaN,NaN,NaN,NaN,NaN,NaN,NaN,NaN,NaN,NaN,NaN,NaN,NaN,NaN,NaN,NaN,NaN,NaN,NaN,NaN,NaN,NaN,NaN,NaN,NaN,NaN,NaN,NaN,NaN,NaN,NaN,NaN,NaN,NaN,NaN,NaN,NaN,NaN,NaN,NaN,NaN,NaN,NaN,NaN,NaN,NaN,NaN,NaN,NaN,NaN,NaN,NaN,NaN,NaN
0.026162,0.025574,0.024991,0.024414,0.023842,0.023276,0.022716,0.022164,0.021619,0.021082,0.020554,0.020035,0.019527,0.019029,0.018544,0.018071,0.017612,0.017168,0.01674,0.01633,0.015939,0.015567,0.015218,0.014892,0.01459,0.014315,0.014068,0.01385,0.013663,0.013508,0.013386,0.013298,0.013245,0.013228,0.013245,0.013298,0.013386,0.013508,0.013663,0.01385,0.014068,0.014315,0.01459,0.014892,0.015218,0.015567,0.015939,0.01633,0.01674,0.017168,0.017612,0.018071,0.018544,0.019029,0.019527,0.020035,0.020554,0.021082,0.021619,0.022164,0.022716,0.023276,0.023842,0.024414,0.024991,0.025574,0.026162,NaN,NaN,NaN,NaN,NaN,NaN,NaN,NaN,NaN,NaN,NaN,NaN,NaN,NaN,NaN,NaN,NaN,NaN,NaN,NaN,NaN,NaN,NaN,NaN,NaN,NaN,NaN,NaN,NaN,NaN,NaN,NaN,NaN,NaN,NaN,NaN,NaN,NaN,NaN,NaN,NaN,NaN,NaN,NaN,NaN,NaN,NaN,NaN,NaN,NaN,NaN,NaN,NaN,NaN,NaN,NaN,NaN,NaN,NaN,NaN,NaN,NaN,NaN,NaN,NaN,NaN,NaN,NaN,NaN,NaN,NaN,NaN,NaN,NaN,NaN,NaN,NaN,NaN,NaN,NaN,NaN,NaN,NaN,NaN,NaN,NaN,NaN,NaN,NaN,NaN,NaN,NaN,NaN,NaN,NaN,NaN,NaN,NaN,NaN,NaN,NaN,NaN,NaN,NaN,NaN,NaN,NaN,NaN,NaN,NaN,NaN,NaN,NaN,NaN,NaN,NaN,NaN,NaN,NaN,NaN,NaN,NaN,NaN,NaN,NaN,NaN,NaN,NaN,NaN,NaN,NaN,NaN,NaN,NaN,NaN,NaN,NaN,NaN,NaN,NaN,NaN,NaN,NaN,NaN,NaN,NaN,NaN,NaN,NaN,NaN,NaN,NaN,NaN,NaN,NaN,NaN,NaN,NaN,NaN,NaN,NaN,NaN,NaN,NaN,NaN,NaN,NaN,NaN,NaN,NaN,NaN,NaN,NaN,NaN,NaN,NaN,NaN,NaN,NaN,NaN,NaN,NaN,NaN
0.025952,0.025378,0.024808,0.024243,0.023684,0.02313,0.022583,0.022042,0.021509,0.020983,0.020466,0.019958,0.019459,0.018971,0.018493,0.018029,0.017577,0.017139,0.016717,0.016311,0.015923,0.015554,0.015206,0.014879,0.014575,0.014297,0.014045,0.01382,0.013625,0.01346,0.013326,0.013225,0.013158,0.013124,0.013124,0.013158,0.013225,0.013326,0.01346,0.013625,0.01382,0.014045,0.014297,0.014575,0.014879,0.015206,0.015554,0.015923,0.016311,0.016717,0.017139,0.017577,0.018029,0.018493,0.018971,0.019459,0.019958,0.020466,0.020983,0.021509,0.022042,0.022583,0.02313,0.023684,0.024243,0.024808,0.025378,0.025952,NaN,NaN,NaN,NaN,NaN,NaN,NaN,NaN,NaN,NaN,NaN,NaN,NaN,NaN,NaN,NaN,NaN,NaN,NaN,NaN,NaN,NaN,NaN,NaN,NaN,NaN,NaN,NaN,NaN,NaN,NaN,NaN,NaN,NaN,NaN,NaN,NaN,NaN,NaN,NaN,NaN,NaN,NaN,NaN,NaN,NaN,NaN,NaN,NaN,NaN,NaN,NaN,NaN,NaN,NaN,NaN,NaN,NaN,NaN,NaN,NaN,NaN,NaN,NaN,NaN,NaN,NaN,NaN,NaN,NaN,NaN,NaN,NaN,NaN,NaN,NaN,NaN,NaN,NaN,NaN,NaN,NaN,NaN,NaN,NaN,NaN,NaN,NaN,NaN,NaN,NaN,NaN,NaN,NaN,NaN,NaN,NaN,NaN,NaN,NaN,NaN,NaN,NaN,NaN,NaN,NaN,NaN,NaN,NaN,NaN,NaN,NaN,NaN,NaN,NaN,NaN,NaN,NaN,NaN,NaN,NaN,NaN,NaN,NaN,NaN,NaN,NaN,NaN,NaN,NaN,NaN,NaN,NaN,NaN,NaN,NaN,NaN,NaN,NaN,NaN,NaN,NaN,NaN,NaN,NaN,NaN,NaN,NaN,NaN,NaN,NaN,NaN,NaN,NaN,NaN,NaN,NaN,NaN,NaN,NaN,NaN,NaN,NaN,NaN,NaN,NaN,NaN,NaN,NaN,NaN,NaN,NaN,NaN,NaN,NaN,NaN,NaN,NaN,NaN,NaN,NaN,NaN
0.025579,0.025021,0.024467,0.023919,0.023375,0.022837,0.022305,0.021779,0.02126,0.020749,0.020245,0.01975,0.019264,0.018788,0.018322,0.017868,0.017426,0.016998,0.016584,0.016185,0.015803,0.015439,0.015094,0.014769,0.014467,0.014187,0.013933,0.013704,0.013503,0.01333,0.013187,0.013074,0.012994,0.012945,0.012929,0.012945,0.012994,0.013074,0.013187,0.01333,0.013503,0.013704,0.013933,0.014187,0.014467,0.014769,0.015094,0.015439,0.015803,0.016185,0.016584,0.016998,0.017426,0.017868,0.018322,0.018788,0.019264,0.01975,0.020245,0.020749,0.02126,0.021779,0.022305,0.022837,0.023375,0.023919,0.024467,0.025021,0.025579,NaN,NaN,NaN,NaN,NaN,NaN,NaN,NaN,NaN,NaN,NaN,NaN,NaN,NaN,NaN,NaN,NaN,NaN,NaN,NaN,NaN,NaN,NaN,NaN,NaN,NaN,NaN,NaN,NaN,NaN,NaN,NaN,NaN,NaN,NaN,NaN,NaN,NaN,NaN,NaN,NaN,NaN,NaN,NaN,NaN,NaN,NaN,NaN,NaN,NaN,NaN,NaN,NaN,NaN,NaN,NaN,NaN,NaN,NaN,NaN,NaN,NaN,NaN,NaN,NaN,NaN,NaN,NaN,NaN,NaN,NaN,NaN,NaN,NaN,NaN,NaN,NaN,NaN,NaN,NaN,NaN,NaN,NaN,NaN,NaN,NaN,NaN,NaN,NaN,NaN,NaN,NaN,NaN,NaN,NaN,NaN,NaN,NaN,NaN,NaN,NaN,NaN,NaN,NaN,NaN,NaN,NaN,NaN,NaN,NaN,NaN,NaN,NaN,NaN,NaN,NaN,NaN,NaN,NaN,NaN,NaN,NaN,NaN,NaN,NaN,NaN,NaN,NaN,NaN,NaN,NaN,NaN,NaN,NaN,NaN,NaN,NaN,NaN,NaN,NaN,NaN,NaN,NaN,NaN,NaN,NaN,NaN,NaN,NaN,NaN,NaN,NaN,NaN,NaN,NaN,NaN,NaN,NaN,NaN,NaN,NaN,NaN,NaN,NaN,NaN,NaN,NaN,NaN,NaN,NaN,NaN,NaN,NaN,NaN,NaN,NaN,NaN,NaN,NaN,NaN,NaN
0.025436,0.024889,0.024346,0.023808,0.023276,0.022748,0.022226,0.02171,0.021201,0.020698,0.020204,0.019717,0.019239,0.01877,0.018312,0.017865,0.017429,0.017006,0.016596,0.016201,0.015822,0.01546,0.015115,0.014791,0.014487,0.014204,0.013946,0.013711,0.013503,0.013322,0.013169,0.013046,0.012952,0.01289,0.012858,0.012858,0.01289,0.012952,0.013046,0.013169,0.013322,0.013503,0.013711,0.013946,0.014204,0.014487,0.014791,0.015115,0.01546,0.015822,0.016201,0.016596,0.017006,0.017429,0.017865,0.018312,0.01877,0.019239,0.019717,0.020204,0.020698,0.021201,0.02171,0.022226,0.022748,0.023276,0.023808,0.024346,0.024889,0.025436,NaN,NaN,NaN,NaN,NaN,NaN,NaN,NaN,NaN,NaN,NaN,NaN,NaN,NaN,NaN,NaN,NaN,NaN,NaN,NaN,NaN,NaN,NaN,NaN,NaN,NaN,NaN,NaN,NaN,NaN,NaN,NaN,NaN,NaN,NaN,NaN,NaN,NaN,NaN,NaN,NaN,NaN,NaN,NaN,NaN,NaN,NaN,NaN,NaN,NaN,NaN,NaN,NaN,NaN,NaN,NaN,NaN,NaN,NaN,NaN,NaN,NaN,NaN,NaN,NaN,NaN,NaN,NaN,NaN,NaN,NaN,NaN,NaN,NaN,NaN,NaN,NaN,NaN,NaN,NaN,NaN,NaN,NaN,NaN,NaN,NaN,NaN,NaN,NaN,NaN,NaN,NaN,NaN,NaN,NaN,NaN,NaN,NaN,NaN,NaN,NaN,NaN,NaN,NaN,NaN,NaN,NaN,NaN,NaN,NaN,NaN,NaN,NaN,NaN,NaN,NaN,NaN,NaN,NaN,NaN,NaN,NaN,NaN,NaN,NaN,NaN,NaN,NaN,NaN,NaN,NaN,NaN,NaN,NaN,NaN,NaN,NaN,NaN,NaN,NaN,NaN,NaN,NaN,NaN,NaN,NaN,NaN,NaN,NaN,NaN,NaN,NaN,NaN,NaN,NaN,NaN,NaN,NaN,NaN,NaN,NaN,NaN,NaN,NaN,NaN,NaN,NaN,NaN,NaN,NaN,NaN,NaN,NaN,NaN,NaN,NaN,NaN,NaN,NaN,NaN
0.025383,0.024845,0.024311,0.023782,0.023257,0.022738,0.022224,0.021715,0.021214,0.020719,0.020231,0.019751,0.019279,0.018817,0.018364,0.017921,0.01749,0.01707,0.016664,0.016272,0.015894,0.015533,0.015188,0.014863,0.014556,0.014271,0.014008,0.013768,0.013553,0.013364,0.013202,0.013068,0.012962,0.012887,0.012841,0.012826,0.012841,0.012887,0.012962,0.013068,0.013202,0.013364,0.013553,0.013768,0.014008,0.014271,0.014556,0.014863,0.015188,0.015533,0.015894,0.016272,0.016664,0.01707,0.01749,0.017921,0.018364,0.018817,0.019279,0.019751,0.020231,0.020719,0.021214,0.021715,0.022224,0.022738,0.023257,0.023782,0.024311,0.024845,0.025383,NaN,NaN,NaN,NaN,NaN,NaN,NaN,NaN,NaN,NaN,NaN,NaN,NaN,NaN,NaN,NaN,NaN,NaN,NaN,NaN,NaN,NaN,NaN,NaN,NaN,NaN,NaN,NaN,NaN,NaN,NaN,NaN,NaN,NaN,NaN,NaN,NaN,NaN,NaN,NaN,NaN,NaN,NaN,NaN,NaN,NaN,NaN,NaN,NaN,NaN,NaN,NaN,NaN,NaN,NaN,NaN,NaN,NaN,NaN,NaN,NaN,NaN,NaN,NaN,NaN,NaN,NaN,NaN,NaN,NaN,NaN,NaN,NaN,NaN,NaN,NaN,NaN,NaN,NaN,NaN,NaN,NaN,NaN,NaN,NaN,NaN,NaN,NaN,NaN,NaN,NaN,NaN,NaN,NaN,NaN,NaN,NaN,NaN,NaN,NaN,NaN,NaN,NaN,NaN,NaN,NaN,NaN,NaN,NaN,NaN,NaN,NaN,NaN,NaN,NaN,NaN,NaN,NaN,NaN,NaN,NaN,NaN,NaN,NaN,NaN,NaN,NaN,NaN,NaN,NaN,NaN,NaN,NaN,NaN,NaN,NaN,NaN,NaN,NaN,NaN,NaN,NaN,NaN,NaN,NaN,NaN,NaN,NaN,NaN,NaN,NaN,NaN,NaN,NaN,NaN,NaN,NaN,NaN,NaN,NaN,NaN,NaN,NaN,NaN,NaN,NaN,NaN,NaN,NaN,NaN,NaN,NaN,NaN,NaN,NaN,NaN,NaN,NaN,NaN
0.025583,0.025048,0.024517,0.023991,0.02347,0.022953,0.022442,0.021936,0.021437,0.020944,0.020458,0.01998,0.01951,0.019049,0.018597,0.018155,0.017723,0.017304,0.016897,0.016503,0.016124,0.01576,0.015412,0.015083,0.014772,0.014481,0.014211,0.013964,0.013741,0.013542,0.01337,0.013224,0.013107,0.013018,0.012958,0.012929,0.012929,0.012958,0.013018,0.013107,0.013224,0.01337,0.013542,0.013741,0.013964,0.014211,0.014481,0.014772,0.015083,0.015412,0.01576,0.016124,0.016503,0.016897,0.017304,0.017723,0.018155,0.018597,0.019049,0.01951,0.01998,0.020458,0.020944,0.021437,0.021936,0.022442,0.022953,0.02347,0.023991,0.024517,0.025048,0.025583,NaN,NaN,NaN,NaN,NaN,NaN,NaN,NaN,NaN,NaN,NaN,NaN,NaN,NaN,NaN,NaN,NaN,NaN,NaN,NaN,NaN,NaN,NaN,NaN,NaN,NaN,NaN,NaN,NaN,NaN,NaN,NaN,NaN,NaN,NaN,NaN,NaN,NaN,NaN,NaN,NaN,NaN,NaN,NaN,NaN,NaN,NaN,NaN,NaN,NaN,NaN,NaN,NaN,NaN,NaN,NaN,NaN,NaN,NaN,NaN,NaN,NaN,NaN,NaN,NaN,NaN,NaN,NaN,NaN,NaN,NaN,NaN,NaN,NaN,NaN,NaN,NaN,NaN,NaN,NaN,NaN,NaN,NaN,NaN,NaN,NaN,NaN,NaN,NaN,NaN,NaN,NaN,NaN,NaN,NaN,NaN,NaN,NaN,NaN,NaN,NaN,NaN,NaN,NaN,NaN,NaN,NaN,NaN,NaN,NaN,NaN,NaN,NaN,NaN,NaN,NaN,NaN,NaN,NaN,NaN,NaN,NaN,NaN,NaN,NaN,NaN,NaN,NaN,NaN,NaN,NaN,NaN,NaN,NaN,NaN,NaN,NaN,NaN,NaN,NaN,NaN,NaN,NaN,NaN,NaN,NaN,NaN,NaN,NaN,NaN,NaN,NaN,NaN,NaN,NaN,NaN,NaN,NaN,NaN,NaN,NaN,NaN,NaN,NaN,NaN,NaN,NaN,NaN,NaN,NaN,NaN,NaN,NaN,NaN,NaN,NaN,NaN,NaN
0.025336,0.024814,0.024295,0.023781,0.023271,0.022767,0.022267,0.021773,0.021284,0.020802,0.020327,0.019859,0.019398,0.018946,0.018503,0.018069,0.017645,0.017233,0.016832,0.016444,0.01607,0.01571,0.015366,0.015038,0.014728,0.014437,0.014166,0.013917,0.01369,0.013486,0.013307,0.013154,0.013027,0.012927,0.012856,0.012813,0.012798,0.012813,0.012856,0.012927,0.013027,0.013154,0.013307,0.013486,0.01369,0.013917,0.014166,0.014437,0.014728,0.015038,0.015366,0.01571,0.01607,0.016444,0.016832,0.017233,0.017645,0.018069,0.018503,0.018946,0.019398,0.019859,0.020327,0.020802,0.021284,0.021773,0.022267,0.022767,0.023271,0.023781,0.024295,0.024814,0.025336,NaN,NaN,NaN,NaN,NaN,NaN,NaN,NaN,NaN,NaN,NaN,NaN,NaN,NaN,NaN,NaN,NaN,NaN,NaN,NaN,NaN,NaN,NaN,NaN,NaN,NaN,NaN,NaN,NaN,NaN,NaN,NaN,NaN,NaN,NaN,NaN,NaN,NaN,NaN,NaN,NaN,NaN,NaN,NaN,NaN,NaN,NaN,NaN,NaN,NaN,NaN,NaN,NaN,NaN,NaN,NaN,NaN,NaN,NaN,NaN,NaN,NaN,NaN,NaN,NaN,NaN,NaN,NaN,NaN,NaN,NaN,NaN,NaN,NaN,NaN,NaN,NaN,NaN,NaN,NaN,NaN,NaN,NaN,NaN,NaN,NaN,NaN,NaN,NaN,NaN,NaN,NaN,NaN,NaN,NaN,NaN,NaN,NaN,NaN,NaN,NaN,NaN,NaN,NaN,NaN,NaN,NaN,NaN,NaN,NaN,NaN,NaN,NaN,NaN,NaN,NaN,NaN,NaN,NaN,NaN,NaN,NaN,NaN,NaN,NaN,NaN,NaN,NaN,NaN,NaN,NaN,NaN,NaN,NaN,NaN,NaN,NaN,NaN,NaN,NaN,NaN,NaN,NaN,NaN,NaN,NaN,NaN,NaN,NaN,NaN,NaN,NaN,NaN,NaN,NaN,NaN,NaN,NaN,NaN,NaN,NaN,NaN,NaN,NaN,NaN,NaN,NaN,NaN,NaN,NaN,NaN,NaN,NaN,NaN,NaN,NaN,NaN
0.025144,0.024632,0.024125,0.023621,0.023122,0.022628,0.022138,0.021654,0.021175,0.020703,0.020236,0.019777,0.019325,0.018881,0.018445,0.018019,0.017602,0.017196,0.0168,0.016417,0.016047,0.015691,0.015349,0.015023,0.014714,0.014423,0.014151,0.013899,0.013668,0.01346,0.013274,0.013114,0.012978,0.012869,0.012786,0.012731,0.012703,0.012703,0.012731,0.012786,0.012869,0.012978,0.013114,0.013274,0.01346,0.013668,0.013899,0.014151,0.014423,0.014714,0.015023,0.015349,0.015691,0.016047,0.016417,0.0168,0.017196,0.017602,0.018019,0.018445,0.018881,0.019325,0.019777,0.020236,0.020703,0.021175,0.021654,0.022138,0.022628,0.023122,0.023621,0.024125,0.024632,0.025144,NaN,NaN,NaN,NaN,NaN,NaN,NaN,NaN,NaN,NaN,NaN,NaN,NaN,NaN,NaN,NaN,NaN,NaN,NaN,NaN,NaN,NaN,NaN,NaN,NaN,NaN,NaN,NaN,NaN,NaN,NaN,NaN,NaN,NaN,NaN,NaN,NaN,NaN,NaN,NaN,NaN,NaN,NaN,NaN,NaN,NaN,NaN,NaN,NaN,NaN,NaN,NaN,NaN,NaN,NaN,NaN,NaN,NaN,NaN,NaN,NaN,NaN,NaN,NaN,NaN,NaN,NaN,NaN,NaN,NaN,NaN,NaN,NaN,NaN,NaN,NaN,NaN,NaN,NaN,NaN,NaN,NaN,NaN,NaN,NaN,NaN,NaN,NaN,NaN,NaN,NaN,NaN,NaN,NaN,NaN,NaN,NaN,NaN,NaN,NaN,NaN,NaN,NaN,NaN,NaN,NaN,NaN,NaN,NaN,NaN,NaN,NaN,NaN,NaN,NaN,NaN,NaN,NaN,NaN,NaN,NaN,NaN,NaN,NaN,NaN,NaN,NaN,NaN,NaN,NaN,NaN,NaN,NaN,NaN,NaN,NaN,NaN,NaN,NaN,NaN,NaN,NaN,NaN,NaN,NaN,NaN,NaN,NaN,NaN,NaN,NaN,NaN,NaN,NaN,NaN,NaN,NaN,NaN,NaN,NaN,NaN,NaN,NaN,NaN,NaN,NaN,NaN,NaN,NaN,NaN,NaN,NaN,NaN,NaN,NaN,NaN
0.024962,0.024461,0.023964,0.023471,0.022981,0.022497,0.022017,0.021542,0.021072,0.020609,0.020151,0.0197,0.019256,0.01882,0.018391,0.017972,0.017561,0.017161,0.016771,0.016393,0.016027,0.015674,0.015335,0.015011,0.014703,0.014412,0.014139,0.013885,0.013651,0.013438,0.013248,0.013081,0.012937,0.012819,0.012726,0.01266,0.01262,0.012607,0.01262,0.012661,0.012728,0.012821,0.01294,0.013083,0.013251,0.013442,0.013655,0.013889,0.014143,0.014417,0.014708,0.015016,0.015341,0.01568,0.016033,0.016399,0.016778,0.017167,0.017568,0.017979,0.018398,0.018827,0.019263,0.019707,0.020158,0.020616,0.02108,0.02155,0.022057,0.022518,0.022987,0.02347,0.023967,0.024477,0.024996,NaN,NaN,NaN,NaN,NaN,NaN,NaN,NaN,NaN,NaN,NaN,NaN,NaN,NaN,NaN,NaN,NaN,NaN,NaN,NaN,NaN,NaN,NaN,NaN,NaN,NaN,NaN,NaN,NaN,NaN,NaN,NaN,NaN,NaN,NaN,NaN,NaN,NaN,NaN,NaN,NaN,NaN,NaN,NaN,NaN,NaN,NaN,NaN,NaN,NaN,NaN,NaN,NaN,NaN,NaN,NaN,NaN,NaN,NaN,NaN,NaN,NaN,NaN,NaN,NaN,NaN,NaN,NaN,NaN,NaN,NaN,NaN,NaN,NaN,NaN,NaN,NaN,NaN,NaN,NaN,NaN,NaN,NaN,NaN,NaN,NaN,NaN,NaN,NaN,NaN,NaN,NaN,NaN,NaN,NaN,NaN,NaN,NaN,NaN,NaN,NaN,NaN,NaN,NaN,NaN,NaN,NaN,NaN,NaN,NaN,NaN,NaN,NaN,NaN,NaN,NaN,NaN,NaN,NaN,NaN,NaN,NaN,NaN,NaN,NaN,NaN,NaN,NaN,NaN,NaN,NaN,NaN,NaN,NaN,NaN,NaN,NaN,NaN,NaN,NaN,NaN,NaN,NaN,NaN,NaN,NaN,NaN,NaN,NaN,NaN,NaN,NaN,NaN,NaN,NaN,NaN,NaN,NaN,NaN,NaN,NaN,NaN,NaN,NaN,NaN,NaN,NaN,NaN,NaN,NaN,NaN,NaN,NaN,NaN,NaN
0.024866,0.024373,0.023884,0.023399,0.022917,0.022441,0.021968,0.021501,0.021039,0.020582,0.020131,0.019687,0.019249,0.018819,0.018396,0.017982,0.017576,0.01718,0.016795,0.01642,0.016057,0.015706,0.015369,0.015046,0.014738,0.014447,0.014172,0.013916,0.013679,0.013462,0.013266,0.013093,0.012942,0.012816,0.012714,0.012637,0.012585,0.01256,0.012561,0.012587,0.01264,0.012718,0.012822,0.01295,0.013101,0.013276,0.013473,0.013691,0.013929,0.014186,0.014461,0.014754,0.015062,0.015386,0.015724,0.016075,0.016439,0.016814,0.0172,0.017596,0.018002,0.018417,0.01884,0.01927,0.019708,0.020153,0.020604,0.021061,0.021524,0.021997,0.022431,0.022878,0.023345,0.023838,0.024351,0.024875,NaN,NaN,NaN,NaN,NaN,NaN,NaN,NaN,NaN,NaN,NaN,NaN,NaN,NaN,NaN,NaN,NaN,NaN,NaN,NaN,NaN,NaN,NaN,NaN,NaN,NaN,NaN,NaN,NaN,NaN,NaN,NaN,NaN,NaN,NaN,NaN,NaN,NaN,NaN,NaN,NaN,NaN,NaN,NaN,NaN,NaN,NaN,NaN,NaN,NaN,NaN,NaN,NaN,NaN,NaN,NaN,NaN,NaN,NaN,NaN,NaN,NaN,NaN,NaN,NaN,NaN,NaN,NaN,NaN,NaN,NaN,NaN,NaN,NaN,NaN,NaN,NaN,NaN,NaN,NaN,NaN,NaN,NaN,NaN,NaN,NaN,NaN,NaN,NaN,NaN,NaN,NaN,NaN,NaN,NaN,NaN,NaN,NaN,NaN,NaN,NaN,NaN,NaN,NaN,NaN,NaN,NaN,NaN,NaN,NaN,NaN,NaN,NaN,NaN,NaN,NaN,NaN,NaN,NaN,NaN,NaN,NaN,NaN,NaN,NaN,NaN,NaN,NaN,NaN,NaN,NaN,NaN,NaN,NaN,NaN,NaN,NaN,NaN,NaN,NaN,NaN,NaN,NaN,NaN,NaN,NaN,NaN,NaN,NaN,NaN,NaN,NaN,NaN,NaN,NaN,NaN,NaN,NaN,NaN,NaN,NaN,NaN,NaN,NaN,NaN,NaN,NaN,NaN,NaN,NaN,NaN,NaN,NaN,NaN
0.025598,0.025097,0.0246,0.024106,0.023617,0.023132,0.022652,0.022176,0.021706,0.021241,0.020782,0.020329,0.019883,0.019445,0.019014,0.018591,0.018177,0.017773,0.017378,0.016995,0.016623,0.016264,0.015917,0.015585,0.015268,0.014966,0.014682,0.014416,0.014168,0.013941,0.013734,0.013549,0.013387,0.013249,0.013134,0.013045,0.012982,0.012944,0.012932,0.012947,0.012987,0.013053,0.013145,0.013262,0.013403,0.013567,0.013755,0.013964,0.014193,0.014443,0.014711,0.014997,0.0153,0.015639,0.015966,0.016307,0.016662,0.017029,0.017407,0.017797,0.018197,0.018607,0.019027,0.019455,0.019892,0.020336,0.020789,0.021248,0.021714,0.022186,0.022723,0.023181,0.023649,0.024133,0.024636,0.025153,0.02568,NaN,NaN,NaN,NaN,NaN,NaN,NaN,NaN,NaN,NaN,NaN,NaN,NaN,NaN,NaN,NaN,NaN,NaN,NaN,NaN,NaN,NaN,NaN,NaN,NaN,NaN,NaN,NaN,NaN,NaN,NaN,NaN,NaN,NaN,NaN,NaN,NaN,NaN,NaN,NaN,NaN,NaN,NaN,NaN,NaN,NaN,NaN,NaN,NaN,NaN,NaN,NaN,NaN,NaN,NaN,NaN,NaN,NaN,NaN,NaN,NaN,NaN,NaN,NaN,NaN,NaN,NaN,NaN,NaN,NaN,NaN,NaN,NaN,NaN,NaN,NaN,NaN,NaN,NaN,NaN,NaN,NaN,NaN,NaN,NaN,NaN,NaN,NaN,NaN,NaN,NaN,NaN,NaN,NaN,NaN,NaN,NaN,NaN,NaN,NaN,NaN,NaN,NaN,NaN,NaN,NaN,NaN,NaN,NaN,NaN,NaN,NaN,NaN,NaN,NaN,NaN,NaN,NaN,NaN,NaN,NaN,NaN,NaN,NaN,NaN,NaN,NaN,NaN,NaN,NaN,NaN,NaN,NaN,NaN,NaN,NaN,NaN,NaN,NaN,NaN,NaN,NaN,NaN,NaN,NaN,NaN,NaN,NaN,NaN,NaN,NaN,NaN,NaN,NaN,NaN,NaN,NaN,NaN,NaN,NaN,NaN,NaN,NaN,NaN,NaN,NaN,NaN,NaN,NaN,NaN,NaN,NaN,NaN
0.025626,0.025129,0.024635,0.024145,0.023658,0.023177,0.022699,0.022227,0.021759,0.021297,0.020841,0.020391,0.019948,0.019512,0.019083,0.018662,0.018251,0.017848,0.017456,0.017074,0.016704,0.016345,0.016,0.015668,0.015352,0.01505,0.014766,0.014499,0.01425,0.014021,0.013813,0.013626,0.013461,0.013318,0.0132,0.013106,0.013037,0.012993,0.012974,0.012982,0.013014,0.013072,0.013155,0.013263,0.013395,0.01355,0.013727,0.013927,0.014146,0.014386,0.014645,0.014922,0.01523,0.015533,0.015872,0.016198,0.016538,0.016926,0.017299,0.017655,0.018022,0.0184,0.01879,0.01919,0.019655,0.020065,0.020514,0.020935,0.021424,0.021876,0.022299,0.022803,0.023246,0.023723,0.024238,0.024789,0.025366,0.025959,NaN,NaN,NaN,NaN,NaN,NaN,NaN,NaN,NaN,NaN,NaN,NaN,NaN,NaN,NaN,NaN,NaN,NaN,NaN,NaN,NaN,NaN,NaN,NaN,NaN,NaN,NaN,NaN,NaN,NaN,NaN,NaN,NaN,NaN,NaN,NaN,NaN,NaN,NaN,NaN,NaN,NaN,NaN,NaN,NaN,NaN,NaN,NaN,NaN,NaN,NaN,NaN,NaN,NaN,NaN,NaN,NaN,NaN,NaN,NaN,NaN,NaN,NaN,NaN,NaN,NaN,NaN,NaN,NaN,NaN,NaN,NaN,NaN,NaN,NaN,NaN,NaN,NaN,NaN,NaN,NaN,NaN,NaN,NaN,NaN,NaN,NaN,NaN,NaN,NaN,NaN,NaN,NaN,NaN,NaN,NaN,NaN,NaN,NaN,NaN,NaN,NaN,NaN,NaN,NaN,NaN,NaN,NaN,NaN,NaN,NaN,NaN,NaN,NaN,NaN,NaN,NaN,NaN,NaN,NaN,NaN,NaN,NaN,NaN,NaN,NaN,NaN,NaN,NaN,NaN,NaN,NaN,NaN,NaN,NaN,NaN,NaN,NaN,NaN,NaN,NaN,NaN,NaN,NaN,NaN,NaN,NaN,NaN,NaN,NaN,NaN,NaN,NaN,NaN,NaN,NaN,NaN,NaN,NaN,NaN,NaN,NaN,NaN,NaN,NaN,NaN,NaN,NaN,NaN,NaN,NaN,NaN
0.025742,0.025238,0.024738,0.024242,0.023751,0.023263,0.02278,0.022302,0.02183,0.021363,0.020903,0.020448,0.020001,0.019562,0.01913,0.018707,0.018293,0.01789,0.017496,0.017114,0.016745,0.016388,0.016045,0.015717,0.015404,0.015108,0.014829,0.014568,0.014327,0.014106,0.013906,0.013728,0.013573,0.01344,0.013332,0.013249,0.01319,0.013156,0.013148,0.013165,0.013208,0.013281,0.013368,0.013479,0.013614,0.013773,0.013953,0.014155,0.014378,0.01462,0.014881,0.01516,0.015492,0.015828,0.016138,0.016439,0.016756,0.01717,0.017475,0.017816,0.018141,0.018511,0.018891,0.019241,0.0197,0.020107,0.020475,0.020892,0.021366,0.022114,0.022456,0.022711,0.022925,0.023259,0.023843,0.024447,0.025202,0.026077,0.027026,NaN,NaN,NaN,NaN,NaN,NaN,NaN,NaN,NaN,NaN,NaN,NaN,NaN,NaN,NaN,NaN,NaN,NaN,NaN,NaN,NaN,NaN,NaN,NaN,NaN,NaN,NaN,NaN,NaN,NaN,NaN,NaN,NaN,NaN,NaN,NaN,NaN,NaN,NaN,NaN,NaN,NaN,NaN,NaN,NaN,NaN,NaN,NaN,NaN,NaN,NaN,NaN,NaN,NaN,NaN,NaN,NaN,NaN,NaN,NaN,NaN,NaN,NaN,NaN,NaN,NaN,NaN,NaN,NaN,NaN,NaN,NaN,NaN,NaN,NaN,NaN,NaN,NaN,NaN,NaN,NaN,NaN,NaN,NaN,NaN,NaN,NaN,NaN,NaN,NaN,NaN,NaN,NaN,NaN,NaN,NaN,NaN,NaN,NaN,NaN,NaN,NaN,NaN,NaN,NaN,NaN,NaN,NaN,NaN,NaN,NaN,NaN,NaN,NaN,NaN,NaN,NaN,NaN,NaN,NaN,NaN,NaN,NaN,NaN,NaN,NaN,NaN,NaN,NaN,NaN,NaN,NaN,NaN,NaN,NaN,NaN,NaN,NaN,NaN,NaN,NaN,NaN,NaN,NaN,NaN,NaN,NaN,NaN,NaN,NaN,NaN,NaN,NaN,NaN,NaN,NaN,NaN,NaN,NaN,NaN,NaN,NaN,NaN,NaN,NaN,NaN,NaN,NaN,NaN,NaN,NaN
0.025377,0.024896,0.024418,0.023944,0.023473,0.023006,0.022544,0.022086,0.021633,0.021185,0.020743,0.020306,0.019875,0.019451,0.019035,0.018625,0.018224,0.017832,0.017448,0.017075,0.016712,0.01636,0.01602,0.015692,0.015379,0.015079,0.014795,0.014527,0.014276,0.014043,0.013828,0.013633,0.013458,0.013305,0.013173,0.013064,0.012978,0.012915,0.012876,0.012861,0.01287,0.012903,0.012961,0.013041,0.013145,0.013272,0.01342,0.01359,0.01378,0.01399,0.014219,0.014465,0.014743,0.015048,0.015327,0.01562,0.015927,0.016247,0.016579,0.01698,0.017353,0.017697,0.018131,0.018479,0.018839,0.019211,0.019594,0.01999,0.020399,0.020901,0.021408,0.021862,0.022254,0.022672,0.023121,0.023609,0.024133,0.024686,0.025258,0.025844,NaN,NaN,NaN,NaN,NaN,NaN,NaN,NaN,NaN,NaN,NaN,NaN,NaN,NaN,NaN,NaN,NaN,NaN,NaN,NaN,NaN,NaN,NaN,NaN,NaN,NaN,NaN,NaN,NaN,NaN,NaN,NaN,NaN,NaN,NaN,NaN,NaN,NaN,NaN,NaN,NaN,NaN,NaN,NaN,NaN,NaN,NaN,NaN,NaN,NaN,NaN,NaN,NaN,NaN,NaN,NaN,NaN,NaN,NaN,NaN,NaN,NaN,NaN,NaN,NaN,NaN,NaN,NaN,NaN,NaN,NaN,NaN,NaN,NaN,NaN,NaN,NaN,NaN,NaN,NaN,NaN,NaN,NaN,NaN,NaN,NaN,NaN,NaN,NaN,NaN,NaN,NaN,NaN,NaN,NaN,NaN,NaN,NaN,NaN,NaN,NaN,NaN,NaN,NaN,NaN,NaN,NaN,NaN,NaN,NaN,NaN,NaN,NaN,NaN,NaN,NaN,NaN,NaN,NaN,NaN,NaN,NaN,NaN,NaN,NaN,NaN,NaN,NaN,NaN,NaN,NaN,NaN,NaN,NaN,NaN,NaN,NaN,NaN,NaN,NaN,NaN,NaN,NaN,NaN,NaN,NaN,NaN,NaN,NaN,NaN,NaN,NaN,NaN,NaN,NaN,NaN,NaN,NaN,NaN,NaN,NaN,NaN,NaN,NaN,NaN,NaN,NaN,NaN,NaN,NaN
0.025623,0.02513,0.02464,0.024154,0.023672,0.023194,0.022721,0.022253,0.021791,0.021334,0.020883,0.020439,0.020002,0.019573,0.019153,0.01874,0.018338,0.017945,0.017563,0.017192,0.016832,0.016485,0.016152,0.015832,0.015527,0.015238,0.014965,0.014763,0.014504,0.014266,0.014052,0.013865,0.013708,0.013579,0.013472,0.013391,0.013269,0.013214,0.013181,0.013173,0.013189,0.013228,0.013291,0.013378,0.013487,0.013619,0.013772,0.013947,0.014142,0.014356,0.01459,0.014856,0.015175,0.015494,0.015735,0.01601,0.016295,0.016586,0.016928,0.017229,0.017542,0.017834,0.018141,0.018542,0.019081,0.01946,0.019749,0.02006,0.02049,0.020955,0.021396,0.021757,0.022094,0.022484,0.022937,0.023456,0.02404,0.024678,0.025356,0.026063,0.026789,NaN,NaN,NaN,NaN,NaN,NaN,NaN,NaN,NaN,NaN,NaN,NaN,NaN,NaN,NaN,NaN,NaN,NaN,NaN,NaN,NaN,NaN,NaN,NaN,NaN,NaN,NaN,NaN,NaN,NaN,NaN,NaN,NaN,NaN,NaN,NaN,NaN,NaN,NaN,NaN,NaN,NaN,NaN,NaN,NaN,NaN,NaN,NaN,NaN,NaN,NaN,NaN,NaN,NaN,NaN,NaN,NaN,NaN,NaN,NaN,NaN,NaN,NaN,NaN,NaN,NaN,NaN,NaN,NaN,NaN,NaN,NaN,NaN,NaN,NaN,NaN,NaN,NaN,NaN,NaN,NaN,NaN,NaN,NaN,NaN,NaN,NaN,NaN,NaN,NaN,NaN,NaN,NaN,NaN,NaN,NaN,NaN,NaN,NaN,NaN,NaN,NaN,NaN,NaN,NaN,NaN,NaN,NaN,NaN,NaN,NaN,NaN,NaN,NaN,NaN,NaN,NaN,NaN,NaN,NaN,NaN,NaN,NaN,NaN,NaN,NaN,NaN,NaN,NaN,NaN,NaN,NaN,NaN,NaN,NaN,NaN,NaN,NaN,NaN,NaN,NaN,NaN,NaN,NaN,NaN,NaN,NaN,NaN,NaN,NaN,NaN,NaN,NaN,NaN,NaN,NaN,NaN,NaN,NaN,NaN,NaN,NaN,NaN,NaN,NaN,NaN,NaN,NaN,NaN
0.02632,0.025769,0.025223,0.024681,0.024145,0.023613,0.023088,0.022569,0.022057,0.021552,0.021055,0.020567,0.020088,0.019619,0.019161,0.018715,0.018282,0.017862,0.017458,0.017069,0.016698,0.016345,0.016011,0.015699,0.015408,0.01514,0.014896,0.014677,0.014484,0.014317,0.014177,0.014065,0.013979,0.013922,0.013892,0.01389,0.013914,0.013965,0.014038,0.014137,0.014262,0.014411,0.014585,0.014782,0.015002,0.015244,0.015506,0.015789,0.016106,0.016421,0.016753,0.017116,0.017638,0.018181,0.01845,0.018666,0.018854,0.019384,0.01965,0.019894,0.020085,0.020163,0.020226,0.020577,0.020893,0.021019,0.021106,0.021321,0.021822,0.022584,0.022838,0.022673,0.022606,0.022803,0.023128,0.023813,0.024745,0.025724,0.026917,0.028295,0.029813,0.031421,NaN,NaN,NaN,NaN,NaN,NaN,NaN,NaN,NaN,NaN,NaN,NaN,NaN,NaN,NaN,NaN,NaN,NaN,NaN,NaN,NaN,NaN,NaN,NaN,NaN,NaN,NaN,NaN,NaN,NaN,NaN,NaN,NaN,NaN,NaN,NaN,NaN,NaN,NaN,NaN,NaN,NaN,NaN,NaN,NaN,NaN,NaN,NaN,NaN,NaN,NaN,NaN,NaN,NaN,NaN,NaN,NaN,NaN,NaN,NaN,NaN,NaN,NaN,NaN,NaN,NaN,NaN,NaN,NaN,NaN,NaN,NaN,NaN,NaN,NaN,NaN,NaN,NaN,NaN,NaN,NaN,NaN,NaN,NaN,NaN,NaN,NaN,NaN,NaN,NaN,NaN,NaN,NaN,NaN,NaN,NaN,NaN,NaN,NaN,NaN,NaN,NaN,NaN,NaN,NaN,NaN,NaN,NaN,NaN,NaN,NaN,NaN,NaN,NaN,NaN,NaN,NaN,NaN,NaN,NaN,NaN,NaN,NaN,NaN,NaN,NaN,NaN,NaN,NaN,NaN,NaN,NaN,NaN,NaN,NaN,NaN,NaN,NaN,NaN,NaN,NaN,NaN,NaN,NaN,NaN,NaN,NaN,NaN,NaN,NaN,NaN,NaN,NaN,NaN,NaN,NaN,NaN,NaN,NaN,NaN,NaN,NaN,NaN,NaN,NaN,NaN,NaN,NaN
0.026701,0.026075,0.025455,0.024841,0.024233,0.023633,0.023041,0.022457,0.021882,0.021318,0.020765,0.020225,0.019698,0.019185,0.018688,0.018208,0.017747,0.017305,0.016885,0.016488,0.016116,0.01577,0.015453,0.015165,0.014909,0.014686,0.014497,0.014406,0.014273,0.014176,0.014116,0.014094,0.014107,0.014157,0.014242,0.014361,0.014514,0.0147,0.014916,0.015162,0.015437,0.01574,0.016068,0.016421,0.016796,0.017194,0.017612,0.018049,0.018517,0.018984,0.019466,0.019987,0.020599,0.021523,0.021898,0.022089,0.02226,0.022863,0.023155,0.023192,0.023083,0.022875,0.0227,0.022589,0.022585,0.022448,0.022068,0.02191,0.02222,0.023291,0.023152,0.022795,0.022443,0.022197,0.022357,0.022972,0.023866,0.025015,0.026529,0.028351,0.030416,0.032654,0.035009,NaN,NaN,NaN,NaN,NaN,NaN,NaN,NaN,NaN,NaN,NaN,NaN,NaN,NaN,NaN,NaN,NaN,NaN,NaN,NaN,NaN,NaN,NaN,NaN,NaN,NaN,NaN,NaN,NaN,NaN,NaN,NaN,NaN,NaN,NaN,NaN,NaN,NaN,NaN,NaN,NaN,NaN,NaN,NaN,NaN,NaN,NaN,NaN,NaN,NaN,NaN,NaN,NaN,NaN,NaN,NaN,NaN,NaN,NaN,NaN,NaN,NaN,NaN,NaN,NaN,NaN,NaN,NaN,NaN,NaN,NaN,NaN,NaN,NaN,NaN,NaN,NaN,NaN,NaN,NaN,NaN,NaN,NaN,NaN,NaN,NaN,NaN,NaN,NaN,NaN,NaN,NaN,NaN,NaN,NaN,NaN,NaN,NaN,NaN,NaN,NaN,NaN,NaN,NaN,NaN,NaN,NaN,NaN,NaN,NaN,NaN,NaN,NaN,NaN,NaN,NaN,NaN,NaN,NaN,NaN,NaN,NaN,NaN,NaN,NaN,NaN,NaN,NaN,NaN,NaN,NaN,NaN,NaN,NaN,NaN,NaN,NaN,NaN,NaN,NaN,NaN,NaN,NaN,NaN,NaN,NaN,NaN,NaN,NaN,NaN,NaN,NaN,NaN,NaN,NaN,NaN,NaN,NaN,NaN,NaN,NaN,NaN,NaN,NaN,NaN,NaN,NaN
0.026413,0.025836,0.025264,0.024697,0.024136,0.023581,0.023032,0.022491,0.021958,0.021434,0.020919,0.020414,0.01992,0.019438,0.018969,0.018514,0.018075,0.017652,0.017246,0.01686,0.016494,0.01615,0.015828,0.015532,0.01526,0.015016,0.014799,0.014732,0.014526,0.014366,0.014264,0.014221,0.014224,0.014098,0.014115,0.01416,0.014229,0.014326,0.01445,0.014601,0.014777,0.014973,0.015193,0.015436,0.0157,0.015986,0.016291,0.016616,0.016959,0.01732,0.017697,0.018101,0.01874,0.019333,0.019556,0.019728,0.01994,0.020478,0.020668,0.020771,0.020802,0.020842,0.020975,0.021152,0.021594,0.021401,0.02135,0.021256,0.021618,0.022194,0.02258,0.022302,0.022227,0.022195,0.022365,0.022844,0.023355,0.024127,0.025148,0.026391,0.027813,0.029372,0.031027,0.032751,NaN,NaN,NaN,NaN,NaN,NaN,NaN,NaN,NaN,NaN,NaN,NaN,NaN,NaN,NaN,NaN,NaN,NaN,NaN,NaN,NaN,NaN,NaN,NaN,NaN,NaN,NaN,NaN,NaN,NaN,NaN,NaN,NaN,NaN,NaN,NaN,NaN,NaN,NaN,NaN,NaN,NaN,NaN,NaN,NaN,NaN,NaN,NaN,NaN,NaN,NaN,NaN,NaN,NaN,NaN,NaN,NaN,NaN,NaN,NaN,NaN,NaN,NaN,NaN,NaN,NaN,NaN,NaN,NaN,NaN,NaN,NaN,NaN,NaN,NaN,NaN,NaN,NaN,NaN,NaN,NaN,NaN,NaN,NaN,NaN,NaN,NaN,NaN,NaN,NaN,NaN,NaN,NaN,NaN,NaN,NaN,NaN,NaN,NaN,NaN,NaN,NaN,NaN,NaN,NaN,NaN,NaN,NaN,NaN,NaN,NaN,NaN,NaN,NaN,NaN,NaN,NaN,NaN,NaN,NaN,NaN,NaN,NaN,NaN,NaN,NaN,NaN,NaN,NaN,NaN,NaN,NaN,NaN,NaN,NaN,NaN,NaN,NaN,NaN,NaN,NaN,NaN,NaN,NaN,NaN,NaN,NaN,NaN,NaN,NaN,NaN,NaN,NaN,NaN,NaN,NaN,NaN,NaN,NaN,NaN,NaN,NaN,NaN,NaN,NaN,NaN
0.026623,0.026005,0.025393,0.024786,0.024186,0.023593,0.023008,0.022431,0.021863,0.021305,0.020758,0.020223,0.0197,0.019192,0.018699,0.018222,0.017764,0.017325,0.016908,0.016513,0.016143,0.015799,0.015484,0.015197,0.014942,0.014719,0.01453,0.014375,0.014255,0.014171,0.014123,0.01411,0.014132,0.014179,0.014257,0.014371,0.014516,0.014692,0.014897,0.015131,0.015391,0.015677,0.015982,0.01631,0.01666,0.017031,0.017421,0.01783,0.018256,0.018698,0.019155,0.019636,0.020345,0.021016,0.021365,0.021443,0.021572,0.022029,0.022222,0.02213,0.022108,0.022087,0.021983,0.021901,0.022202,0.022307,0.022007,0.021754,0.022285,0.023144,0.023006,0.022523,0.022036,0.021869,0.021665,0.021787,0.022128,0.022797,0.023787,0.025069,0.026594,0.028309,0.030167,0.032128,0.034167,NaN,NaN,NaN,NaN,NaN,NaN,NaN,NaN,NaN,NaN,NaN,NaN,NaN,NaN,NaN,NaN,NaN,NaN,NaN,NaN,NaN,NaN,NaN,NaN,NaN,NaN,NaN,NaN,NaN,NaN,NaN,NaN,NaN,NaN,NaN,NaN,NaN,NaN,NaN,NaN,NaN,NaN,NaN,NaN,NaN,NaN,NaN,NaN,NaN,NaN,NaN,NaN,NaN,NaN,NaN,NaN,NaN,NaN,NaN,NaN,NaN,NaN,NaN,NaN,NaN,NaN,NaN,NaN,NaN,NaN,NaN,NaN,NaN,NaN,NaN,NaN,NaN,NaN,NaN,NaN,NaN,NaN,NaN,NaN,NaN,NaN,NaN,NaN,NaN,NaN,NaN,NaN,NaN,NaN,NaN,NaN,NaN,NaN,NaN,NaN,NaN,NaN,NaN,NaN,NaN,NaN,NaN,NaN,NaN,NaN,NaN,NaN,NaN,NaN,NaN,NaN,NaN,NaN,NaN,NaN,NaN,NaN,NaN,NaN,NaN,NaN,NaN,NaN,NaN,NaN,NaN,NaN,NaN,NaN,NaN,NaN,NaN,NaN,NaN,NaN,NaN,NaN,NaN,NaN,NaN,NaN,NaN,NaN,NaN,NaN,NaN,NaN,NaN,NaN,NaN,NaN,NaN,NaN,NaN,NaN,NaN,NaN,NaN,NaN,NaN
0.026641,0.026,0.025365,0.024737,0.024116,0.023502,0.022897,0.022301,0.021714,0.021139,0.020575,0.020024,0.019487,0.018966,0.018461,0.017975,0.017509,0.017065,0.016643,0.016247,0.015878,0.015537,0.015226,0.014948,0.014703,0.014493,0.014319,0.014183,0.014084,0.014024,0.014003,0.01402,0.014075,0.014157,0.014257,0.014397,0.01457,0.014777,0.015015,0.015283,0.015579,0.015903,0.016254,0.016628,0.017026,0.017446,0.017886,0.018345,0.018821,0.019313,0.019821,0.020373,0.021048,0.021708,0.021943,0.022105,0.022268,0.022683,0.022904,0.022963,0.022992,0.022927,0.022924,0.023105,0.023554,0.023321,0.022858,0.022547,0.022915,0.023869,0.02326,0.02281,0.021916,0.021204,0.020909,0.020772,0.021027,0.021462,0.022258,0.023396,0.024836,0.026528,0.028419,0.030458,0.032609,0.034844,NaN,NaN,NaN,NaN,NaN,NaN,NaN,NaN,NaN,NaN,NaN,NaN,NaN,NaN,NaN,NaN,NaN,NaN,NaN,NaN,NaN,NaN,NaN,NaN,NaN,NaN,NaN,NaN,NaN,NaN,NaN,NaN,NaN,NaN,NaN,NaN,NaN,NaN,NaN,NaN,NaN,NaN,NaN,NaN,NaN,NaN,NaN,NaN,NaN,NaN,NaN,NaN,NaN,NaN,NaN,NaN,NaN,NaN,NaN,NaN,NaN,NaN,NaN,NaN,NaN,NaN,NaN,NaN,NaN,NaN,NaN,NaN,NaN,NaN,NaN,NaN,NaN,NaN,NaN,NaN,NaN,NaN,NaN,NaN,NaN,NaN,NaN,NaN,NaN,NaN,NaN,NaN,NaN,NaN,NaN,NaN,NaN,NaN,NaN,NaN,NaN,NaN,NaN,NaN,NaN,NaN,NaN,NaN,NaN,NaN,NaN,NaN,NaN,NaN,NaN,NaN,NaN,NaN,NaN,NaN,NaN,NaN,NaN,NaN,NaN,NaN,NaN,NaN,NaN,NaN,NaN,NaN,NaN,NaN,NaN,NaN,NaN,NaN,NaN,NaN,NaN,NaN,NaN,NaN,NaN,NaN,NaN,NaN,NaN,NaN,NaN,NaN,NaN,NaN,NaN,NaN,NaN,NaN,NaN,NaN,NaN,NaN,NaN,NaN
0.026796,0.026129,0.025469,0.024816,0.024171,0.023536,0.022911,0.022297,0.021696,0.021108,0.020534,0.019974,0.01943,0.018903,0.018393,0.017843,0.017362,0.016904,0.016471,0.016065,0.015688,0.015343,0.015033,0.014757,0.014519,0.014319,0.014159,0.014152,0.014039,0.013975,0.013966,0.014017,0.014124,0.014265,0.014336,0.014527,0.014753,0.015013,0.015305,0.015627,0.015978,0.016356,0.016759,0.017185,0.017633,0.018108,0.018591,0.019092,0.019609,0.020141,0.020698,0.021276,0.021957,0.022551,0.022773,0.022866,0.022953,0.023248,0.023438,0.023463,0.023339,0.023191,0.022994,0.022812,0.023073,0.022877,0.022419,0.022033,0.022228,0.02291,0.022795,0.022332,0.021426,0.020715,0.020182,0.019804,0.019723,0.019968,0.020554,0.021477,0.022708,0.024201,0.025903,0.027768,0.029756,0.031839,0.033996,NaN,NaN,NaN,NaN,NaN,NaN,NaN,NaN,NaN,NaN,NaN,NaN,NaN,NaN,NaN,NaN,NaN,NaN,NaN,NaN,NaN,NaN,NaN,NaN,NaN,NaN,NaN,NaN,NaN,NaN,NaN,NaN,NaN,NaN,NaN,NaN,NaN,NaN,NaN,NaN,NaN,NaN,NaN,NaN,NaN,NaN,NaN,NaN,NaN,NaN,NaN,NaN,NaN,NaN,NaN,NaN,NaN,NaN,NaN,NaN,NaN,NaN,NaN,NaN,NaN,NaN,NaN,NaN,NaN,NaN,NaN,NaN,NaN,NaN,NaN,NaN,NaN,NaN,NaN,NaN,NaN,NaN,NaN,NaN,NaN,NaN,NaN,NaN,NaN,NaN,NaN,NaN,NaN,NaN,NaN,NaN,NaN,NaN,NaN,NaN,NaN,NaN,NaN,NaN,NaN,NaN,NaN,NaN,NaN,NaN,NaN,NaN,NaN,NaN,NaN,NaN,NaN,NaN,NaN,NaN,NaN,NaN,NaN,NaN,NaN,NaN,NaN,NaN,NaN,NaN,NaN,NaN,NaN,NaN,NaN,NaN,NaN,NaN,NaN,NaN,NaN,NaN,NaN,NaN,NaN,NaN,NaN,NaN,NaN,NaN,NaN,NaN,NaN,NaN,NaN,NaN,NaN,NaN,NaN,NaN,NaN,NaN,NaN
0.027032,0.02634,0.025655,0.024977,0.024308,0.023647,0.022995,0.022354,0.021725,0.021108,0.020505,0.019917,0.019346,0.018793,0.018259,0.017748,0.017259,0.016796,0.016361,0.015955,0.015581,0.015241,0.014937,0.014672,0.014448,0.014265,0.014127,0.014145,0.014055,0.014019,0.014042,0.014128,0.014273,0.014467,0.014589,0.014831,0.01511,0.015425,0.015773,0.016152,0.016561,0.016997,0.017458,0.017943,0.01845,0.018977,0.019523,0.020086,0.020665,0.021259,0.021866,0.022485,0.023236,0.024,0.024299,0.024337,0.024402,0.024761,0.024766,0.024614,0.024291,0.023904,0.023577,0.023421,0.023515,0.023038,0.022357,0.021798,0.021622,0.021908,0.021631,0.020859,0.020112,0.01956,0.01931,0.019177,0.019229,0.019544,0.020129,0.020977,0.022071,0.023381,0.024874,0.026513,0.028269,0.030116,0.032036,0.034012,NaN,NaN,NaN,NaN,NaN,NaN,NaN,NaN,NaN,NaN,NaN,NaN,NaN,NaN,NaN,NaN,NaN,NaN,NaN,NaN,NaN,NaN,NaN,NaN,NaN,NaN,NaN,NaN,NaN,NaN,NaN,NaN,NaN,NaN,NaN,NaN,NaN,NaN,NaN,NaN,NaN,NaN,NaN,NaN,NaN,NaN,NaN,NaN,NaN,NaN,NaN,NaN,NaN,NaN,NaN,NaN,NaN,NaN,NaN,NaN,NaN,NaN,NaN,NaN,NaN,NaN,NaN,NaN,NaN,NaN,NaN,NaN,NaN,NaN,NaN,NaN,NaN,NaN,NaN,NaN,NaN,NaN,NaN,NaN,NaN,NaN,NaN,NaN,NaN,NaN,NaN,NaN,NaN,NaN,NaN,NaN,NaN,NaN,NaN,NaN,NaN,NaN,NaN,NaN,NaN,NaN,NaN,NaN,NaN,NaN,NaN,NaN,NaN,NaN,NaN,NaN,NaN,NaN,NaN,NaN,NaN,NaN,NaN,NaN,NaN,NaN,NaN,NaN,NaN,NaN,NaN,NaN,NaN,NaN,NaN,NaN,NaN,NaN,NaN,NaN,NaN,NaN,NaN,NaN,NaN,NaN,NaN,NaN,NaN,NaN,NaN,NaN,NaN,NaN,NaN,NaN,NaN,NaN,NaN,NaN,NaN,NaN
0.027207,0.026498,0.025798,0.025104,0.02442,0.023745,0.02308,0.022427,0.021787,0.021161,0.02055,0.019955,0.019378,0.018821,0.018284,0.01777,0.01728,0.016817,0.016382,0.015967,0.015588,0.015244,0.014939,0.014673,0.01445,0.014271,0.014137,0.014171,0.014084,0.014059,0.01411,0.014236,0.014423,0.014493,0.014719,0.014986,0.01529,0.01563,0.016004,0.016409,0.016843,0.017304,0.01779,0.0183,0.01883,0.019381,0.01995,0.020544,0.02114,0.021751,0.022374,0.023036,0.02376,0.024434,0.024728,0.02479,0.024873,0.025221,0.025308,0.025136,0.024763,0.024139,0.023631,0.023158,0.023121,0.022569,0.021823,0.021251,0.02104,0.021139,0.020536,0.019965,0.01927,0.018756,0.018476,0.018397,0.018471,0.018767,0.019287,0.020028,0.020974,0.022106,0.023398,0.024822,0.026355,0.027975,0.029664,0.03141,0.033202,NaN,NaN,NaN,NaN,NaN,NaN,NaN,NaN,NaN,NaN,NaN,NaN,NaN,NaN,NaN,NaN,NaN,NaN,NaN,NaN,NaN,NaN,NaN,NaN,NaN,NaN,NaN,NaN,NaN,NaN,NaN,NaN,NaN,NaN,NaN,NaN,NaN,NaN,NaN,NaN,NaN,NaN,NaN,NaN,NaN,NaN,NaN,NaN,NaN,NaN,NaN,NaN,NaN,NaN,NaN,NaN,NaN,NaN,NaN,NaN,NaN,NaN,NaN,NaN,NaN,NaN,NaN,NaN,NaN,NaN,NaN,NaN,NaN,NaN,NaN,NaN,NaN,NaN,NaN,NaN,NaN,NaN,NaN,NaN,NaN,NaN,NaN,NaN,NaN,NaN,NaN,NaN,NaN,NaN,NaN,NaN,NaN,NaN,NaN,NaN,NaN,NaN,NaN,NaN,NaN,NaN,NaN,NaN,NaN,NaN,NaN,NaN,NaN,NaN,NaN,NaN,NaN,NaN,NaN,NaN,NaN,NaN,NaN,NaN,NaN,NaN,NaN,NaN,NaN,NaN,NaN,NaN,NaN,NaN,NaN,NaN,NaN,NaN,NaN,NaN,NaN,NaN,NaN,NaN,NaN,NaN,NaN,NaN,NaN,NaN,NaN,NaN,NaN,NaN,NaN,NaN,NaN,NaN,NaN,NaN,NaN
0.027179,0.026475,0.025778,0.025089,0.024408,0.023736,0.023074,0.022423,0.021783,0.021157,0.020545,0.019949,0.01937,0.01881,0.01827,0.017753,0.017259,0.016793,0.016354,0.015947,0.015572,0.015233,0.014932,0.01467,0.014451,0.014275,0.014165,0.014092,0.014042,0.014039,0.014083,0.014172,0.014307,0.014486,0.014706,0.014967,0.015265,0.0156,0.015968,0.016368,0.016797,0.017254,0.017737,0.018243,0.018772,0.01932,0.019887,0.020472,0.021072,0.021687,0.022315,0.022964,0.023647,0.024195,0.024462,0.024506,0.024568,0.024824,0.024836,0.024587,0.024298,0.023984,0.023734,0.023399,0.022981,0.022422,0.02183,0.021213,0.020936,0.020666,0.020218,0.019484,0.018771,0.01828,0.017884,0.017673,0.017657,0.017843,0.018235,0.018829,0.019617,0.020582,0.021703,0.022956,0.024319,0.025772,0.027297,0.028882,0.030515,0.032189,NaN,NaN,NaN,NaN,NaN,NaN,NaN,NaN,NaN,NaN,NaN,NaN,NaN,NaN,NaN,NaN,NaN,NaN,NaN,NaN,NaN,NaN,NaN,NaN,NaN,NaN,NaN,NaN,NaN,NaN,NaN,NaN,NaN,NaN,NaN,NaN,NaN,NaN,NaN,NaN,NaN,NaN,NaN,NaN,NaN,NaN,NaN,NaN,NaN,NaN,NaN,NaN,NaN,NaN,NaN,NaN,NaN,NaN,NaN,NaN,NaN,NaN,NaN,NaN,NaN,NaN,NaN,NaN,NaN,NaN,NaN,NaN,NaN,NaN,NaN,NaN,NaN,NaN,NaN,NaN,NaN,NaN,NaN,NaN,NaN,NaN,NaN,NaN,NaN,NaN,NaN,NaN,NaN,NaN,NaN,NaN,NaN,NaN,NaN,NaN,NaN,NaN,NaN,NaN,NaN,NaN,NaN,NaN,NaN,NaN,NaN,NaN,NaN,NaN,NaN,NaN,NaN,NaN,NaN,NaN,NaN,NaN,NaN,NaN,NaN,NaN,NaN,NaN,NaN,NaN,NaN,NaN,NaN,NaN,NaN,NaN,NaN,NaN,NaN,NaN,NaN,NaN,NaN,NaN,NaN,NaN,NaN,NaN,NaN,NaN,NaN,NaN,NaN,NaN,NaN,NaN,NaN,NaN,NaN,NaN
0.027147,0.026448,0.025755,0.025071,0.024394,0.023727,0.023069,0.022422,0.021786,0.021163,0.020555,0.019961,0.019385,0.018827,0.018289,0.017773,0.017281,0.016815,0.016376,0.015967,0.015591,0.015249,0.014944,0.014678,0.014453,0.014271,0.014149,0.014069,0.014012,0.014001,0.014036,0.014117,0.014243,0.014413,0.014624,0.014875,0.015165,0.01549,0.015849,0.01624,0.01666,0.017108,0.017581,0.018078,0.018597,0.019136,0.019694,0.020269,0.02086,0.021466,0.022085,0.022721,0.023405,0.024065,0.02439,0.024594,0.024803,0.025258,0.025266,0.025259,0.024795,0.024489,0.023968,0.023539,0.023193,0.02273,0.02215,0.021584,0.021336,0.021172,0.020443,0.019754,0.019033,0.018457,0.018039,0.017835,0.017707,0.01777,0.018028,0.018482,0.019127,0.01995,0.020937,0.022066,0.023317,0.024669,0.026105,0.027608,0.029168,0.030774,0.032418,NaN,NaN,NaN,NaN,NaN,NaN,NaN,NaN,NaN,NaN,NaN,NaN,NaN,NaN,NaN,NaN,NaN,NaN,NaN,NaN,NaN,NaN,NaN,NaN,NaN,NaN,NaN,NaN,NaN,NaN,NaN,NaN,NaN,NaN,NaN,NaN,NaN,NaN,NaN,NaN,NaN,NaN,NaN,NaN,NaN,NaN,NaN,NaN,NaN,NaN,NaN,NaN,NaN,NaN,NaN,NaN,NaN,NaN,NaN,NaN,NaN,NaN,NaN,NaN,NaN,NaN,NaN,NaN,NaN,NaN,NaN,NaN,NaN,NaN,NaN,NaN,NaN,NaN,NaN,NaN,NaN,NaN,NaN,NaN,NaN,NaN,NaN,NaN,NaN,NaN,NaN,NaN,NaN,NaN,NaN,NaN,NaN,NaN,NaN,NaN,NaN,NaN,NaN,NaN,NaN,NaN,NaN,NaN,NaN,NaN,NaN,NaN,NaN,NaN,NaN,NaN,NaN,NaN,NaN,NaN,NaN,NaN,NaN,NaN,NaN,NaN,NaN,NaN,NaN,NaN,NaN,NaN,NaN,NaN,NaN,NaN,NaN,NaN,NaN,NaN,NaN,NaN,NaN,NaN,NaN,NaN,NaN,NaN,NaN,NaN,NaN,NaN,NaN,NaN,NaN,NaN,NaN,NaN,NaN
0.027123,0.026424,0.025731,0.025046,0.02437,0.023702,0.023045,0.022398,0.021764,0.021143,0.020537,0.019947,0.019374,0.01882,0.018287,0.017776,0.017289,0.016828,0.016394,0.01599,0.015618,0.015281,0.014979,0.014729,0.014511,0.014318,0.014168,0.01415,0.014057,0.014018,0.014039,0.014124,0.014268,0.014464,0.014596,0.01484,0.015122,0.01544,0.015792,0.016176,0.01659,0.017031,0.017499,0.017991,0.018504,0.019039,0.019592,0.020162,0.020749,0.02135,0.021966,0.022601,0.02324,0.023877,0.024237,0.024474,0.024726,0.02513,0.025244,0.025098,0.024767,0.024474,0.024042,0.023637,0.023305,0.022732,0.022159,0.021534,0.021149,0.020846,0.020201,0.019515,0.018752,0.01814,0.017671,0.01732,0.017136,0.017126,0.017297,0.017647,0.018175,0.018872,0.019724,0.020715,0.021826,0.023038,0.024334,0.025701,0.027126,0.028599,0.030112,0.03166,NaN,NaN,NaN,NaN,NaN,NaN,NaN,NaN,NaN,NaN,NaN,NaN,NaN,NaN,NaN,NaN,NaN,NaN,NaN,NaN,NaN,NaN,NaN,NaN,NaN,NaN,NaN,NaN,NaN,NaN,NaN,NaN,NaN,NaN,NaN,NaN,NaN,NaN,NaN,NaN,NaN,NaN,NaN,NaN,NaN,NaN,NaN,NaN,NaN,NaN,NaN,NaN,NaN,NaN,NaN,NaN,NaN,NaN,NaN,NaN,NaN,NaN,NaN,NaN,NaN,NaN,NaN,NaN,NaN,NaN,NaN,NaN,NaN,NaN,NaN,NaN,NaN,NaN,NaN,NaN,NaN,NaN,NaN,NaN,NaN,NaN,NaN,NaN,NaN,NaN,NaN,NaN,NaN,NaN,NaN,NaN,NaN,NaN,NaN,NaN,NaN,NaN,NaN,NaN,NaN,NaN,NaN,NaN,NaN,NaN,NaN,NaN,NaN,NaN,NaN,NaN,NaN,NaN,NaN,NaN,NaN,NaN,NaN,NaN,NaN,NaN,NaN,NaN,NaN,NaN,NaN,NaN,NaN,NaN,NaN,NaN,NaN,NaN,NaN,NaN,NaN,NaN,NaN,NaN,NaN,NaN,NaN,NaN,NaN,NaN,NaN,NaN,NaN,NaN,NaN,NaN,NaN,NaN
0.027128,0.026432,0.025742,0.025059,0.024385,0.023719,0.023064,0.022419,0.021786,0.021166,0.020561,0.019971,0.019397,0.018843,0.018308,0.017795,0.017306,0.016842,0.016405,0.015998,0.015622,0.01528,0.014975,0.014723,0.014488,0.01431,0.014155,0.014045,0.013981,0.013964,0.013992,0.014066,0.014185,0.014347,0.014552,0.014797,0.01508,0.015399,0.015752,0.016138,0.016554,0.016997,0.017467,0.017961,0.018476,0.019013,0.019568,0.020141,0.020729,0.021332,0.02196,0.022586,0.023194,0.02375,0.02409,0.024374,0.024659,0.024924,0.02489,0.024701,0.024318,0.023991,0.023535,0.023126,0.022728,0.022217,0.021678,0.021082,0.020715,0.020419,0.019746,0.01906,0.018364,0.017734,0.017204,0.016813,0.016571,0.016485,0.01656,0.0168,0.017203,0.017764,0.018474,0.019319,0.020284,0.021352,0.022507,0.023733,0.025001,0.026325,0.027704,0.02913,0.030593,NaN,NaN,NaN,NaN,NaN,NaN,NaN,NaN,NaN,NaN,NaN,NaN,NaN,NaN,NaN,NaN,NaN,NaN,NaN,NaN,NaN,NaN,NaN,NaN,NaN,NaN,NaN,NaN,NaN,NaN,NaN,NaN,NaN,NaN,NaN,NaN,NaN,NaN,NaN,NaN,NaN,NaN,NaN,NaN,NaN,NaN,NaN,NaN,NaN,NaN,NaN,NaN,NaN,NaN,NaN,NaN,NaN,NaN,NaN,NaN,NaN,NaN,NaN,NaN,NaN,NaN,NaN,NaN,NaN,NaN,NaN,NaN,NaN,NaN,NaN,NaN,NaN,NaN,NaN,NaN,NaN,NaN,NaN,NaN,NaN,NaN,NaN,NaN,NaN,NaN,NaN,NaN,NaN,NaN,NaN,NaN,NaN,NaN,NaN,NaN,NaN,NaN,NaN,NaN,NaN,NaN,NaN,NaN,NaN,NaN,NaN,NaN,NaN,NaN,NaN,NaN,NaN,NaN,NaN,NaN,NaN,NaN,NaN,NaN,NaN,NaN,NaN,NaN,NaN,NaN,NaN,NaN,NaN,NaN,NaN,NaN,NaN,NaN,NaN,NaN,NaN,NaN,NaN,NaN,NaN,NaN,NaN,NaN,NaN,NaN,NaN,NaN,NaN,NaN,NaN,NaN,NaN
0.027173,0.026465,0.025766,0.025075,0.024395,0.023727,0.023072,0.022433,0.02181,0.021203,0.020613,0.02004,0.019483,0.018916,0.018384,0.017849,0.017351,0.016877,0.01643,0.016012,0.015625,0.015272,0.014956,0.014677,0.01444,0.014244,0.014093,0.013986,0.013926,0.013912,0.013945,0.014023,0.014146,0.014313,0.014522,0.014771,0.015058,0.015382,0.015739,0.016129,0.016548,0.016994,0.017466,0.017962,0.01848,0.019017,0.019573,0.020146,0.020734,0.021337,0.021953,0.022583,0.023147,0.023585,0.023899,0.024156,0.024423,0.024577,0.024553,0.024407,0.024066,0.023678,0.023267,0.022848,0.022401,0.021927,0.021382,0.020843,0.02031,0.019846,0.01923,0.018489,0.01781,0.017213,0.016799,0.016388,0.016144,0.016,0.016002,0.016152,0.016452,0.016898,0.017483,0.018198,0.01903,0.019966,0.020992,0.022073,0.023221,0.024426,0.025683,0.026985,0.028325,0.029696,NaN,NaN,NaN,NaN,NaN,NaN,NaN,NaN,NaN,NaN,NaN,NaN,NaN,NaN,NaN,NaN,NaN,NaN,NaN,NaN,NaN,NaN,NaN,NaN,NaN,NaN,NaN,NaN,NaN,NaN,NaN,NaN,NaN,NaN,NaN,NaN,NaN,NaN,NaN,NaN,NaN,NaN,NaN,NaN,NaN,NaN,NaN,NaN,NaN,NaN,NaN,NaN,NaN,NaN,NaN,NaN,NaN,NaN,NaN,NaN,NaN,NaN,NaN,NaN,NaN,NaN,NaN,NaN,NaN,NaN,NaN,NaN,NaN,NaN,NaN,NaN,NaN,NaN,NaN,NaN,NaN,NaN,NaN,NaN,NaN,NaN,NaN,NaN,NaN,NaN,NaN,NaN,NaN,NaN,NaN,NaN,NaN,NaN,NaN,NaN,NaN,NaN,NaN,NaN,NaN,NaN,NaN,NaN,NaN,NaN,NaN,NaN,NaN,NaN,NaN,NaN,NaN,NaN,NaN,NaN,NaN,NaN,NaN,NaN,NaN,NaN,NaN,NaN,NaN,NaN,NaN,NaN,NaN,NaN,NaN,NaN,NaN,NaN,NaN,NaN,NaN,NaN,NaN,NaN,NaN,NaN,NaN,NaN,NaN,NaN,NaN,NaN,NaN,NaN,NaN,NaN
0.027186,0.026486,0.025792,0.025106,0.024429,0.023762,0.023106,0.022462,0.021832,0.021216,0.020614,0.020029,0.01946,0.018909,0.018377,0.017846,0.017348,0.016874,0.016428,0.016011,0.015625,0.015273,0.014958,0.014681,0.014445,0.014252,0.014103,0.013999,0.013941,0.01393,0.013966,0.014047,0.014173,0.014343,0.014555,0.014807,0.015098,0.015424,0.015784,0.016176,0.016598,0.017047,0.017521,0.018019,0.018538,0.019078,0.019636,0.020211,0.020801,0.021405,0.022023,0.022653,0.02324,0.023731,0.024105,0.024397,0.024661,0.024739,0.024626,0.024363,0.024009,0.023574,0.023082,0.022619,0.022167,0.021654,0.021181,0.020639,0.020266,0.019843,0.019325,0.018589,0.017921,0.017324,0.016805,0.016396,0.016105,0.015904,0.015836,0.015906,0.016114,0.016461,0.016941,0.017549,0.018275,0.019106,0.02003,0.021034,0.022106,0.023236,0.024415,0.025634,0.026889,0.028173,0.029482,NaN,NaN,NaN,NaN,NaN,NaN,NaN,NaN,NaN,NaN,NaN,NaN,NaN,NaN,NaN,NaN,NaN,NaN,NaN,NaN,NaN,NaN,NaN,NaN,NaN,NaN,NaN,NaN,NaN,NaN,NaN,NaN,NaN,NaN,NaN,NaN,NaN,NaN,NaN,NaN,NaN,NaN,NaN,NaN,NaN,NaN,NaN,NaN,NaN,NaN,NaN,NaN,NaN,NaN,NaN,NaN,NaN,NaN,NaN,NaN,NaN,NaN,NaN,NaN,NaN,NaN,NaN,NaN,NaN,NaN,NaN,NaN,NaN,NaN,NaN,NaN,NaN,NaN,NaN,NaN,NaN,NaN,NaN,NaN,NaN,NaN,NaN,NaN,NaN,NaN,NaN,NaN,NaN,NaN,NaN,NaN,NaN,NaN,NaN,NaN,NaN,NaN,NaN,NaN,NaN,NaN,NaN,NaN,NaN,NaN,NaN,NaN,NaN,NaN,NaN,NaN,NaN,NaN,NaN,NaN,NaN,NaN,NaN,NaN,NaN,NaN,NaN,NaN,NaN,NaN,NaN,NaN,NaN,NaN,NaN,NaN,NaN,NaN,NaN,NaN,NaN,NaN,NaN,NaN,NaN,NaN,NaN,NaN,NaN,NaN,NaN,NaN,NaN,NaN,NaN
0.027018,0.026333,0.025655,0.024983,0.02432,0.023665,0.02302,0.022384,0.02176,0.021148,0.02055,0.019966,0.019399,0.018848,0.018317,0.017807,0.017319,0.016855,0.016418,0.016009,0.01563,0.015283,0.014971,0.014696,0.01446,0.014265,0.014144,0.014023,0.013946,0.013913,0.013926,0.013983,0.014084,0.014228,0.014413,0.014638,0.014901,0.0152,0.015532,0.015897,0.016291,0.016713,0.017161,0.017633,0.018127,0.018642,0.019175,0.019727,0.020294,0.020877,0.021473,0.022082,0.022643,0.023105,0.023514,0.023888,0.024268,0.024358,0.024314,0.024138,0.023905,0.023615,0.023238,0.022854,0.022425,0.021961,0.021467,0.020969,0.020516,0.020095,0.019419,0.018696,0.017992,0.017319,0.016775,0.016259,0.015854,0.015568,0.015407,0.015377,0.015504,0.015734,0.016096,0.016587,0.017197,0.017916,0.018734,0.019639,0.020617,0.02166,0.022756,0.023899,0.02508,0.026295,0.027537,0.028804,NaN,NaN,NaN,NaN,NaN,NaN,NaN,NaN,NaN,NaN,NaN,NaN,NaN,NaN,NaN,NaN,NaN,NaN,NaN,NaN,NaN,NaN,NaN,NaN,NaN,NaN,NaN,NaN,NaN,NaN,NaN,NaN,NaN,NaN,NaN,NaN,NaN,NaN,NaN,NaN,NaN,NaN,NaN,NaN,NaN,NaN,NaN,NaN,NaN,NaN,NaN,NaN,NaN,NaN,NaN,NaN,NaN,NaN,NaN,NaN,NaN,NaN,NaN,NaN,NaN,NaN,NaN,NaN,NaN,NaN,NaN,NaN,NaN,NaN,NaN,NaN,NaN,NaN,NaN,NaN,NaN,NaN,NaN,NaN,NaN,NaN,NaN,NaN,NaN,NaN,NaN,NaN,NaN,NaN,NaN,NaN,NaN,NaN,NaN,NaN,NaN,NaN,NaN,NaN,NaN,NaN,NaN,NaN,NaN,NaN,NaN,NaN,NaN,NaN,NaN,NaN,NaN,NaN,NaN,NaN,NaN,NaN,NaN,NaN,NaN,NaN,NaN,NaN,NaN,NaN,NaN,NaN,NaN,NaN,NaN,NaN,NaN,NaN,NaN,NaN,NaN,NaN,NaN,NaN,NaN,NaN,NaN,NaN,NaN,NaN,NaN,NaN,NaN,NaN
0.027127,0.026429,0.025737,0.025053,0.024378,0.023711,0.023054,0.022408,0.021773,0.021152,0.020544,0.019952,0.019377,0.01882,0.018283,0.017768,0.017276,0.016811,0.016372,0.015964,0.015587,0.015245,0.014939,0.014672,0.014446,0.014277,0.014149,0.014042,0.013981,0.013967,0.013999,0.014077,0.0142,0.014367,0.014576,0.014825,0.015112,0.015435,0.015793,0.016182,0.016601,0.017048,0.017521,0.018018,0.018537,0.019076,0.019634,0.02021,0.020801,0.021407,0.022027,0.022659,0.023204,0.023629,0.023956,0.024226,0.024516,0.024662,0.024637,0.024478,0.024239,0.023919,0.023514,0.023173,0.022751,0.022232,0.02164,0.021111,0.020633,0.020264,0.019688,0.019077,0.018325,0.017675,0.017111,0.016615,0.016224,0.015946,0.015786,0.015749,0.015836,0.01605,0.016388,0.016845,0.017415,0.01809,0.018858,0.01971,0.020634,0.021621,0.022661,0.023748,0.024873,0.026033,0.027221,0.028435,0.029671,NaN,NaN,NaN,NaN,NaN,NaN,NaN,NaN,NaN,NaN,NaN,NaN,NaN,NaN,NaN,NaN,NaN,NaN,NaN,NaN,NaN,NaN,NaN,NaN,NaN,NaN,NaN,NaN,NaN,NaN,NaN,NaN,NaN,NaN,NaN,NaN,NaN,NaN,NaN,NaN,NaN,NaN,NaN,NaN,NaN,NaN,NaN,NaN,NaN,NaN,NaN,NaN,NaN,NaN,NaN,NaN,NaN,NaN,NaN,NaN,NaN,NaN,NaN,NaN,NaN,NaN,NaN,NaN,NaN,NaN,NaN,NaN,NaN,NaN,NaN,NaN,NaN,NaN,NaN,NaN,NaN,NaN,NaN,NaN,NaN,NaN,NaN,NaN,NaN,NaN,NaN,NaN,NaN,NaN,NaN,NaN,NaN,NaN,NaN,NaN,NaN,NaN,NaN,NaN,NaN,NaN,NaN,NaN,NaN,NaN,NaN,NaN,NaN,NaN,NaN,NaN,NaN,NaN,NaN,NaN,NaN,NaN,NaN,NaN,NaN,NaN,NaN,NaN,NaN,NaN,NaN,NaN,NaN,NaN,NaN,NaN,NaN,NaN,NaN,NaN,NaN,NaN,NaN,NaN,NaN,NaN,NaN,NaN,NaN,NaN,NaN,NaN,NaN
0.027315,0.026593,0.025878,0.025172,0.024475,0.023789,0.023114,0.022453,0.021807,0.021176,0.020562,0.019966,0.019388,0.018831,0.018296,0.017759,0.017262,0.016794,0.016355,0.015947,0.015575,0.015238,0.014941,0.014686,0.014473,0.014306,0.014206,0.014187,0.014141,0.014144,0.014196,0.014294,0.014439,0.014629,0.014862,0.015135,0.015448,0.015797,0.016181,0.016597,0.017044,0.017518,0.018019,0.018544,0.019092,0.019661,0.020248,0.020853,0.021474,0.022109,0.022758,0.023419,0.023951,0.024293,0.024484,0.024633,0.02479,0.024838,0.02467,0.024429,0.024098,0.023656,0.02322,0.022866,0.022478,0.021884,0.021248,0.020685,0.020238,0.019847,0.019258,0.018604,0.017947,0.017342,0.016845,0.016406,0.016097,0.015851,0.015711,0.015682,0.015765,0.015961,0.016267,0.016681,0.017196,0.017806,0.018502,0.019276,0.020119,0.021022,0.021977,0.022977,0.024016,0.025088,0.02619,0.027317,0.028466,0.029634,NaN,NaN,NaN,NaN,NaN,NaN,NaN,NaN,NaN,NaN,NaN,NaN,NaN,NaN,NaN,NaN,NaN,NaN,NaN,NaN,NaN,NaN,NaN,NaN,NaN,NaN,NaN,NaN,NaN,NaN,NaN,NaN,NaN,NaN,NaN,NaN,NaN,NaN,NaN,NaN,NaN,NaN,NaN,NaN,NaN,NaN,NaN,NaN,NaN,NaN,NaN,NaN,NaN,NaN,NaN,NaN,NaN,NaN,NaN,NaN,NaN,NaN,NaN,NaN,NaN,NaN,NaN,NaN,NaN,NaN,NaN,NaN,NaN,NaN,NaN,NaN,NaN,NaN,NaN,NaN,NaN,NaN,NaN,NaN,NaN,NaN,NaN,NaN,NaN,NaN,NaN,NaN,NaN,NaN,NaN,NaN,NaN,NaN,NaN,NaN,NaN,NaN,NaN,NaN,NaN,NaN,NaN,NaN,NaN,NaN,NaN,NaN,NaN,NaN,NaN,NaN,NaN,NaN,NaN,NaN,NaN,NaN,NaN,NaN,NaN,NaN,NaN,NaN,NaN,NaN,NaN,NaN,NaN,NaN,NaN,NaN,NaN,NaN,NaN,NaN,NaN,NaN,NaN,NaN,NaN,NaN,NaN,NaN,NaN,NaN,NaN,NaN
0.027373,0.026642,0.025918,0.025203,0.024498,0.023805,0.023125,0.02246,0.02181,0.021179,0.020565,0.019971,0.019397,0.018844,0.018313,0.017789,0.017298,0.016812,0.01637,0.015961,0.015587,0.01525,0.014953,0.014699,0.014488,0.014359,0.014233,0.014188,0.014152,0.014165,0.014227,0.014337,0.014494,0.014695,0.014941,0.015245,0.01556,0.015913,0.0163,0.016721,0.017173,0.017655,0.018164,0.018699,0.019257,0.019838,0.020439,0.021058,0.021693,0.022344,0.023007,0.023682,0.024141,0.024516,0.02468,0.024708,0.024752,0.024721,0.024597,0.02438,0.02413,0.023804,0.02348,0.023202,0.022947,0.022414,0.021764,0.021169,0.020759,0.020363,0.019726,0.019054,0.018395,0.017781,0.017272,0.016846,0.016473,0.016197,0.016022,0.015953,0.015991,0.016138,0.016393,0.016752,0.017212,0.017766,0.018408,0.019128,0.019919,0.020773,0.021681,0.022637,0.023634,0.024667,0.025732,0.026823,0.027938,0.029074,0.030228,NaN,NaN,NaN,NaN,NaN,NaN,NaN,NaN,NaN,NaN,NaN,NaN,NaN,NaN,NaN,NaN,NaN,NaN,NaN,NaN,NaN,NaN,NaN,NaN,NaN,NaN,NaN,NaN,NaN,NaN,NaN,NaN,NaN,NaN,NaN,NaN,NaN,NaN,NaN,NaN,NaN,NaN,NaN,NaN,NaN,NaN,NaN,NaN,NaN,NaN,NaN,NaN,NaN,NaN,NaN,NaN,NaN,NaN,NaN,NaN,NaN,NaN,NaN,NaN,NaN,NaN,NaN,NaN,NaN,NaN,NaN,NaN,NaN,NaN,NaN,NaN,NaN,NaN,NaN,NaN,NaN,NaN,NaN,NaN,NaN,NaN,NaN,NaN,NaN,NaN,NaN,NaN,NaN,NaN,NaN,NaN,NaN,NaN,NaN,NaN,NaN,NaN,NaN,NaN,NaN,NaN,NaN,NaN,NaN,NaN,NaN,NaN,NaN,NaN,NaN,NaN,NaN,NaN,NaN,NaN,NaN,NaN,NaN,NaN,NaN,NaN,NaN,NaN,NaN,NaN,NaN,NaN,NaN,NaN,NaN,NaN,NaN,NaN,NaN,NaN,NaN,NaN,NaN,NaN,NaN,NaN,NaN,NaN,NaN,NaN,NaN
0.027301,0.026586,0.025878,0.025177,0.024486,0.023803,0.023131,0.022469,0.02182,0.021183,0.020561,0.019955,0.019366,0.018796,0.018247,0.017721,0.01722,0.016746,0.016301,0.015889,0.015512,0.015171,0.014871,0.014613,0.014399,0.014231,0.014111,0.014039,0.014016,0.014042,0.014116,0.014238,0.014406,0.014618,0.014872,0.015167,0.015499,0.015868,0.016269,0.016702,0.017189,0.017663,0.018162,0.018686,0.019232,0.019801,0.020391,0.021002,0.02163,0.022274,0.022932,0.023603,0.024097,0.024494,0.024655,0.024636,0.02465,0.024715,0.024606,0.024435,0.024152,0.023871,0.023552,0.023414,0.023305,0.022963,0.022324,0.021759,0.021393,0.021069,0.020584,0.01991,0.019192,0.018566,0.017982,0.01751,0.017084,0.016751,0.016513,0.016377,0.016346,0.01642,0.016602,0.016889,0.017278,0.017766,0.018345,0.019008,0.019748,0.020555,0.021423,0.022343,0.023309,0.024315,0.025356,0.026527,0.027576,0.028673,0.029833,0.031035,NaN,NaN,NaN,NaN,NaN,NaN,NaN,NaN,NaN,NaN,NaN,NaN,NaN,NaN,NaN,NaN,NaN,NaN,NaN,NaN,NaN,NaN,NaN,NaN,NaN,NaN,NaN,NaN,NaN,NaN,NaN,NaN,NaN,NaN,NaN,NaN,NaN,NaN,NaN,NaN,NaN,NaN,NaN,NaN,NaN,NaN,NaN,NaN,NaN,NaN,NaN,NaN,NaN,NaN,NaN,NaN,NaN,NaN,NaN,NaN,NaN,NaN,NaN,NaN,NaN,NaN,NaN,NaN,NaN,NaN,NaN,NaN,NaN,NaN,NaN,NaN,NaN,NaN,NaN,NaN,NaN,NaN,NaN,NaN,NaN,NaN,NaN,NaN,NaN,NaN,NaN,NaN,NaN,NaN,NaN,NaN,NaN,NaN,NaN,NaN,NaN,NaN,NaN,NaN,NaN,NaN,NaN,NaN,NaN,NaN,NaN,NaN,NaN,NaN,NaN,NaN,NaN,NaN,NaN,NaN,NaN,NaN,NaN,NaN,NaN,NaN,NaN,NaN,NaN,NaN,NaN,NaN,NaN,NaN,NaN,NaN,NaN,NaN,NaN,NaN,NaN,NaN,NaN,NaN,NaN,NaN,NaN,NaN,NaN,NaN
0.027201,0.02649,0.025786,0.025091,0.024404,0.023728,0.023063,0.02241,0.021772,0.021148,0.020539,0.019947,0.019373,0.018817,0.018282,0.017741,0.017242,0.016769,0.016325,0.015911,0.015531,0.015186,0.01488,0.014614,0.014391,0.014212,0.01408,0.013994,0.013955,0.013965,0.014022,0.014125,0.014274,0.014467,0.014702,0.014976,0.015289,0.015638,0.01602,0.016433,0.016876,0.017345,0.017839,0.018357,0.018895,0.019453,0.020029,0.020621,0.021229,0.02185,0.022485,0.023147,0.023824,0.024452,0.024712,0.024812,0.02495,0.02515,0.025332,0.025296,0.025107,0.024885,0.024961,0.024805,0.024976,0.024445,0.023784,0.023096,0.022687,0.022309,0.021902,0.021135,0.020423,0.01976,0.019149,0.018618,0.018134,0.017746,0.017462,0.017284,0.017218,0.017264,0.017425,0.017697,0.018079,0.018589,0.019157,0.019875,0.020604,0.021391,0.022209,0.023092,0.024037,0.025039,0.026098,0.027383,0.030711,0.030265,0.030715,0.032536,0.035219,NaN,NaN,NaN,NaN,NaN,NaN,NaN,NaN,NaN,NaN,NaN,NaN,NaN,NaN,NaN,NaN,NaN,NaN,NaN,NaN,NaN,NaN,NaN,NaN,NaN,NaN,NaN,NaN,NaN,NaN,NaN,NaN,NaN,NaN,NaN,NaN,NaN,NaN,NaN,NaN,NaN,NaN,NaN,NaN,NaN,NaN,NaN,NaN,NaN,NaN,NaN,NaN,NaN,NaN,NaN,NaN,NaN,NaN,NaN,NaN,NaN,NaN,NaN,NaN,NaN,NaN,NaN,NaN,NaN,NaN,NaN,NaN,NaN,NaN,NaN,NaN,NaN,NaN,NaN,NaN,NaN,NaN,NaN,NaN,NaN,NaN,NaN,NaN,NaN,NaN,NaN,NaN,NaN,NaN,NaN,NaN,NaN,NaN,NaN,NaN,NaN,NaN,NaN,NaN,NaN,NaN,NaN,NaN,NaN,NaN,NaN,NaN,NaN,NaN,NaN,NaN,NaN,NaN,NaN,NaN,NaN,NaN,NaN,NaN,NaN,NaN,NaN,NaN,NaN,NaN,NaN,NaN,NaN,NaN,NaN,NaN,NaN,NaN,NaN,NaN,NaN,NaN,NaN,NaN,NaN,NaN,NaN,NaN,NaN
0.02713,0.026429,0.025735,0.025049,0.024371,0.023701,0.023042,0.022392,0.021755,0.02113,0.020518,0.019922,0.019342,0.018781,0.018239,0.017719,0.017222,0.016752,0.01631,0.015898,0.015519,0.015176,0.01487,0.014605,0.014382,0.014202,0.014069,0.013981,0.013941,0.013948,0.014001,0.014101,0.014246,0.014434,0.014664,0.014933,0.01524,0.015583,0.015959,0.016367,0.016803,0.017266,0.017754,0.018261,0.01879,0.019338,0.019903,0.020486,0.021083,0.021695,0.022332,0.022964,0.023576,0.024162,0.024438,0.024544,0.024667,0.024806,0.02477,0.024814,0.02468,0.024468,0.024505,0.024437,0.024623,0.024369,0.023741,0.023121,0.022713,0.022515,0.021948,0.021308,0.020577,0.019877,0.019247,0.018659,0.018195,0.01778,0.017464,0.017252,0.017146,0.01715,0.017265,0.017489,0.01782,0.018255,0.018788,0.019489,0.020171,0.020853,0.021567,0.022394,0.02333,0.024261,0.025251,0.026535,0.029312,0.029473,0.029582,0.030674,0.032775,0.035435,NaN,NaN,NaN,NaN,NaN,NaN,NaN,NaN,NaN,NaN,NaN,NaN,NaN,NaN,NaN,NaN,NaN,NaN,NaN,NaN,NaN,NaN,NaN,NaN,NaN,NaN,NaN,NaN,NaN,NaN,NaN,NaN,NaN,NaN,NaN,NaN,NaN,NaN,NaN,NaN,NaN,NaN,NaN,NaN,NaN,NaN,NaN,NaN,NaN,NaN,NaN,NaN,NaN,NaN,NaN,NaN,NaN,NaN,NaN,NaN,NaN,NaN,NaN,NaN,NaN,NaN,NaN,NaN,NaN,NaN,NaN,NaN,NaN,NaN,NaN,NaN,NaN,NaN,NaN,NaN,NaN,NaN,NaN,NaN,NaN,NaN,NaN,NaN,NaN,NaN,NaN,NaN,NaN,NaN,NaN,NaN,NaN,NaN,NaN,NaN,NaN,NaN,NaN,NaN,NaN,NaN,NaN,NaN,NaN,NaN,NaN,NaN,NaN,NaN,NaN,NaN,NaN,NaN,NaN,NaN,NaN,NaN,NaN,NaN,NaN,NaN,NaN,NaN,NaN,NaN,NaN,NaN,NaN,NaN,NaN,NaN,NaN,NaN,NaN,NaN,NaN,NaN,NaN,NaN,NaN,NaN,NaN,NaN
0.02708,0.026382,0.025691,0.025008,0.024333,0.023666,0.023009,0.022363,0.021728,0.021106,0.020498,0.019905,0.019328,0.01877,0.018232,0.017715,0.017222,0.016754,0.016315,0.015906,0.015529,0.015187,0.014883,0.014618,0.014394,0.014214,0.014078,0.014005,0.013956,0.013953,0.013997,0.014087,0.014221,0.014398,0.014617,0.014875,0.015172,0.015504,0.015869,0.016265,0.016691,0.017144,0.017622,0.018124,0.018647,0.01919,0.019751,0.02033,0.020924,0.021532,0.022156,0.022786,0.023364,0.023873,0.024187,0.024318,0.024458,0.024622,0.024719,0.024682,0.024559,0.024484,0.024382,0.024471,0.02463,0.024158,0.023613,0.023063,0.022596,0.022544,0.022154,0.021646,0.020886,0.020125,0.019427,0.018799,0.018247,0.017778,0.017398,0.017113,0.016926,0.016839,0.016855,0.016974,0.017194,0.017515,0.01797,0.018476,0.018988,0.019581,0.020284,0.021006,0.021792,0.022639,0.023625,0.024768,0.026259,0.027352,0.027973,0.028854,0.030081,0.031596,0.03327,NaN,NaN,NaN,NaN,NaN,NaN,NaN,NaN,NaN,NaN,NaN,NaN,NaN,NaN,NaN,NaN,NaN,NaN,NaN,NaN,NaN,NaN,NaN,NaN,NaN,NaN,NaN,NaN,NaN,NaN,NaN,NaN,NaN,NaN,NaN,NaN,NaN,NaN,NaN,NaN,NaN,NaN,NaN,NaN,NaN,NaN,NaN,NaN,NaN,NaN,NaN,NaN,NaN,NaN,NaN,NaN,NaN,NaN,NaN,NaN,NaN,NaN,NaN,NaN,NaN,NaN,NaN,NaN,NaN,NaN,NaN,NaN,NaN,NaN,NaN,NaN,NaN,NaN,NaN,NaN,NaN,NaN,NaN,NaN,NaN,NaN,NaN,NaN,NaN,NaN,NaN,NaN,NaN,NaN,NaN,NaN,NaN,NaN,NaN,NaN,NaN,NaN,NaN,NaN,NaN,NaN,NaN,NaN,NaN,NaN,NaN,NaN,NaN,NaN,NaN,NaN,NaN,NaN,NaN,NaN,NaN,NaN,NaN,NaN,NaN,NaN,NaN,NaN,NaN,NaN,NaN,NaN,NaN,NaN,NaN,NaN,NaN,NaN,NaN,NaN,NaN,NaN,NaN,NaN,NaN,NaN,NaN
0.02719,0.026479,0.025776,0.02508,0.024393,0.023715,0.023048,0.022391,0.021747,0.021116,0.0205,0.0199,0.019317,0.018754,0.018213,0.017694,0.017201,0.016734,0.016297,0.015892,0.015522,0.015187,0.014892,0.014638,0.014427,0.014261,0.014156,0.014105,0.014067,0.014077,0.014134,0.014238,0.014387,0.01458,0.014815,0.01509,0.015403,0.015752,0.016134,0.016548,0.016981,0.017448,0.01794,0.018455,0.018992,0.019549,0.020125,0.020717,0.021325,0.021948,0.022584,0.023221,0.023693,0.024053,0.024257,0.024307,0.024364,0.024441,0.024423,0.024308,0.024165,0.02395,0.023827,0.02396,0.024138,0.023682,0.023068,0.022552,0.022206,0.021998,0.021564,0.02092,0.020176,0.019481,0.018866,0.018279,0.017757,0.017304,0.016925,0.016626,0.01641,0.016282,0.016242,0.016294,0.016437,0.016672,0.016994,0.017402,0.01789,0.018453,0.019085,0.019778,0.020577,0.021356,0.02218,0.023124,0.024071,0.025136,0.025997,0.026919,0.027918,0.028999,0.03014,0.031321,NaN,NaN,NaN,NaN,NaN,NaN,NaN,NaN,NaN,NaN,NaN,NaN,NaN,NaN,NaN,NaN,NaN,NaN,NaN,NaN,NaN,NaN,NaN,NaN,NaN,NaN,NaN,NaN,NaN,NaN,NaN,NaN,NaN,NaN,NaN,NaN,NaN,NaN,NaN,NaN,NaN,NaN,NaN,NaN,NaN,NaN,NaN,NaN,NaN,NaN,NaN,NaN,NaN,NaN,NaN,NaN,NaN,NaN,NaN,NaN,NaN,NaN,NaN,NaN,NaN,NaN,NaN,NaN,NaN,NaN,NaN,NaN,NaN,NaN,NaN,NaN,NaN,NaN,NaN,NaN,NaN,NaN,NaN,NaN,NaN,NaN,NaN,NaN,NaN,NaN,NaN,NaN,NaN,NaN,NaN,NaN,NaN,NaN,NaN,NaN,NaN,NaN,NaN,NaN,NaN,NaN,NaN,NaN,NaN,NaN,NaN,NaN,NaN,NaN,NaN,NaN,NaN,NaN,NaN,NaN,NaN,NaN,NaN,NaN,NaN,NaN,NaN,NaN,NaN,NaN,NaN,NaN,NaN,NaN,NaN,NaN,NaN,NaN,NaN,NaN,NaN,NaN,NaN,NaN,NaN,NaN
0.027079,0.026376,0.025681,0.024993,0.024313,0.023643,0.022982,0.022333,0.021695,0.021071,0.020462,0.019868,0.019292,0.018735,0.0182,0.017687,0.017199,0.016738,0.016306,0.015905,0.015538,0.015207,0.014914,0.01466,0.014449,0.014282,0.014159,0.014121,0.014079,0.014083,0.014133,0.014228,0.014368,0.014556,0.014764,0.015011,0.015296,0.015617,0.015971,0.016358,0.016775,0.01722,0.017692,0.018189,0.018709,0.019251,0.019812,0.020391,0.020987,0.021597,0.022221,0.02281,0.023308,0.023719,0.023903,0.023942,0.023999,0.024103,0.024068,0.024003,0.023914,0.023792,0.023766,0.023927,0.024314,0.02387,0.023353,0.022861,0.02253,0.022521,0.022238,0.021669,0.020969,0.020348,0.019699,0.019105,0.01866,0.01814,0.017693,0.017324,0.017038,0.016838,0.016729,0.016711,0.016786,0.016953,0.017212,0.017587,0.017994,0.01845,0.019021,0.019614,0.020313,0.021135,0.021858,0.022692,0.023682,0.024561,0.025402,0.026318,0.027318,0.028403,0.029561,0.030769,0.032012,NaN,NaN,NaN,NaN,NaN,NaN,NaN,NaN,NaN,NaN,NaN,NaN,NaN,NaN,NaN,NaN,NaN,NaN,NaN,NaN,NaN,NaN,NaN,NaN,NaN,NaN,NaN,NaN,NaN,NaN,NaN,NaN,NaN,NaN,NaN,NaN,NaN,NaN,NaN,NaN,NaN,NaN,NaN,NaN,NaN,NaN,NaN,NaN,NaN,NaN,NaN,NaN,NaN,NaN,NaN,NaN,NaN,NaN,NaN,NaN,NaN,NaN,NaN,NaN,NaN,NaN,NaN,NaN,NaN,NaN,NaN,NaN,NaN,NaN,NaN,NaN,NaN,NaN,NaN,NaN,NaN,NaN,NaN,NaN,NaN,NaN,NaN,NaN,NaN,NaN,NaN,NaN,NaN,NaN,NaN,NaN,NaN,NaN,NaN,NaN,NaN,NaN,NaN,NaN,NaN,NaN,NaN,NaN,NaN,NaN,NaN,NaN,NaN,NaN,NaN,NaN,NaN,NaN,NaN,NaN,NaN,NaN,NaN,NaN,NaN,NaN,NaN,NaN,NaN,NaN,NaN,NaN,NaN,NaN,NaN,NaN,NaN,NaN,NaN,NaN,NaN,NaN,NaN,NaN,NaN
0.026877,0.026195,0.025519,0.02485,0.024189,0.023537,0.022894,0.022261,0.02164,0.02103,0.020434,0.019852,0.019286,0.018737,0.018207,0.017699,0.017213,0.016751,0.016317,0.015912,0.015537,0.015197,0.014891,0.014624,0.014396,0.014209,0.014064,0.013963,0.013906,0.013894,0.013926,0.014001,0.01412,0.014265,0.014448,0.014678,0.014945,0.015246,0.015581,0.015946,0.01634,0.016762,0.017208,0.017678,0.018169,0.01868,0.019209,0.019757,0.020314,0.020877,0.021458,0.022043,0.022619,0.023102,0.023374,0.023504,0.023701,0.023887,0.024031,0.024073,0.024145,0.024121,0.024308,0.024548,0.02536,0.025087,0.024587,0.024092,0.023866,0.023726,0.023698,0.023236,0.022423,0.021748,0.021046,0.020372,0.019732,0.019169,0.018689,0.018297,0.017997,0.017829,0.017713,0.017694,0.017772,0.017947,0.018218,0.018689,0.018997,0.019424,0.01997,0.020463,0.02105,0.021707,0.022372,0.023472,0.025392,0.026046,0.026439,0.027004,0.027795,0.028855,0.03018,0.031706,0.033365,0.03511,NaN,NaN,NaN,NaN,NaN,NaN,NaN,NaN,NaN,NaN,NaN,NaN,NaN,NaN,NaN,NaN,NaN,NaN,NaN,NaN,NaN,NaN,NaN,NaN,NaN,NaN,NaN,NaN,NaN,NaN,NaN,NaN,NaN,NaN,NaN,NaN,NaN,NaN,NaN,NaN,NaN,NaN,NaN,NaN,NaN,NaN,NaN,NaN,NaN,NaN,NaN,NaN,NaN,NaN,NaN,NaN,NaN,NaN,NaN,NaN,NaN,NaN,NaN,NaN,NaN,NaN,NaN,NaN,NaN,NaN,NaN,NaN,NaN,NaN,NaN,NaN,NaN,NaN,NaN,NaN,NaN,NaN,NaN,NaN,NaN,NaN,NaN,NaN,NaN,NaN,NaN,NaN,NaN,NaN,NaN,NaN,NaN,NaN,NaN,NaN,NaN,NaN,NaN,NaN,NaN,NaN,NaN,NaN,NaN,NaN,NaN,NaN,NaN,NaN,NaN,NaN,NaN,NaN,NaN,NaN,NaN,NaN,NaN,NaN,NaN,NaN,NaN,NaN,NaN,NaN,NaN,NaN,NaN,NaN,NaN,NaN,NaN,NaN,NaN,NaN,NaN,NaN,NaN,NaN
0.026836,0.026162,0.025495,0.024835,0.024183,0.023539,0.022903,0.022278,0.021663,0.02106,0.02047,0.019894,0.019333,0.018789,0.018263,0.017758,0.017274,0.016814,0.01638,0.015973,0.015597,0.015253,0.014943,0.014669,0.014434,0.014238,0.014083,0.013971,0.013902,0.013875,0.013893,0.013952,0.014054,0.014198,0.014368,0.014572,0.014821,0.015105,0.015421,0.015769,0.016145,0.016549,0.016978,0.017426,0.017897,0.018388,0.018897,0.019424,0.019967,0.020531,0.021105,0.021692,0.022335,0.022903,0.023226,0.023459,0.023664,0.023901,0.024011,0.023975,0.023937,0.023946,0.023877,0.023965,0.02458,0.02438,0.023918,0.023432,0.02315,0.023432,0.023304,0.022674,0.02196,0.021373,0.020801,0.020368,0.020117,0.019759,0.019541,0.019465,0.019528,0.019722,0.02004,0.020473,0.021035,0.021679,0.022444,0.023624,0.024338,0.024789,0.025195,0.025259,0.025192,0.025344,0.02581,0.027749,0.031954,0.03096,0.030541,0.029686,0.029555,0.030304,0.031992,0.034506,0.037624,0.04114,0.044914,NaN,NaN,NaN,NaN,NaN,NaN,NaN,NaN,NaN,NaN,NaN,NaN,NaN,NaN,NaN,NaN,NaN,NaN,NaN,NaN,NaN,NaN,NaN,NaN,NaN,NaN,NaN,NaN,NaN,NaN,NaN,NaN,NaN,NaN,NaN,NaN,NaN,NaN,NaN,NaN,NaN,NaN,NaN,NaN,NaN,NaN,NaN,NaN,NaN,NaN,NaN,NaN,NaN,NaN,NaN,NaN,NaN,NaN,NaN,NaN,NaN,NaN,NaN,NaN,NaN,NaN,NaN,NaN,NaN,NaN,NaN,NaN,NaN,NaN,NaN,NaN,NaN,NaN,NaN,NaN,NaN,NaN,NaN,NaN,NaN,NaN,NaN,NaN,NaN,NaN,NaN,NaN,NaN,NaN,NaN,NaN,NaN,NaN,NaN,NaN,NaN,NaN,NaN,NaN,NaN,NaN,NaN,NaN,NaN,NaN,NaN,NaN,NaN,NaN,NaN,NaN,NaN,NaN,NaN,NaN,NaN,NaN,NaN,NaN,NaN,NaN,NaN,NaN,NaN,NaN,NaN,NaN,NaN,NaN,NaN,NaN,NaN,NaN,NaN,NaN,NaN,NaN,NaN
0.026729,0.026063,0.025403,0.024751,0.024105,0.023468,0.02284,0.022222,0.021613,0.021017,0.020433,0.019863,0.019308,0.018769,0.018248,0.017747,0.017267,0.01681,0.016377,0.015972,0.015596,0.015251,0.014939,0.014662,0.014422,0.01422,0.014059,0.013992,0.013892,0.013836,0.013827,0.013868,0.013959,0.014097,0.014279,0.014502,0.014689,0.014963,0.01527,0.015608,0.015966,0.016357,0.016761,0.017194,0.017648,0.018123,0.018619,0.019128,0.019648,0.020186,0.020736,0.021305,0.021896,0.022427,0.022798,0.023093,0.023402,0.023695,0.023848,0.023951,0.023975,0.023951,0.023907,0.024153,0.024959,0.024689,0.024262,0.023789,0.02387,0.023898,0.023651,0.023235,0.022507,0.021811,0.021179,0.020711,0.020214,0.019793,0.019499,0.019326,0.019318,0.019394,0.019588,0.019899,0.020293,0.020778,0.021349,0.022406,0.022747,0.022986,0.023288,0.023416,0.023683,0.024042,0.0248,0.026566,0.030421,0.030262,0.029892,0.029067,0.028627,0.028845,0.029823,0.031559,0.033926,0.036745,0.039867,0.043191,NaN,NaN,NaN,NaN,NaN,NaN,NaN,NaN,NaN,NaN,NaN,NaN,NaN,NaN,NaN,NaN,NaN,NaN,NaN,NaN,NaN,NaN,NaN,NaN,NaN,NaN,NaN,NaN,NaN,NaN,NaN,NaN,NaN,NaN,NaN,NaN,NaN,NaN,NaN,NaN,NaN,NaN,NaN,NaN,NaN,NaN,NaN,NaN,NaN,NaN,NaN,NaN,NaN,NaN,NaN,NaN,NaN,NaN,NaN,NaN,NaN,NaN,NaN,NaN,NaN,NaN,NaN,NaN,NaN,NaN,NaN,NaN,NaN,NaN,NaN,NaN,NaN,NaN,NaN,NaN,NaN,NaN,NaN,NaN,NaN,NaN,NaN,NaN,NaN,NaN,NaN,NaN,NaN,NaN,NaN,NaN,NaN,NaN,NaN,NaN,NaN,NaN,NaN,NaN,NaN,NaN,NaN,NaN,NaN,NaN,NaN,NaN,NaN,NaN,NaN,NaN,NaN,NaN,NaN,NaN,NaN,NaN,NaN,NaN,NaN,NaN,NaN,NaN,NaN,NaN,NaN,NaN,NaN,NaN,NaN,NaN,NaN,NaN,NaN,NaN,NaN,NaN
0.026586,0.025918,0.025256,0.024602,0.023957,0.023321,0.022696,0.022083,0.021484,0.0209,0.020331,0.019779,0.019246,0.018731,0.018237,0.017764,0.017294,0.016857,0.016445,0.016059,0.015702,0.015375,0.01508,0.014838,0.014596,0.01439,0.014221,0.014226,0.014101,0.014016,0.013973,0.013972,0.014013,0.014097,0.014194,0.014352,0.01455,0.014786,0.015057,0.015353,0.015686,0.016049,0.016375,0.016779,0.017207,0.017657,0.018129,0.01862,0.019125,0.019643,0.02018,0.020727,0.021298,0.021816,0.022202,0.022548,0.022892,0.023205,0.023426,0.023642,0.023794,0.02388,0.024156,0.024593,0.02532,0.025105,0.024723,0.024382,0.024429,0.024975,0.024746,0.0242,0.023457,0.0228,0.022087,0.021615,0.021177,0.020593,0.020108,0.019726,0.019449,0.019275,0.019204,0.019234,0.019362,0.019588,0.019939,0.020469,0.020606,0.020822,0.021213,0.021517,0.021869,0.022366,0.022939,0.024409,0.027768,0.027662,0.027532,0.027257,0.02707,0.027267,0.027925,0.029075,0.030681,0.032649,0.034876,0.037281,0.03981,NaN,NaN,NaN,NaN,NaN,NaN,NaN,NaN,NaN,NaN,NaN,NaN,NaN,NaN,NaN,NaN,NaN,NaN,NaN,NaN,NaN,NaN,NaN,NaN,NaN,NaN,NaN,NaN,NaN,NaN,NaN,NaN,NaN,NaN,NaN,NaN,NaN,NaN,NaN,NaN,NaN,NaN,NaN,NaN,NaN,NaN,NaN,NaN,NaN,NaN,NaN,NaN,NaN,NaN,NaN,NaN,NaN,NaN,NaN,NaN,NaN,NaN,NaN,NaN,NaN,NaN,NaN,NaN,NaN,NaN,NaN,NaN,NaN,NaN,NaN,NaN,NaN,NaN,NaN,NaN,NaN,NaN,NaN,NaN,NaN,NaN,NaN,NaN,NaN,NaN,NaN,NaN,NaN,NaN,NaN,NaN,NaN,NaN,NaN,NaN,NaN,NaN,NaN,NaN,NaN,NaN,NaN,NaN,NaN,NaN,NaN,NaN,NaN,NaN,NaN,NaN,NaN,NaN,NaN,NaN,NaN,NaN,NaN,NaN,NaN,NaN,NaN,NaN,NaN,NaN,NaN,NaN,NaN,NaN,NaN,NaN,NaN,NaN,NaN,NaN,NaN
0.026547,0.025895,0.025249,0.02461,0.023978,0.023354,0.022739,0.022133,0.021537,0.020952,0.020379,0.01982,0.019275,0.018746,0.018234,0.017742,0.01727,0.01682,0.016394,0.015995,0.015623,0.015281,0.01497,0.014692,0.014449,0.014242,0.014072,0.013942,0.013851,0.013799,0.013788,0.013817,0.013886,0.013994,0.014082,0.014249,0.014451,0.014687,0.014943,0.015239,0.015553,0.015902,0.016276,0.016667,0.017084,0.017521,0.017978,0.018453,0.018944,0.019454,0.019975,0.020507,0.021031,0.021549,0.021892,0.0222,0.022513,0.02282,0.023025,0.023222,0.023366,0.02358,0.023832,0.024283,0.024917,0.024831,0.024469,0.024162,0.024205,0.024865,0.024696,0.024142,0.023356,0.022539,0.021942,0.021331,0.020827,0.020317,0.019874,0.019533,0.019323,0.019168,0.01911,0.019149,0.019291,0.019522,0.019872,0.020392,0.020532,0.020762,0.021051,0.021266,0.021616,0.021971,0.022554,0.023907,0.027232,0.027035,0.026713,0.026224,0.025991,0.025974,0.026354,0.027182,0.028455,0.030113,0.032069,0.034241,0.036565,0.038997,NaN,NaN,NaN,NaN,NaN,NaN,NaN,NaN,NaN,NaN,NaN,NaN,NaN,NaN,NaN,NaN,NaN,NaN,NaN,NaN,NaN,NaN,NaN,NaN,NaN,NaN,NaN,NaN,NaN,NaN,NaN,NaN,NaN,NaN,NaN,NaN,NaN,NaN,NaN,NaN,NaN,NaN,NaN,NaN,NaN,NaN,NaN,NaN,NaN,NaN,NaN,NaN,NaN,NaN,NaN,NaN,NaN,NaN,NaN,NaN,NaN,NaN,NaN,NaN,NaN,NaN,NaN,NaN,NaN,NaN,NaN,NaN,NaN,NaN,NaN,NaN,NaN,NaN,NaN,NaN,NaN,NaN,NaN,NaN,NaN,NaN,NaN,NaN,NaN,NaN,NaN,NaN,NaN,NaN,NaN,NaN,NaN,NaN,NaN,NaN,NaN,NaN,NaN,NaN,NaN,NaN,NaN,NaN,NaN,NaN,NaN,NaN,NaN,NaN,NaN,NaN,NaN,NaN,NaN,NaN,NaN,NaN,NaN,NaN,NaN,NaN,NaN,NaN,NaN,NaN,NaN,NaN,NaN,NaN,NaN,NaN,NaN,NaN,NaN,NaN
0.026622,0.025959,0.025302,0.024652,0.024011,0.023379,0.022757,0.022147,0.02155,0.020966,0.020397,0.019842,0.019303,0.018781,0.018278,0.017771,0.017298,0.016848,0.016421,0.016021,0.015649,0.015307,0.014996,0.014718,0.014476,0.014271,0.014103,0.014049,0.013938,0.013869,0.013842,0.013858,0.0139,0.014001,0.014144,0.014312,0.014531,0.014787,0.015076,0.015338,0.015663,0.016024,0.016411,0.016822,0.017256,0.017712,0.018187,0.018679,0.019186,0.019709,0.020246,0.020796,0.021353,0.021813,0.022165,0.022467,0.022784,0.023191,0.023366,0.023441,0.023381,0.023362,0.023503,0.023755,0.024308,0.024071,0.023712,0.023339,0.023312,0.023946,0.023769,0.023258,0.022471,0.021696,0.020964,0.020434,0.020006,0.019576,0.019271,0.019099,0.019083,0.01916,0.019355,0.01966,0.020053,0.020535,0.021085,0.0216,0.021966,0.022299,0.022688,0.022896,0.023105,0.023497,0.02396,0.025123,0.029205,0.028786,0.027629,0.0265,0.025682,0.025149,0.025076,0.025531,0.026539,0.028057,0.029997,0.032257,0.03475,0.037411,0.040195,NaN,NaN,NaN,NaN,NaN,NaN,NaN,NaN,NaN,NaN,NaN,NaN,NaN,NaN,NaN,NaN,NaN,NaN,NaN,NaN,NaN,NaN,NaN,NaN,NaN,NaN,NaN,NaN,NaN,NaN,NaN,NaN,NaN,NaN,NaN,NaN,NaN,NaN,NaN,NaN,NaN,NaN,NaN,NaN,NaN,NaN,NaN,NaN,NaN,NaN,NaN,NaN,NaN,NaN,NaN,NaN,NaN,NaN,NaN,NaN,NaN,NaN,NaN,NaN,NaN,NaN,NaN,NaN,NaN,NaN,NaN,NaN,NaN,NaN,NaN,NaN,NaN,NaN,NaN,NaN,NaN,NaN,NaN,NaN,NaN,NaN,NaN,NaN,NaN,NaN,NaN,NaN,NaN,NaN,NaN,NaN,NaN,NaN,NaN,NaN,NaN,NaN,NaN,NaN,NaN,NaN,NaN,NaN,NaN,NaN,NaN,NaN,NaN,NaN,NaN,NaN,NaN,NaN,NaN,NaN,NaN,NaN,NaN,NaN,NaN,NaN,NaN,NaN,NaN,NaN,NaN,NaN,NaN,NaN,NaN,NaN,NaN,NaN,NaN
0.026625,0.025948,0.025282,0.02463,0.023997,0.023383,0.022786,0.022202,0.021545,0.020959,0.020386,0.019827,0.019284,0.018757,0.018248,0.01776,0.017292,0.016847,0.016427,0.016033,0.015666,0.015329,0.015024,0.014751,0.014513,0.014334,0.014163,0.014083,0.013975,0.013908,0.013881,0.013895,0.013948,0.014024,0.014136,0.014296,0.014493,0.014725,0.01499,0.015287,0.015603,0.015955,0.016326,0.016719,0.01714,0.017584,0.018047,0.01853,0.019025,0.019535,0.020061,0.020601,0.021181,0.021647,0.022019,0.022322,0.022626,0.022872,0.023053,0.023213,0.023334,0.023306,0.023301,0.023555,0.024157,0.024018,0.023657,0.02335,0.023314,0.023679,0.023501,0.022973,0.022215,0.021588,0.021098,0.020704,0.020263,0.019795,0.019446,0.019216,0.019154,0.019148,0.019253,0.019472,0.019755,0.020101,0.020489,0.020934,0.021144,0.021367,0.021683,0.021906,0.022182,0.02259,0.023146,0.024171,0.028094,0.02794,0.027059,0.026076,0.025133,0.024487,0.024202,0.024347,0.024967,0.026061,0.027576,0.029431,0.031544,0.033847,0.03629,0.038836,NaN,NaN,NaN,NaN,NaN,NaN,NaN,NaN,NaN,NaN,NaN,NaN,NaN,NaN,NaN,NaN,NaN,NaN,NaN,NaN,NaN,NaN,NaN,NaN,NaN,NaN,NaN,NaN,NaN,NaN,NaN,NaN,NaN,NaN,NaN,NaN,NaN,NaN,NaN,NaN,NaN,NaN,NaN,NaN,NaN,NaN,NaN,NaN,NaN,NaN,NaN,NaN,NaN,NaN,NaN,NaN,NaN,NaN,NaN,NaN,NaN,NaN,NaN,NaN,NaN,NaN,NaN,NaN,NaN,NaN,NaN,NaN,NaN,NaN,NaN,NaN,NaN,NaN,NaN,NaN,NaN,NaN,NaN,NaN,NaN,NaN,NaN,NaN,NaN,NaN,NaN,NaN,NaN,NaN,NaN,NaN,NaN,NaN,NaN,NaN,NaN,NaN,NaN,NaN,NaN,NaN,NaN,NaN,NaN,NaN,NaN,NaN,NaN,NaN,NaN,NaN,NaN,NaN,NaN,NaN,NaN,NaN,NaN,NaN,NaN,NaN,NaN,NaN,NaN,NaN,NaN,NaN,NaN,NaN,NaN,NaN,NaN,NaN
0.026804,0.026125,0.025452,0.024787,0.024131,0.023484,0.022848,0.022224,0.021612,0.021015,0.020434,0.019869,0.019322,0.018795,0.018288,0.017803,0.017341,0.01689,0.016469,0.016077,0.015715,0.015384,0.015086,0.014824,0.014618,0.014423,0.014267,0.014239,0.014133,0.014072,0.014055,0.014085,0.014162,0.014287,0.014414,0.014594,0.014809,0.015005,0.015284,0.015595,0.015936,0.016306,0.016701,0.017122,0.017566,0.018027,0.018509,0.01901,0.019528,0.020062,0.020611,0.021171,0.021752,0.022225,0.022602,0.022877,0.023172,0.023363,0.023494,0.023466,0.023407,0.023289,0.023273,0.023325,0.023375,0.023124,0.022805,0.022455,0.022376,0.022443,0.022269,0.021682,0.021047,0.02043,0.019922,0.019606,0.019221,0.018872,0.018644,0.018539,0.018558,0.018745,0.018993,0.01935,0.019807,0.020362,0.020974,0.021529,0.021851,0.022154,0.022494,0.022807,0.023191,0.023618,0.02406,0.025233,0.02929,0.028395,0.027334,0.02598,0.024703,0.023716,0.023083,0.022873,0.02314,0.023905,0.025139,0.026774,0.028727,0.030923,0.033299,0.035811,0.038425,NaN,NaN,NaN,NaN,NaN,NaN,NaN,NaN,NaN,NaN,NaN,NaN,NaN,NaN,NaN,NaN,NaN,NaN,NaN,NaN,NaN,NaN,NaN,NaN,NaN,NaN,NaN,NaN,NaN,NaN,NaN,NaN,NaN,NaN,NaN,NaN,NaN,NaN,NaN,NaN,NaN,NaN,NaN,NaN,NaN,NaN,NaN,NaN,NaN,NaN,NaN,NaN,NaN,NaN,NaN,NaN,NaN,NaN,NaN,NaN,NaN,NaN,NaN,NaN,NaN,NaN,NaN,NaN,NaN,NaN,NaN,NaN,NaN,NaN,NaN,NaN,NaN,NaN,NaN,NaN,NaN,NaN,NaN,NaN,NaN,NaN,NaN,NaN,NaN,NaN,NaN,NaN,NaN,NaN,NaN,NaN,NaN,NaN,NaN,NaN,NaN,NaN,NaN,NaN,NaN,NaN,NaN,NaN,NaN,NaN,NaN,NaN,NaN,NaN,NaN,NaN,NaN,NaN,NaN,NaN,NaN,NaN,NaN,NaN,NaN,NaN,NaN,NaN,NaN,NaN,NaN,NaN,NaN,NaN,NaN,NaN,NaN
0.026622,0.025967,0.025318,0.024676,0.024041,0.023414,0.022796,0.022187,0.021588,0.021001,0.020426,0.019864,0.019317,0.018786,0.018272,0.017778,0.017303,0.016851,0.016423,0.01602,0.015645,0.015299,0.014985,0.014704,0.014458,0.01426,0.014082,0.013944,0.013845,0.013787,0.013771,0.013795,0.01386,0.013964,0.014074,0.014247,0.014456,0.014699,0.014976,0.015284,0.015621,0.015986,0.016377,0.016793,0.017231,0.01769,0.018168,0.018665,0.019179,0.019708,0.020251,0.020808,0.021351,0.021869,0.022244,0.02256,0.022888,0.023166,0.023292,0.023417,0.023394,0.02327,0.023143,0.02311,0.023303,0.023164,0.022831,0.022519,0.022422,0.02281,0.022903,0.022417,0.021732,0.021054,0.020415,0.019928,0.019488,0.019106,0.018804,0.018619,0.018551,0.018597,0.018755,0.019017,0.019379,0.019834,0.020368,0.020754,0.021097,0.021352,0.021729,0.022085,0.022401,0.02282,0.023443,0.024315,0.027871,0.027195,0.026015,0.024846,0.023754,0.022847,0.022214,0.02191,0.02201,0.022476,0.023349,0.024592,0.026146,0.027949,0.029944,0.032084,0.034335,0.03667,NaN,NaN,NaN,NaN,NaN,NaN,NaN,NaN,NaN,NaN,NaN,NaN,NaN,NaN,NaN,NaN,NaN,NaN,NaN,NaN,NaN,NaN,NaN,NaN,NaN,NaN,NaN,NaN,NaN,NaN,NaN,NaN,NaN,NaN,NaN,NaN,NaN,NaN,NaN,NaN,NaN,NaN,NaN,NaN,NaN,NaN,NaN,NaN,NaN,NaN,NaN,NaN,NaN,NaN,NaN,NaN,NaN,NaN,NaN,NaN,NaN,NaN,NaN,NaN,NaN,NaN,NaN,NaN,NaN,NaN,NaN,NaN,NaN,NaN,NaN,NaN,NaN,NaN,NaN,NaN,NaN,NaN,NaN,NaN,NaN,NaN,NaN,NaN,NaN,NaN,NaN,NaN,NaN,NaN,NaN,NaN,NaN,NaN,NaN,NaN,NaN,NaN,NaN,NaN,NaN,NaN,NaN,NaN,NaN,NaN,NaN,NaN,NaN,NaN,NaN,NaN,NaN,NaN,NaN,NaN,NaN,NaN,NaN,NaN,NaN,NaN,NaN,NaN,NaN,NaN,NaN,NaN,NaN,NaN,NaN,NaN
0.026846,0.026163,0.025487,0.024819,0.02416,0.023512,0.022875,0.022251,0.021641,0.021046,0.020467,0.019904,0.019358,0.018832,0.018289,0.017793,0.01732,0.016872,0.01645,0.016056,0.015693,0.015361,0.015063,0.0148,0.014575,0.014389,0.014242,0.014251,0.014159,0.01411,0.014103,0.014138,0.014222,0.014338,0.01448,0.01466,0.014869,0.015117,0.0154,0.015715,0.016061,0.016437,0.016841,0.017271,0.017726,0.018205,0.018704,0.019224,0.019763,0.020351,0.020914,0.021501,0.022089,0.022577,0.022914,0.023119,0.023363,0.023596,0.02366,0.023594,0.023387,0.02317,0.0229,0.022816,0.02288,0.022494,0.022136,0.021864,0.021749,0.022202,0.02221,0.021778,0.021047,0.020417,0.019886,0.019559,0.019432,0.019232,0.019263,0.019414,0.019718,0.02021,0.020819,0.021556,0.02241,0.023255,0.024169,0.024933,0.025348,0.025572,0.025767,0.025638,0.025674,0.025772,0.025896,0.026957,0.030167,0.029486,0.028007,0.026496,0.025208,0.024118,0.023341,0.022921,0.022962,0.023344,0.024154,0.025363,0.026921,0.02877,0.030851,0.033113,0.035516,0.038028,0.040627,NaN,NaN,NaN,NaN,NaN,NaN,NaN,NaN,NaN,NaN,NaN,NaN,NaN,NaN,NaN,NaN,NaN,NaN,NaN,NaN,NaN,NaN,NaN,NaN,NaN,NaN,NaN,NaN,NaN,NaN,NaN,NaN,NaN,NaN,NaN,NaN,NaN,NaN,NaN,NaN,NaN,NaN,NaN,NaN,NaN,NaN,NaN,NaN,NaN,NaN,NaN,NaN,NaN,NaN,NaN,NaN,NaN,NaN,NaN,NaN,NaN,NaN,NaN,NaN,NaN,NaN,NaN,NaN,NaN,NaN,NaN,NaN,NaN,NaN,NaN,NaN,NaN,NaN,NaN,NaN,NaN,NaN,NaN,NaN,NaN,NaN,NaN,NaN,NaN,NaN,NaN,NaN,NaN,NaN,NaN,NaN,NaN,NaN,NaN,NaN,NaN,NaN,NaN,NaN,NaN,NaN,NaN,NaN,NaN,NaN,NaN,NaN,NaN,NaN,NaN,NaN,NaN,NaN,NaN,NaN,NaN,NaN,NaN,NaN,NaN,NaN,NaN,NaN,NaN,NaN,NaN,NaN,NaN,NaN,NaN
0.026938,0.026256,0.025581,0.024913,0.024253,0.023601,0.022959,0.022327,0.021706,0.021098,0.020503,0.019922,0.019358,0.018811,0.018283,0.017777,0.017292,0.016833,0.016399,0.015994,0.01562,0.015278,0.014971,0.014701,0.01447,0.01428,0.014168,0.014072,0.013995,0.013963,0.013975,0.014031,0.01413,0.014271,0.014452,0.014673,0.014932,0.015226,0.015555,0.015959,0.016335,0.016739,0.017171,0.01763,0.018112,0.018619,0.019149,0.019699,0.020269,0.020857,0.021473,0.022093,0.022694,0.023205,0.023538,0.023707,0.023918,0.024125,0.02418,0.024028,0.023769,0.023496,0.023176,0.023057,0.023215,0.02289,0.022396,0.021883,0.021806,0.021722,0.021242,0.020493,0.019715,0.019021,0.018524,0.01828,0.018143,0.018128,0.018291,0.018658,0.019241,0.019998,0.020886,0.021911,0.022999,0.024205,0.025423,0.026392,0.026911,0.027048,0.027377,0.027433,0.027348,0.027373,0.027542,0.028232,0.030732,0.02982,0.028374,0.026682,0.025162,0.02384,0.022821,0.022147,0.021859,0.021985,0.022536,0.023496,0.024827,0.026476,0.028384,0.030498,0.032776,0.035181,0.037688,0.040276,NaN,NaN,NaN,NaN,NaN,NaN,NaN,NaN,NaN,NaN,NaN,NaN,NaN,NaN,NaN,NaN,NaN,NaN,NaN,NaN,NaN,NaN,NaN,NaN,NaN,NaN,NaN,NaN,NaN,NaN,NaN,NaN,NaN,NaN,NaN,NaN,NaN,NaN,NaN,NaN,NaN,NaN,NaN,NaN,NaN,NaN,NaN,NaN,NaN,NaN,NaN,NaN,NaN,NaN,NaN,NaN,NaN,NaN,NaN,NaN,NaN,NaN,NaN,NaN,NaN,NaN,NaN,NaN,NaN,NaN,NaN,NaN,NaN,NaN,NaN,NaN,NaN,NaN,NaN,NaN,NaN,NaN,NaN,NaN,NaN,NaN,NaN,NaN,NaN,NaN,NaN,NaN,NaN,NaN,NaN,NaN,NaN,NaN,NaN,NaN,NaN,NaN,NaN,NaN,NaN,NaN,NaN,NaN,NaN,NaN,NaN,NaN,NaN,NaN,NaN,NaN,NaN,NaN,NaN,NaN,NaN,NaN,NaN,NaN,NaN,NaN,NaN,NaN,NaN,NaN,NaN,NaN,NaN,NaN
0.026999,0.026316,0.025639,0.02497,0.024309,0.023656,0.023012,0.022378,0.021756,0.021145,0.020547,0.019964,0.019397,0.018847,0.018316,0.017806,0.017318,0.016854,0.016418,0.016009,0.015632,0.015288,0.014978,0.014706,0.014473,0.014281,0.014131,0.014024,0.013962,0.013944,0.01397,0.01404,0.014139,0.014289,0.01447,0.014695,0.014956,0.015253,0.015583,0.015933,0.016319,0.016733,0.017172,0.017634,0.018119,0.018623,0.019146,0.019686,0.020251,0.020818,0.021397,0.022003,0.022633,0.023152,0.023499,0.023705,0.023943,0.024254,0.024287,0.024047,0.023728,0.023429,0.023135,0.02308,0.02288,0.022545,0.022147,0.021687,0.021397,0.021534,0.02092,0.020197,0.019439,0.01885,0.01841,0.01831,0.018089,0.018065,0.018245,0.018629,0.01923,0.019987,0.020907,0.021965,0.023119,0.024329,0.025547,0.026142,0.026448,0.026652,0.026762,0.026706,0.026606,0.026648,0.026661,0.027338,0.030267,0.028992,0.027497,0.025837,0.024325,0.023032,0.021995,0.02125,0.020884,0.020808,0.021106,0.021776,0.022794,0.024122,0.025711,0.027516,0.029493,0.031608,0.033832,0.036144,0.038526,NaN,NaN,NaN,NaN,NaN,NaN,NaN,NaN,NaN,NaN,NaN,NaN,NaN,NaN,NaN,NaN,NaN,NaN,NaN,NaN,NaN,NaN,NaN,NaN,NaN,NaN,NaN,NaN,NaN,NaN,NaN,NaN,NaN,NaN,NaN,NaN,NaN,NaN,NaN,NaN,NaN,NaN,NaN,NaN,NaN,NaN,NaN,NaN,NaN,NaN,NaN,NaN,NaN,NaN,NaN,NaN,NaN,NaN,NaN,NaN,NaN,NaN,NaN,NaN,NaN,NaN,NaN,NaN,NaN,NaN,NaN,NaN,NaN,NaN,NaN,NaN,NaN,NaN,NaN,NaN,NaN,NaN,NaN,NaN,NaN,NaN,NaN,NaN,NaN,NaN,NaN,NaN,NaN,NaN,NaN,NaN,NaN,NaN,NaN,NaN,NaN,NaN,NaN,NaN,NaN,NaN,NaN,NaN,NaN,NaN,NaN,NaN,NaN,NaN,NaN,NaN,NaN,NaN,NaN,NaN,NaN,NaN,NaN,NaN,NaN,NaN,NaN,NaN,NaN,NaN,NaN,NaN,NaN
0.027042,0.026347,0.02566,0.024981,0.02431,0.023649,0.022999,0.022362,0.021737,0.021127,0.020533,0.019954,0.019392,0.018848,0.018324,0.017762,0.01727,0.016804,0.016365,0.015955,0.015578,0.015235,0.014929,0.014662,0.014435,0.01425,0.014109,0.014087,0.01402,0.013998,0.014021,0.014089,0.014201,0.014355,0.014541,0.014771,0.015039,0.015342,0.015679,0.016048,0.016446,0.016873,0.017325,0.017802,0.018301,0.018822,0.019361,0.019918,0.020491,0.02108,0.021682,0.022299,0.022953,0.023575,0.023832,0.023998,0.024139,0.024285,0.024226,0.024146,0.023848,0.023575,0.023367,0.022979,0.0228,0.022317,0.021771,0.021259,0.02111,0.021229,0.020988,0.02014,0.019375,0.018751,0.018296,0.017956,0.01776,0.017769,0.01799,0.018421,0.019051,0.019863,0.020833,0.02194,0.023138,0.024445,0.025687,0.026145,0.026357,0.026464,0.026549,0.026436,0.026423,0.026305,0.026377,0.026913,0.029178,0.027993,0.026619,0.025133,0.023716,0.022439,0.021382,0.020576,0.020051,0.019835,0.019946,0.020391,0.021159,0.022221,0.023541,0.025077,0.026791,0.028647,0.030618,0.032682,0.03482,0.037019,NaN,NaN,NaN,NaN,NaN,NaN,NaN,NaN,NaN,NaN,NaN,NaN,NaN,NaN,NaN,NaN,NaN,NaN,NaN,NaN,NaN,NaN,NaN,NaN,NaN,NaN,NaN,NaN,NaN,NaN,NaN,NaN,NaN,NaN,NaN,NaN,NaN,NaN,NaN,NaN,NaN,NaN,NaN,NaN,NaN,NaN,NaN,NaN,NaN,NaN,NaN,NaN,NaN,NaN,NaN,NaN,NaN,NaN,NaN,NaN,NaN,NaN,NaN,NaN,NaN,NaN,NaN,NaN,NaN,NaN,NaN,NaN,NaN,NaN,NaN,NaN,NaN,NaN,NaN,NaN,NaN,NaN,NaN,NaN,NaN,NaN,NaN,NaN,NaN,NaN,NaN,NaN,NaN,NaN,NaN,NaN,NaN,NaN,NaN,NaN,NaN,NaN,NaN,NaN,NaN,NaN,NaN,NaN,NaN,NaN,NaN,NaN,NaN,NaN,NaN,NaN,NaN,NaN,NaN,NaN,NaN,NaN,NaN,NaN,NaN,NaN,NaN,NaN,NaN,NaN,NaN,NaN
0.026981,0.026298,0.025622,0.024952,0.024291,0.023639,0.022995,0.022362,0.02174,0.02113,0.020533,0.019951,0.019385,0.018836,0.018306,0.017797,0.01731,0.016848,0.016412,0.016005,0.015629,0.015285,0.014976,0.014705,0.014473,0.014281,0.014167,0.014053,0.013983,0.013958,0.013977,0.014041,0.014147,0.014296,0.014476,0.0147,0.014962,0.015259,0.01559,0.015952,0.016344,0.016764,0.01721,0.01768,0.018172,0.018684,0.019216,0.019765,0.02033,0.020909,0.021503,0.022109,0.022758,0.023424,0.023679,0.023843,0.024018,0.024193,0.024186,0.02401,0.023791,0.023512,0.023143,0.022932,0.022794,0.022256,0.021721,0.021301,0.021288,0.021273,0.020976,0.020446,0.019616,0.018955,0.018566,0.018244,0.01814,0.01819,0.018467,0.018971,0.019722,0.020624,0.021691,0.022898,0.024234,0.025656,0.026894,0.02698,0.026806,0.026662,0.026506,0.02626,0.026027,0.025863,0.025806,0.025876,0.027234,0.026124,0.024677,0.023351,0.02209,0.020994,0.020086,0.019392,0.018933,0.018731,0.018798,0.01914,0.019751,0.020613,0.021699,0.022978,0.024419,0.025992,0.027675,0.029446,0.03129,0.033193,0.035146,NaN,NaN,NaN,NaN,NaN,NaN,NaN,NaN,NaN,NaN,NaN,NaN,NaN,NaN,NaN,NaN,NaN,NaN,NaN,NaN,NaN,NaN,NaN,NaN,NaN,NaN,NaN,NaN,NaN,NaN,NaN,NaN,NaN,NaN,NaN,NaN,NaN,NaN,NaN,NaN,NaN,NaN,NaN,NaN,NaN,NaN,NaN,NaN,NaN,NaN,NaN,NaN,NaN,NaN,NaN,NaN,NaN,NaN,NaN,NaN,NaN,NaN,NaN,NaN,NaN,NaN,NaN,NaN,NaN,NaN,NaN,NaN,NaN,NaN,NaN,NaN,NaN,NaN,NaN,NaN,NaN,NaN,NaN,NaN,NaN,NaN,NaN,NaN,NaN,NaN,NaN,NaN,NaN,NaN,NaN,NaN,NaN,NaN,NaN,NaN,NaN,NaN,NaN,NaN,NaN,NaN,NaN,NaN,NaN,NaN,NaN,NaN,NaN,NaN,NaN,NaN,NaN,NaN,NaN,NaN,NaN,NaN,NaN,NaN,NaN,NaN,NaN,NaN,NaN,NaN,NaN
0.026999,0.026295,0.025604,0.024929,0.024277,0.023643,0.023024,0.022357,0.021733,0.021122,0.020525,0.019942,0.019376,0.018828,0.0183,0.017793,0.017309,0.01685,0.016417,0.016014,0.015642,0.015302,0.014999,0.014732,0.014529,0.014334,0.014182,0.014089,0.014018,0.013991,0.014008,0.014069,0.014173,0.014319,0.014484,0.014699,0.014952,0.015241,0.015563,0.015917,0.016301,0.016712,0.01715,0.017612,0.018096,0.018601,0.019126,0.019668,0.020226,0.0208,0.021388,0.022,0.022634,0.023179,0.023451,0.023631,0.023791,0.023971,0.024008,0.023917,0.023633,0.023385,0.023161,0.022969,0.022831,0.022414,0.021929,0.021523,0.021382,0.021533,0.021186,0.02055,0.019736,0.01906,0.018579,0.018225,0.017993,0.017946,0.018111,0.018492,0.019078,0.019854,0.020797,0.021884,0.023089,0.024376,0.025626,0.025663,0.025848,0.025905,0.025982,0.025951,0.025969,0.02601,0.026093,0.026537,0.028179,0.027304,0.025929,0.024451,0.023096,0.021883,0.020836,0.019977,0.019331,0.018921,0.018767,0.018881,0.019266,0.019913,0.020802,0.021906,0.023192,0.024633,0.0262,0.02787,0.029626,0.031451,0.033334,0.035265,NaN,NaN,NaN,NaN,NaN,NaN,NaN,NaN,NaN,NaN,NaN,NaN,NaN,NaN,NaN,NaN,NaN,NaN,NaN,NaN,NaN,NaN,NaN,NaN,NaN,NaN,NaN,NaN,NaN,NaN,NaN,NaN,NaN,NaN,NaN,NaN,NaN,NaN,NaN,NaN,NaN,NaN,NaN,NaN,NaN,NaN,NaN,NaN,NaN,NaN,NaN,NaN,NaN,NaN,NaN,NaN,NaN,NaN,NaN,NaN,NaN,NaN,NaN,NaN,NaN,NaN,NaN,NaN,NaN,NaN,NaN,NaN,NaN,NaN,NaN,NaN,NaN,NaN,NaN,NaN,NaN,NaN,NaN,NaN,NaN,NaN,NaN,NaN,NaN,NaN,NaN,NaN,NaN,NaN,NaN,NaN,NaN,NaN,NaN,NaN,NaN,NaN,NaN,NaN,NaN,NaN,NaN,NaN,NaN,NaN,NaN,NaN,NaN,NaN,NaN,NaN,NaN,NaN,NaN,NaN,NaN,NaN,NaN,NaN,NaN,NaN,NaN,NaN,NaN,NaN
0.02707,0.026374,0.025686,0.025005,0.024332,0.023669,0.023017,0.022376,0.021747,0.021133,0.020534,0.019952,0.019388,0.018842,0.018317,0.017813,0.017333,0.016878,0.01644,0.016032,0.015656,0.015313,0.015006,0.014737,0.014528,0.014333,0.014215,0.014099,0.014027,0.014002,0.014021,0.014086,0.014195,0.014347,0.014541,0.014774,0.015046,0.015355,0.015698,0.016073,0.01648,0.016911,0.017368,0.017849,0.018353,0.018878,0.019422,0.019983,0.020561,0.021154,0.021761,0.02238,0.023029,0.02355,0.023842,0.024051,0.024265,0.024456,0.024421,0.024211,0.023906,0.02355,0.023208,0.022915,0.022711,0.022232,0.021663,0.021133,0.021091,0.020976,0.020448,0.01974,0.01896,0.018317,0.017824,0.017544,0.017446,0.017466,0.017679,0.018082,0.018692,0.019427,0.020303,0.021303,0.02241,0.02356,0.024633,0.024676,0.024951,0.025191,0.025368,0.025514,0.025694,0.025856,0.026111,0.026661,0.028415,0.027463,0.026104,0.024703,0.023332,0.022082,0.020975,0.020031,0.019274,0.018726,0.018409,0.01835,0.018523,0.018951,0.019623,0.020518,0.021608,0.022867,0.024267,0.025785,0.027399,0.029094,0.030853,0.032667,0.034526,NaN,NaN,NaN,NaN,NaN,NaN,NaN,NaN,NaN,NaN,NaN,NaN,NaN,NaN,NaN,NaN,NaN,NaN,NaN,NaN,NaN,NaN,NaN,NaN,NaN,NaN,NaN,NaN,NaN,NaN,NaN,NaN,NaN,NaN,NaN,NaN,NaN,NaN,NaN,NaN,NaN,NaN,NaN,NaN,NaN,NaN,NaN,NaN,NaN,NaN,NaN,NaN,NaN,NaN,NaN,NaN,NaN,NaN,NaN,NaN,NaN,NaN,NaN,NaN,NaN,NaN,NaN,NaN,NaN,NaN,NaN,NaN,NaN,NaN,NaN,NaN,NaN,NaN,NaN,NaN,NaN,NaN,NaN,NaN,NaN,NaN,NaN,NaN,NaN,NaN,NaN,NaN,NaN,NaN,NaN,NaN,NaN,NaN,NaN,NaN,NaN,NaN,NaN,NaN,NaN,NaN,NaN,NaN,NaN,NaN,NaN,NaN,NaN,NaN,NaN,NaN,NaN,NaN,NaN,NaN,NaN,NaN,NaN,NaN,NaN,NaN,NaN,NaN,NaN
0.026959,0.026274,0.025596,0.024925,0.024264,0.023612,0.02297,0.022341,0.021724,0.021121,0.020533,0.01996,0.019404,0.018865,0.018345,0.017818,0.01733,0.016866,0.016427,0.016017,0.015636,0.015288,0.014974,0.014696,0.014457,0.014258,0.0141,0.014004,0.013927,0.013895,0.013906,0.013961,0.014059,0.014199,0.01438,0.0146,0.014857,0.015149,0.015475,0.015833,0.01622,0.016635,0.017075,0.017539,0.018026,0.018533,0.01906,0.019604,0.020164,0.020739,0.021328,0.02193,0.02257,0.023154,0.023494,0.023734,0.023965,0.024199,0.024283,0.02417,0.023995,0.023718,0.023519,0.023326,0.02306,0.02258,0.022084,0.021578,0.021415,0.021701,0.021202,0.020474,0.019645,0.018895,0.01833,0.017939,0.017778,0.017778,0.018001,0.018442,0.019086,0.019912,0.020895,0.022013,0.023188,0.024437,0.025334,0.025308,0.025401,0.025484,0.02551,0.025519,0.025552,0.025598,0.0257,0.026167,0.027155,0.026199,0.025009,0.023693,0.022452,0.021302,0.020278,0.019398,0.01868,0.018145,0.017808,0.017685,0.017783,0.018106,0.018646,0.019387,0.020311,0.021393,0.02261,0.023941,0.025366,0.026869,0.028438,0.030062,0.031731,0.033439,NaN,NaN,NaN,NaN,NaN,NaN,NaN,NaN,NaN,NaN,NaN,NaN,NaN,NaN,NaN,NaN,NaN,NaN,NaN,NaN,NaN,NaN,NaN,NaN,NaN,NaN,NaN,NaN,NaN,NaN,NaN,NaN,NaN,NaN,NaN,NaN,NaN,NaN,NaN,NaN,NaN,NaN,NaN,NaN,NaN,NaN,NaN,NaN,NaN,NaN,NaN,NaN,NaN,NaN,NaN,NaN,NaN,NaN,NaN,NaN,NaN,NaN,NaN,NaN,NaN,NaN,NaN,NaN,NaN,NaN,NaN,NaN,NaN,NaN,NaN,NaN,NaN,NaN,NaN,NaN,NaN,NaN,NaN,NaN,NaN,NaN,NaN,NaN,NaN,NaN,NaN,NaN,NaN,NaN,NaN,NaN,NaN,NaN,NaN,NaN,NaN,NaN,NaN,NaN,NaN,NaN,NaN,NaN,NaN,NaN,NaN,NaN,NaN,NaN,NaN,NaN,NaN,NaN,NaN,NaN,NaN,NaN,NaN,NaN,NaN,NaN,NaN,NaN
0.027012,0.026325,0.025646,0.024974,0.02431,0.023654,0.023007,0.022371,0.021746,0.021133,0.020533,0.019948,0.019379,0.018827,0.018294,0.017781,0.017292,0.016826,0.016387,0.015977,0.015597,0.015251,0.01494,0.014666,0.014432,0.014239,0.014103,0.013991,0.013924,0.013901,0.013924,0.013992,0.014103,0.014257,0.014452,0.014687,0.014959,0.015266,0.015608,0.015981,0.016383,0.016813,0.017268,0.017748,0.018249,0.01877,0.01931,0.019868,0.020441,0.02103,0.021631,0.022264,0.022859,0.023367,0.023683,0.023904,0.024155,0.024417,0.024454,0.024469,0.024172,0.023903,0.023626,0.023191,0.023009,0.022485,0.021895,0.021347,0.021023,0.021068,0.020587,0.019822,0.019003,0.018414,0.017874,0.017536,0.017367,0.017382,0.017602,0.018024,0.018636,0.019421,0.020359,0.021421,0.022583,0.023748,0.024758,0.024472,0.024645,0.024854,0.02507,0.02524,0.025436,0.02566,0.02593,0.026406,0.027587,0.026516,0.025237,0.023956,0.022682,0.021502,0.020433,0.01949,0.018714,0.018061,0.017591,0.017317,0.017253,0.017404,0.017768,0.018337,0.019094,0.020038,0.021086,0.022262,0.023545,0.024922,0.026379,0.027904,0.029486,0.031113,0.032779,NaN,NaN,NaN,NaN,NaN,NaN,NaN,NaN,NaN,NaN,NaN,NaN,NaN,NaN,NaN,NaN,NaN,NaN,NaN,NaN,NaN,NaN,NaN,NaN,NaN,NaN,NaN,NaN,NaN,NaN,NaN,NaN,NaN,NaN,NaN,NaN,NaN,NaN,NaN,NaN,NaN,NaN,NaN,NaN,NaN,NaN,NaN,NaN,NaN,NaN,NaN,NaN,NaN,NaN,NaN,NaN,NaN,NaN,NaN,NaN,NaN,NaN,NaN,NaN,NaN,NaN,NaN,NaN,NaN,NaN,NaN,NaN,NaN,NaN,NaN,NaN,NaN,NaN,NaN,NaN,NaN,NaN,NaN,NaN,NaN,NaN,NaN,NaN,NaN,NaN,NaN,NaN,NaN,NaN,NaN,NaN,NaN,NaN,NaN,NaN,NaN,NaN,NaN,NaN,NaN,NaN,NaN,NaN,NaN,NaN,NaN,NaN,NaN,NaN,NaN,NaN,NaN,NaN,NaN,NaN,NaN,NaN,NaN,NaN,NaN,NaN,NaN
0.026996,0.026304,0.025619,0.024943,0.024275,0.023616,0.022968,0.022333,0.021711,0.021103,0.020511,0.019936,0.01938,0.018843,0.018327,0.017832,0.017362,0.016905,0.016477,0.016077,0.015708,0.015373,0.015072,0.014817,0.014585,0.014393,0.014243,0.014275,0.014164,0.014104,0.014103,0.014164,0.014283,0.014451,0.014536,0.014746,0.014994,0.015278,0.015596,0.015946,0.016327,0.016735,0.01717,0.01763,0.018113,0.018618,0.019142,0.019684,0.020244,0.020819,0.021408,0.022016,0.022606,0.023111,0.023387,0.023623,0.023824,0.02396,0.023992,0.023825,0.023551,0.023319,0.02301,0.022756,0.022582,0.022225,0.021818,0.02139,0.021139,0.02125,0.020831,0.020221,0.019496,0.018914,0.018355,0.017931,0.017673,0.017593,0.017688,0.017976,0.018483,0.019114,0.019897,0.020808,0.02183,0.022886,0.023867,0.023936,0.024182,0.02449,0.024802,0.025078,0.025368,0.025714,0.026042,0.026671,0.028256,0.027719,0.026649,0.02532,0.024043,0.022822,0.0217,0.020692,0.019812,0.01908,0.018513,0.018126,0.017936,0.017952,0.018178,0.018611,0.019239,0.020045,0.02101,0.022112,0.023331,0.024648,0.026049,0.027519,0.029047,0.030624,0.032242,0.033896,NaN,NaN,NaN,NaN,NaN,NaN,NaN,NaN,NaN,NaN,NaN,NaN,NaN,NaN,NaN,NaN,NaN,NaN,NaN,NaN,NaN,NaN,NaN,NaN,NaN,NaN,NaN,NaN,NaN,NaN,NaN,NaN,NaN,NaN,NaN,NaN,NaN,NaN,NaN,NaN,NaN,NaN,NaN,NaN,NaN,NaN,NaN,NaN,NaN,NaN,NaN,NaN,NaN,NaN,NaN,NaN,NaN,NaN,NaN,NaN,NaN,NaN,NaN,NaN,NaN,NaN,NaN,NaN,NaN,NaN,NaN,NaN,NaN,NaN,NaN,NaN,NaN,NaN,NaN,NaN,NaN,NaN,NaN,NaN,NaN,NaN,NaN,NaN,NaN,NaN,NaN,NaN,NaN,NaN,NaN,NaN,NaN,NaN,NaN,NaN,NaN,NaN,NaN,NaN,NaN,NaN,NaN,NaN,NaN,NaN,NaN,NaN,NaN,NaN,NaN,NaN,NaN,NaN,NaN,NaN,NaN,NaN,NaN,NaN,NaN,NaN
0.027031,0.026338,0.025652,0.024974,0.024305,0.023645,0.022997,0.022361,0.021738,0.02113,0.020537,0.01996,0.0194,0.018859,0.018337,0.017808,0.017321,0.016858,0.016422,0.016014,0.015637,0.015293,0.014985,0.014713,0.014481,0.014302,0.014148,0.014057,0.013983,0.013955,0.013972,0.014033,0.014138,0.014285,0.014473,0.014701,0.014966,0.015267,0.015602,0.015968,0.016364,0.016788,0.017238,0.017712,0.018208,0.018725,0.019262,0.019816,0.020386,0.020972,0.021571,0.022183,0.022793,0.023339,0.0237,0.023967,0.024188,0.024381,0.024311,0.024139,0.023884,0.023509,0.0233,0.022974,0.022773,0.022276,0.021751,0.021285,0.020973,0.021001,0.020453,0.019847,0.01907,0.018461,0.018047,0.017685,0.017476,0.017397,0.017501,0.01779,0.018256,0.018886,0.019665,0.020575,0.021573,0.022605,0.023379,0.023455,0.02381,0.024174,0.024598,0.024992,0.025397,0.02584,0.026329,0.027024,0.028536,0.027639,0.026453,0.025154,0.023917,0.022707,0.021584,0.020561,0.019654,0.018877,0.018248,0.017783,0.017497,0.0174,0.017499,0.017795,0.01828,0.018942,0.019763,0.020726,0.02181,0.022997,0.024273,0.025623,0.027036,0.028501,0.030011,0.031559,0.03314,NaN,NaN,NaN,NaN,NaN,NaN,NaN,NaN,NaN,NaN,NaN,NaN,NaN,NaN,NaN,NaN,NaN,NaN,NaN,NaN,NaN,NaN,NaN,NaN,NaN,NaN,NaN,NaN,NaN,NaN,NaN,NaN,NaN,NaN,NaN,NaN,NaN,NaN,NaN,NaN,NaN,NaN,NaN,NaN,NaN,NaN,NaN,NaN,NaN,NaN,NaN,NaN,NaN,NaN,NaN,NaN,NaN,NaN,NaN,NaN,NaN,NaN,NaN,NaN,NaN,NaN,NaN,NaN,NaN,NaN,NaN,NaN,NaN,NaN,NaN,NaN,NaN,NaN,NaN,NaN,NaN,NaN,NaN,NaN,NaN,NaN,NaN,NaN,NaN,NaN,NaN,NaN,NaN,NaN,NaN,NaN,NaN,NaN,NaN,NaN,NaN,NaN,NaN,NaN,NaN,NaN,NaN,NaN,NaN,NaN,NaN,NaN,NaN,NaN,NaN,NaN,NaN,NaN,NaN,NaN,NaN,NaN,NaN,NaN,NaN
0.027003,0.026312,0.025629,0.024953,0.024286,0.023628,0.022982,0.022348,0.021727,0.021121,0.020529,0.019954,0.019396,0.018856,0.018335,0.017811,0.017324,0.016861,0.016425,0.016018,0.015641,0.015297,0.014988,0.014716,0.014483,0.01429,0.01414,0.014084,0.014007,0.013976,0.013988,0.014046,0.014146,0.014289,0.014464,0.014683,0.014939,0.015231,0.015557,0.015915,0.016302,0.016718,0.01716,0.017627,0.018116,0.018626,0.019155,0.019703,0.020267,0.020846,0.021439,0.022045,0.022668,0.023188,0.023503,0.023757,0.024015,0.024187,0.024318,0.024234,0.024083,0.023857,0.023615,0.023346,0.023161,0.022644,0.022097,0.021647,0.021235,0.02111,0.020458,0.019726,0.018976,0.018371,0.017841,0.017434,0.017269,0.017203,0.01733,0.017648,0.018179,0.018842,0.019661,0.020595,0.021646,0.022764,0.023658,0.023653,0.02401,0.024378,0.024709,0.025062,0.02546,0.025871,0.026252,0.026852,0.028003,0.02695,0.025728,0.024502,0.02329,0.022131,0.021049,0.020057,0.019166,0.018392,0.017749,0.017251,0.016912,0.016743,0.016752,0.01694,0.017304,0.017835,0.01852,0.019343,0.020288,0.021337,0.022476,0.02369,0.02497,0.026304,0.027685,0.029106,0.03056,0.032044,NaN,NaN,NaN,NaN,NaN,NaN,NaN,NaN,NaN,NaN,NaN,NaN,NaN,NaN,NaN,NaN,NaN,NaN,NaN,NaN,NaN,NaN,NaN,NaN,NaN,NaN,NaN,NaN,NaN,NaN,NaN,NaN,NaN,NaN,NaN,NaN,NaN,NaN,NaN,NaN,NaN,NaN,NaN,NaN,NaN,NaN,NaN,NaN,NaN,NaN,NaN,NaN,NaN,NaN,NaN,NaN,NaN,NaN,NaN,NaN,NaN,NaN,NaN,NaN,NaN,NaN,NaN,NaN,NaN,NaN,NaN,NaN,NaN,NaN,NaN,NaN,NaN,NaN,NaN,NaN,NaN,NaN,NaN,NaN,NaN,NaN,NaN,NaN,NaN,NaN,NaN,NaN,NaN,NaN,NaN,NaN,NaN,NaN,NaN,NaN,NaN,NaN,NaN,NaN,NaN,NaN,NaN,NaN,NaN,NaN,NaN,NaN,NaN,NaN,NaN,NaN,NaN,NaN,NaN,NaN,NaN,NaN,NaN,NaN
0.026913,0.026236,0.025565,0.024901,0.024246,0.023598,0.02296,0.022332,0.021714,0.021109,0.020516,0.019938,0.019375,0.018829,0.018302,0.017795,0.01731,0.016849,0.016414,0.016006,0.015628,0.015282,0.014971,0.014696,0.014458,0.014261,0.014128,0.014007,0.01393,0.013897,0.013908,0.013962,0.014059,0.014197,0.014371,0.014584,0.014834,0.015119,0.015438,0.015789,0.016169,0.016576,0.01701,0.017468,0.017948,0.018449,0.018969,0.019507,0.020061,0.020631,0.021214,0.02181,0.022405,0.022911,0.023221,0.023457,0.023721,0.02398,0.024081,0.024056,0.023841,0.023645,0.023338,0.023158,0.023014,0.022689,0.022276,0.021832,0.021685,0.021725,0.02124,0.020444,0.019571,0.018795,0.018308,0.017849,0.017616,0.017523,0.017653,0.018007,0.01857,0.019339,0.02027,0.021351,0.022557,0.023777,0.024517,0.024031,0.024259,0.024442,0.024659,0.024975,0.025231,0.025485,0.02581,0.026229,0.026884,0.025935,0.024875,0.023706,0.022576,0.021507,0.020516,0.019591,0.018758,0.018029,0.017415,0.016929,0.016583,0.016387,0.016347,0.016467,0.016745,0.017177,0.017752,0.018457,0.01928,0.020204,0.021218,0.022307,0.023461,0.024671,0.025928,0.027225,0.028558,0.02992,0.031309,NaN,NaN,NaN,NaN,NaN,NaN,NaN,NaN,NaN,NaN,NaN,NaN,NaN,NaN,NaN,NaN,NaN,NaN,NaN,NaN,NaN,NaN,NaN,NaN,NaN,NaN,NaN,NaN,NaN,NaN,NaN,NaN,NaN,NaN,NaN,NaN,NaN,NaN,NaN,NaN,NaN,NaN,NaN,NaN,NaN,NaN,NaN,NaN,NaN,NaN,NaN,NaN,NaN,NaN,NaN,NaN,NaN,NaN,NaN,NaN,NaN,NaN,NaN,NaN,NaN,NaN,NaN,NaN,NaN,NaN,NaN,NaN,NaN,NaN,NaN,NaN,NaN,NaN,NaN,NaN,NaN,NaN,NaN,NaN,NaN,NaN,NaN,NaN,NaN,NaN,NaN,NaN,NaN,NaN,NaN,NaN,NaN,NaN,NaN,NaN,NaN,NaN,NaN,NaN,NaN,NaN,NaN,NaN,NaN,NaN,NaN,NaN,NaN,NaN,NaN,NaN,NaN,NaN,NaN,NaN,NaN,NaN,NaN
0.026913,0.02624,0.025572,0.024912,0.024259,0.023615,0.022979,0.022353,0.021737,0.021133,0.020542,0.019964,0.019401,0.018855,0.018327,0.017818,0.01733,0.016866,0.016427,0.016016,0.015634,0.015283,0.014967,0.014686,0.014444,0.014241,0.014079,0.01396,0.013883,0.013851,0.013862,0.013917,0.014014,0.014153,0.014332,0.01455,0.014829,0.015107,0.015419,0.015763,0.016137,0.01654,0.01697,0.017425,0.017905,0.018407,0.01893,0.019472,0.020031,0.020606,0.021195,0.021797,0.022338,0.022876,0.023238,0.023529,0.023814,0.024005,0.024058,0.024018,0.023763,0.023529,0.023262,0.023048,0.022822,0.022442,0.022022,0.021608,0.021347,0.021135,0.020688,0.020069,0.019269,0.018601,0.018099,0.017713,0.017527,0.017383,0.017413,0.01762,0.018027,0.01855,0.019214,0.020011,0.020914,0.021836,0.022679,0.023008,0.023486,0.024043,0.02453,0.02505,0.0256,0.026137,0.026694,0.027598,0.029286,0.028556,0.027547,0.026325,0.025089,0.02391,0.022797,0.021759,0.020827,0.019966,0.019215,0.018587,0.018097,0.017755,0.017573,0.017557,0.017711,0.018031,0.018512,0.019141,0.019905,0.02079,0.021781,0.022863,0.024023,0.025251,0.026536,0.027871,0.029247,0.03066,0.032105,0.033576,NaN,NaN,NaN,NaN,NaN,NaN,NaN,NaN,NaN,NaN,NaN,NaN,NaN,NaN,NaN,NaN,NaN,NaN,NaN,NaN,NaN,NaN,NaN,NaN,NaN,NaN,NaN,NaN,NaN,NaN,NaN,NaN,NaN,NaN,NaN,NaN,NaN,NaN,NaN,NaN,NaN,NaN,NaN,NaN,NaN,NaN,NaN,NaN,NaN,NaN,NaN,NaN,NaN,NaN,NaN,NaN,NaN,NaN,NaN,NaN,NaN,NaN,NaN,NaN,NaN,NaN,NaN,NaN,NaN,NaN,NaN,NaN,NaN,NaN,NaN,NaN,NaN,NaN,NaN,NaN,NaN,NaN,NaN,NaN,NaN,NaN,NaN,NaN,NaN,NaN,NaN,NaN,NaN,NaN,NaN,NaN,NaN,NaN,NaN,NaN,NaN,NaN,NaN,NaN,NaN,NaN,NaN,NaN,NaN,NaN,NaN,NaN,NaN,NaN,NaN,NaN,NaN,NaN,NaN,NaN,NaN,NaN
0.026922,0.026247,0.025578,0.024917,0.024263,0.023617,0.02298,0.022353,0.021737,0.021132,0.02054,0.019962,0.019399,0.018852,0.018324,0.017815,0.017328,0.016865,0.016427,0.016017,0.015636,0.015287,0.014973,0.014695,0.014455,0.014255,0.014096,0.01398,0.013907,0.013878,0.013893,0.013951,0.014051,0.014193,0.01439,0.014603,0.014853,0.015138,0.015456,0.015805,0.016184,0.016591,0.017023,0.01748,0.01796,0.01846,0.01898,0.019518,0.020073,0.020644,0.021229,0.021826,0.022407,0.022869,0.023197,0.023437,0.023716,0.023851,0.023867,0.023674,0.023433,0.023153,0.022987,0.022784,0.022572,0.022261,0.021832,0.021428,0.021184,0.020888,0.020616,0.019984,0.019274,0.018683,0.018159,0.017781,0.017525,0.017326,0.017297,0.017415,0.017713,0.018139,0.018707,0.019403,0.020155,0.021039,0.02181,0.022184,0.022639,0.02321,0.023803,0.024431,0.025101,0.025744,0.026464,0.027461,0.029332,0.02888,0.02792,0.026738,0.025558,0.024382,0.023263,0.022211,0.021235,0.020362,0.019562,0.018872,0.018304,0.017872,0.017586,0.017456,0.017487,0.017681,0.018034,0.018537,0.019181,0.019952,0.020835,0.021816,0.022883,0.024024,0.025228,0.026486,0.02779,0.029135,0.030514,0.031923,0.033357,NaN,NaN,NaN,NaN,NaN,NaN,NaN,NaN,NaN,NaN,NaN,NaN,NaN,NaN,NaN,NaN,NaN,NaN,NaN,NaN,NaN,NaN,NaN,NaN,NaN,NaN,NaN,NaN,NaN,NaN,NaN,NaN,NaN,NaN,NaN,NaN,NaN,NaN,NaN,NaN,NaN,NaN,NaN,NaN,NaN,NaN,NaN,NaN,NaN,NaN,NaN,NaN,NaN,NaN,NaN,NaN,NaN,NaN,NaN,NaN,NaN,NaN,NaN,NaN,NaN,NaN,NaN,NaN,NaN,NaN,NaN,NaN,NaN,NaN,NaN,NaN,NaN,NaN,NaN,NaN,NaN,NaN,NaN,NaN,NaN,NaN,NaN,NaN,NaN,NaN,NaN,NaN,NaN,NaN,NaN,NaN,NaN,NaN,NaN,NaN,NaN,NaN,NaN,NaN,NaN,NaN,NaN,NaN,NaN,NaN,NaN,NaN,NaN,NaN,NaN,NaN,NaN,NaN,NaN,NaN,NaN
0.026866,0.026197,0.025534,0.024879,0.02423,0.02359,0.022959,0.022337,0.021725,0.021124,0.020536,0.019962,0.019402,0.018858,0.018331,0.017824,0.017337,0.016873,0.016434,0.016022,0.015638,0.015286,0.014967,0.014683,0.014436,0.014229,0.014062,0.013937,0.013854,0.013815,0.01382,0.013867,0.013957,0.014088,0.014259,0.014469,0.014716,0.014998,0.015313,0.015659,0.016035,0.016438,0.016867,0.01732,0.017794,0.018289,0.018803,0.019334,0.019882,0.020444,0.02102,0.021609,0.022151,0.022634,0.023046,0.023372,0.023702,0.023895,0.023893,0.023819,0.023586,0.023299,0.022997,0.02268,0.02252,0.022081,0.021672,0.021246,0.020955,0.020785,0.020323,0.01975,0.019117,0.018574,0.018133,0.017804,0.01754,0.01732,0.017218,0.017251,0.017406,0.017691,0.018098,0.018618,0.019242,0.019892,0.020593,0.021178,0.021832,0.022499,0.023229,0.023953,0.024721,0.025517,0.026362,0.027527,0.030235,0.029519,0.028509,0.027303,0.026104,0.024953,0.023854,0.022816,0.021874,0.020967,0.020149,0.01943,0.018823,0.018339,0.01799,0.017786,0.017734,0.017837,0.018095,0.018503,0.019051,0.019728,0.020523,0.02142,0.022408,0.023475,0.024609,0.025802,0.027045,0.028332,0.029656,0.031012,0.032396,0.033806,NaN,NaN,NaN,NaN,NaN,NaN,NaN,NaN,NaN,NaN,NaN,NaN,NaN,NaN,NaN,NaN,NaN,NaN,NaN,NaN,NaN,NaN,NaN,NaN,NaN,NaN,NaN,NaN,NaN,NaN,NaN,NaN,NaN,NaN,NaN,NaN,NaN,NaN,NaN,NaN,NaN,NaN,NaN,NaN,NaN,NaN,NaN,NaN,NaN,NaN,NaN,NaN,NaN,NaN,NaN,NaN,NaN,NaN,NaN,NaN,NaN,NaN,NaN,NaN,NaN,NaN,NaN,NaN,NaN,NaN,NaN,NaN,NaN,NaN,NaN,NaN,NaN,NaN,NaN,NaN,NaN,NaN,NaN,NaN,NaN,NaN,NaN,NaN,NaN,NaN,NaN,NaN,NaN,NaN,NaN,NaN,NaN,NaN,NaN,NaN,NaN,NaN,NaN,NaN,NaN,NaN,NaN,NaN,NaN,NaN,NaN,NaN,NaN,NaN,NaN,NaN,NaN,NaN,NaN,NaN
0.026789,0.026124,0.025465,0.024813,0.024169,0.023532,0.022905,0.022287,0.02168,0.021084,0.020501,0.019931,0.019377,0.018839,0.018319,0.017818,0.017339,0.016882,0.016451,0.016046,0.01567,0.015325,0.015012,0.014734,0.014493,0.01429,0.014154,0.014025,0.013937,0.013891,0.013888,0.013927,0.014007,0.014127,0.014287,0.014464,0.014695,0.01496,0.015259,0.015573,0.015928,0.016311,0.016721,0.017154,0.017609,0.018086,0.018582,0.019096,0.019626,0.020172,0.020731,0.02131,0.021832,0.022259,0.022596,0.022902,0.023199,0.023355,0.023349,0.023216,0.02304,0.022809,0.022593,0.022449,0.022212,0.021877,0.021509,0.02118,0.020989,0.020821,0.02039,0.019856,0.019291,0.018824,0.018421,0.01825,0.018083,0.017776,0.017573,0.017479,0.017523,0.017648,0.017865,0.018183,0.018594,0.01909,0.019655,0.02022,0.020848,0.021532,0.022263,0.023009,0.023798,0.024598,0.02546,0.026605,0.029342,0.029056,0.028202,0.027117,0.026016,0.024932,0.023896,0.022915,0.022031,0.021168,0.020384,0.019688,0.019089,0.018599,0.018228,0.017985,0.017878,0.017913,0.018094,0.018398,0.018837,0.019403,0.020086,0.020873,0.021753,0.022784,0.023792,0.024864,0.025995,0.027179,0.028412,0.02969,0.031004,0.032348,0.033718,NaN,NaN,NaN,NaN,NaN,NaN,NaN,NaN,NaN,NaN,NaN,NaN,NaN,NaN,NaN,NaN,NaN,NaN,NaN,NaN,NaN,NaN,NaN,NaN,NaN,NaN,NaN,NaN,NaN,NaN,NaN,NaN,NaN,NaN,NaN,NaN,NaN,NaN,NaN,NaN,NaN,NaN,NaN,NaN,NaN,NaN,NaN,NaN,NaN,NaN,NaN,NaN,NaN,NaN,NaN,NaN,NaN,NaN,NaN,NaN,NaN,NaN,NaN,NaN,NaN,NaN,NaN,NaN,NaN,NaN,NaN,NaN,NaN,NaN,NaN,NaN,NaN,NaN,NaN,NaN,NaN,NaN,NaN,NaN,NaN,NaN,NaN,NaN,NaN,NaN,NaN,NaN,NaN,NaN,NaN,NaN,NaN,NaN,NaN,NaN,NaN,NaN,NaN,NaN,NaN,NaN,NaN,NaN,NaN,NaN,NaN,NaN,NaN,NaN,NaN,NaN,NaN,NaN,NaN
0.026589,0.025943,0.025304,0.024671,0.024045,0.023426,0.022816,0.022214,0.021622,0.021041,0.020471,0.019913,0.019369,0.01884,0.018327,0.017831,0.017355,0.016899,0.016466,0.016058,0.015676,0.015323,0.015,0.014709,0.014452,0.014232,0.014048,0.013904,0.013799,0.013734,0.013709,0.013725,0.01378,0.013875,0.014008,0.014179,0.014385,0.014625,0.014898,0.015202,0.015535,0.015895,0.016281,0.016692,0.017124,0.017578,0.018051,0.018543,0.01905,0.019574,0.020112,0.020663,0.021182,0.021609,0.021955,0.02227,0.022601,0.022821,0.022925,0.022924,0.022856,0.022794,0.022681,0.022595,0.022604,0.022396,0.022191,0.021916,0.021773,0.021834,0.021638,0.021109,0.020513,0.019965,0.019481,0.01916,0.0189,0.018552,0.018294,0.018144,0.018132,0.018117,0.01826,0.018503,0.01884,0.019254,0.019689,0.020182,0.020715,0.021284,0.021908,0.022556,0.023228,0.023929,0.024731,0.025718,0.028247,0.028019,0.027303,0.026355,0.025382,0.02443,0.023522,0.022675,0.021934,0.021175,0.020458,0.019817,0.019262,0.018801,0.018444,0.018198,0.018072,0.01807,0.018196,0.018449,0.018826,0.019321,0.019926,0.020631,0.021427,0.022302,0.023247,0.024253,0.025312,0.026418,0.027563,0.028911,0.02996,0.031116,0.032426,0.033837,NaN,NaN,NaN,NaN,NaN,NaN,NaN,NaN,NaN,NaN,NaN,NaN,NaN,NaN,NaN,NaN,NaN,NaN,NaN,NaN,NaN,NaN,NaN,NaN,NaN,NaN,NaN,NaN,NaN,NaN,NaN,NaN,NaN,NaN,NaN,NaN,NaN,NaN,NaN,NaN,NaN,NaN,NaN,NaN,NaN,NaN,NaN,NaN,NaN,NaN,NaN,NaN,NaN,NaN,NaN,NaN,NaN,NaN,NaN,NaN,NaN,NaN,NaN,NaN,NaN,NaN,NaN,NaN,NaN,NaN,NaN,NaN,NaN,NaN,NaN,NaN,NaN,NaN,NaN,NaN,NaN,NaN,NaN,NaN,NaN,NaN,NaN,NaN,NaN,NaN,NaN,NaN,NaN,NaN,NaN,NaN,NaN,NaN,NaN,NaN,NaN,NaN,NaN,NaN,NaN,NaN,NaN,NaN,NaN,NaN,NaN,NaN,NaN,NaN,NaN,NaN,NaN,NaN
0.026699,0.026038,0.025383,0.024735,0.024095,0.023463,0.022841,0.02223,0.02163,0.021042,0.020468,0.01991,0.019367,0.01884,0.018332,0.017844,0.017376,0.016931,0.016499,0.016095,0.015718,0.01537,0.015054,0.014772,0.014524,0.014314,0.014141,0.014071,0.013964,0.013897,0.013872,0.013888,0.013945,0.014042,0.014158,0.014328,0.014535,0.014778,0.015054,0.015362,0.0157,0.016067,0.016461,0.016881,0.017323,0.017788,0.018273,0.018777,0.019298,0.019835,0.020386,0.020951,0.021493,0.021949,0.022339,0.022682,0.023035,0.023185,0.023252,0.023256,0.023079,0.022921,0.022783,0.022631,0.022549,0.022379,0.022092,0.021786,0.021565,0.021367,0.020946,0.02044,0.019856,0.019385,0.018947,0.018646,0.018377,0.018046,0.017816,0.017691,0.017681,0.017745,0.017923,0.018196,0.018559,0.018983,0.019474,0.019969,0.02054,0.021157,0.021817,0.022508,0.023234,0.024007,0.024816,0.025841,0.028427,0.028036,0.02719,0.026205,0.025231,0.024274,0.023368,0.022497,0.021691,0.020942,0.020236,0.019616,0.019053,0.018577,0.018167,0.017871,0.017686,0.017636,0.017677,0.01784,0.018122,0.01852,0.019027,0.019634,0.020334,0.021116,0.021972,0.022894,0.023873,0.024902,0.025975,0.027263,0.028247,0.029308,0.030487,0.031781,0.033144,NaN,NaN,NaN,NaN,NaN,NaN,NaN,NaN,NaN,NaN,NaN,NaN,NaN,NaN,NaN,NaN,NaN,NaN,NaN,NaN,NaN,NaN,NaN,NaN,NaN,NaN,NaN,NaN,NaN,NaN,NaN,NaN,NaN,NaN,NaN,NaN,NaN,NaN,NaN,NaN,NaN,NaN,NaN,NaN,NaN,NaN,NaN,NaN,NaN,NaN,NaN,NaN,NaN,NaN,NaN,NaN,NaN,NaN,NaN,NaN,NaN,NaN,NaN,NaN,NaN,NaN,NaN,NaN,NaN,NaN,NaN,NaN,NaN,NaN,NaN,NaN,NaN,NaN,NaN,NaN,NaN,NaN,NaN,NaN,NaN,NaN,NaN,NaN,NaN,NaN,NaN,NaN,NaN,NaN,NaN,NaN,NaN,NaN,NaN,NaN,NaN,NaN,NaN,NaN,NaN,NaN,NaN,NaN,NaN,NaN,NaN,NaN,NaN,NaN,NaN,NaN,NaN
0.026639,0.025988,0.025343,0.024705,0.024073,0.02345,0.022835,0.022229,0.021633,0.021048,0.020475,0.019915,0.019369,0.018839,0.018325,0.01783,0.017354,0.0169,0.016469,0.016063,0.015684,0.015335,0.015016,0.01473,0.014478,0.014263,0.014113,0.013968,0.013863,0.013798,0.013774,0.013791,0.013848,0.013945,0.014081,0.014254,0.014463,0.014707,0.014984,0.015292,0.01563,0.015996,0.016387,0.016804,0.017243,0.017703,0.018183,0.018682,0.01919,0.019718,0.020267,0.020819,0.021358,0.021846,0.022209,0.022538,0.022879,0.023098,0.023176,0.023179,0.023047,0.022853,0.022632,0.022491,0.022354,0.022108,0.021828,0.021598,0.021401,0.021438,0.021091,0.020662,0.020106,0.019612,0.019202,0.018839,0.018507,0.018195,0.017977,0.017857,0.017882,0.017974,0.018174,0.018477,0.018844,0.019294,0.019803,0.020363,0.020962,0.021606,0.022244,0.022929,0.023648,0.024414,0.0252,0.026314,0.028338,0.02791,0.027028,0.026055,0.025096,0.024152,0.023246,0.022384,0.021568,0.020798,0.020087,0.01944,0.018865,0.018369,0.01796,0.017646,0.017433,0.017327,0.017332,0.017451,0.017682,0.018023,0.018468,0.019011,0.019643,0.020355,0.02114,0.021989,0.022894,0.023848,0.024846,0.025881,0.02695,0.028047,0.029171,0.030317,0.031483,0.032666,NaN,NaN,NaN,NaN,NaN,NaN,NaN,NaN,NaN,NaN,NaN,NaN,NaN,NaN,NaN,NaN,NaN,NaN,NaN,NaN,NaN,NaN,NaN,NaN,NaN,NaN,NaN,NaN,NaN,NaN,NaN,NaN,NaN,NaN,NaN,NaN,NaN,NaN,NaN,NaN,NaN,NaN,NaN,NaN,NaN,NaN,NaN,NaN,NaN,NaN,NaN,NaN,NaN,NaN,NaN,NaN,NaN,NaN,NaN,NaN,NaN,NaN,NaN,NaN,NaN,NaN,NaN,NaN,NaN,NaN,NaN,NaN,NaN,NaN,NaN,NaN,NaN,NaN,NaN,NaN,NaN,NaN,NaN,NaN,NaN,NaN,NaN,NaN,NaN,NaN,NaN,NaN,NaN,NaN,NaN,NaN,NaN,NaN,NaN,NaN,NaN,NaN,NaN,NaN,NaN,NaN,NaN,NaN,NaN,NaN,NaN,NaN,NaN,NaN,NaN,NaN
0.026719,0.026055,0.025397,0.024747,0.024105,0.023472,0.022849,0.022237,0.021637,0.021051,0.020478,0.019921,0.01938,0.018855,0.018349,0.017862,0.017377,0.016923,0.016492,0.016087,0.01571,0.015363,0.015047,0.014764,0.014517,0.01433,0.014188,0.01404,0.013933,0.013867,0.013843,0.01386,0.013919,0.014018,0.014157,0.014334,0.014549,0.014799,0.015083,0.015399,0.015745,0.016121,0.016523,0.016951,0.017402,0.017875,0.018367,0.018879,0.019407,0.019951,0.020509,0.021081,0.021597,0.021964,0.022322,0.022654,0.022998,0.023162,0.02323,0.023166,0.023037,0.022958,0.022789,0.022661,0.02247,0.022158,0.021866,0.021605,0.021445,0.021208,0.02092,0.020393,0.019768,0.019198,0.018746,0.018381,0.018067,0.017772,0.017543,0.017444,0.017472,0.017589,0.017812,0.018135,0.018515,0.018982,0.019528,0.020047,0.020622,0.021265,0.021949,0.022677,0.023437,0.024245,0.025107,0.026055,0.028044,0.027446,0.026681,0.025742,0.024813,0.023898,0.023018,0.022177,0.021381,0.020641,0.019931,0.019279,0.018692,0.018177,0.01774,0.017388,0.017129,0.016969,0.016911,0.01696,0.017115,0.017376,0.017738,0.018196,0.018744,0.019374,0.020077,0.020845,0.021673,0.022551,0.023475,0.024513,0.025484,0.02649,0.027531,0.028609,0.029721,0.030859,0.032019,NaN,NaN,NaN,NaN,NaN,NaN,NaN,NaN,NaN,NaN,NaN,NaN,NaN,NaN,NaN,NaN,NaN,NaN,NaN,NaN,NaN,NaN,NaN,NaN,NaN,NaN,NaN,NaN,NaN,NaN,NaN,NaN,NaN,NaN,NaN,NaN,NaN,NaN,NaN,NaN,NaN,NaN,NaN,NaN,NaN,NaN,NaN,NaN,NaN,NaN,NaN,NaN,NaN,NaN,NaN,NaN,NaN,NaN,NaN,NaN,NaN,NaN,NaN,NaN,NaN,NaN,NaN,NaN,NaN,NaN,NaN,NaN,NaN,NaN,NaN,NaN,NaN,NaN,NaN,NaN,NaN,NaN,NaN,NaN,NaN,NaN,NaN,NaN,NaN,NaN,NaN,NaN,NaN,NaN,NaN,NaN,NaN,NaN,NaN,NaN,NaN,NaN,NaN,NaN,NaN,NaN,NaN,NaN,NaN,NaN,NaN,NaN,NaN,NaN,NaN
0.026694,0.026016,0.025355,0.024721,0.024113,0.023523,0.022845,0.022241,0.021647,0.021063,0.020491,0.019931,0.019385,0.018854,0.018339,0.017842,0.017365,0.016908,0.016474,0.016066,0.015684,0.015331,0.015008,0.014719,0.014464,0.014245,0.014064,0.013922,0.01382,0.013759,0.013739,0.013759,0.013819,0.013919,0.014057,0.014232,0.014443,0.014689,0.014966,0.015275,0.015613,0.015978,0.016369,0.016784,0.017221,0.017679,0.018157,0.018652,0.019164,0.019691,0.020233,0.020787,0.021303,0.02173,0.022096,0.022429,0.022769,0.022974,0.023021,0.022939,0.022797,0.022652,0.022495,0.022356,0.022352,0.022108,0.02181,0.021557,0.021343,0.021146,0.020766,0.020262,0.019749,0.019278,0.018936,0.018688,0.018492,0.018193,0.017965,0.017832,0.017827,0.017893,0.01805,0.018301,0.018642,0.019023,0.019455,0.019961,0.020534,0.021154,0.021808,0.022494,0.023214,0.02397,0.024769,0.025678,0.027111,0.02665,0.025884,0.024984,0.024095,0.023237,0.022412,0.021622,0.020874,0.020166,0.019495,0.018877,0.018318,0.017822,0.017397,0.017048,0.016782,0.016603,0.016518,0.016528,0.016635,0.016839,0.017138,0.017527,0.018002,0.018555,0.019179,0.019869,0.020616,0.021414,0.022258,0.023191,0.024087,0.025016,0.025978,0.026972,0.027996,0.029047,0.030119,0.03121,NaN,NaN,NaN,NaN,NaN,NaN,NaN,NaN,NaN,NaN,NaN,NaN,NaN,NaN,NaN,NaN,NaN,NaN,NaN,NaN,NaN,NaN,NaN,NaN,NaN,NaN,NaN,NaN,NaN,NaN,NaN,NaN,NaN,NaN,NaN,NaN,NaN,NaN,NaN,NaN,NaN,NaN,NaN,NaN,NaN,NaN,NaN,NaN,NaN,NaN,NaN,NaN,NaN,NaN,NaN,NaN,NaN,NaN,NaN,NaN,NaN,NaN,NaN,NaN,NaN,NaN,NaN,NaN,NaN,NaN,NaN,NaN,NaN,NaN,NaN,NaN,NaN,NaN,NaN,NaN,NaN,NaN,NaN,NaN,NaN,NaN,NaN,NaN,NaN,NaN,NaN,NaN,NaN,NaN,NaN,NaN,NaN,NaN,NaN,NaN,NaN,NaN,NaN,NaN,NaN,NaN,NaN,NaN,NaN,NaN,NaN,NaN,NaN,NaN
0.026665,0.026008,0.025357,0.024712,0.024075,0.023446,0.022826,0.022215,0.021615,0.021026,0.02045,0.019888,0.019341,0.01881,0.018297,0.017804,0.017331,0.016881,0.016455,0.016054,0.015682,0.015339,0.015028,0.01475,0.014508,0.014313,0.014166,0.014025,0.013924,0.013864,0.013846,0.013868,0.013931,0.01401,0.014147,0.014322,0.014534,0.014779,0.015058,0.015368,0.015708,0.016076,0.01647,0.016889,0.017331,0.017794,0.018277,0.018778,0.019297,0.019831,0.020379,0.020941,0.021447,0.021868,0.02221,0.022512,0.022814,0.022986,0.023016,0.022951,0.022835,0.022694,0.022559,0.022485,0.022395,0.022168,0.02185,0.021558,0.021399,0.021295,0.020938,0.020463,0.019868,0.019378,0.019015,0.018719,0.018369,0.018035,0.01779,0.017654,0.017612,0.017673,0.017837,0.018099,0.018441,0.018872,0.019354,0.019883,0.02043,0.021065,0.021739,0.022442,0.023172,0.023925,0.024751,0.025649,0.026889,0.026466,0.025793,0.024928,0.024068,0.023236,0.022435,0.021667,0.02094,0.020237,0.019579,0.018969,0.018413,0.017915,0.017482,0.017118,0.016831,0.016624,0.016503,0.016472,0.016531,0.016683,0.016926,0.017256,0.01767,0.018161,0.018725,0.019353,0.020041,0.020781,0.021567,0.02244,0.023284,0.024162,0.025072,0.026012,0.026982,0.027979,0.028999,0.030038,0.031093,NaN,NaN,NaN,NaN,NaN,NaN,NaN,NaN,NaN,NaN,NaN,NaN,NaN,NaN,NaN,NaN,NaN,NaN,NaN,NaN,NaN,NaN,NaN,NaN,NaN,NaN,NaN,NaN,NaN,NaN,NaN,NaN,NaN,NaN,NaN,NaN,NaN,NaN,NaN,NaN,NaN,NaN,NaN,NaN,NaN,NaN,NaN,NaN,NaN,NaN,NaN,NaN,NaN,NaN,NaN,NaN,NaN,NaN,NaN,NaN,NaN,NaN,NaN,NaN,NaN,NaN,NaN,NaN,NaN,NaN,NaN,NaN,NaN,NaN,NaN,NaN,NaN,NaN,NaN,NaN,NaN,NaN,NaN,NaN,NaN,NaN,NaN,NaN,NaN,NaN,NaN,NaN,NaN,NaN,NaN,NaN,NaN,NaN,NaN,NaN,NaN,NaN,NaN,NaN,NaN,NaN,NaN,NaN,NaN,NaN,NaN,NaN,NaN
0.026453,0.025815,0.025183,0.024558,0.023939,0.023328,0.022726,0.022132,0.021549,0.020976,0.020415,0.019868,0.019334,0.018816,0.018315,0.017831,0.017366,0.016923,0.016501,0.016103,0.015731,0.015386,0.01507,0.014791,0.014532,0.014306,0.014115,0.014002,0.013877,0.013791,0.013743,0.013735,0.013765,0.013834,0.013919,0.014058,0.014234,0.014443,0.014686,0.014961,0.015265,0.015599,0.015959,0.016345,0.016754,0.017185,0.017636,0.018107,0.018595,0.019099,0.019618,0.020151,0.02065,0.021037,0.021412,0.02175,0.022096,0.022337,0.022532,0.022633,0.022725,0.022653,0.022645,0.02264,0.022651,0.022535,0.02236,0.022241,0.02219,0.022275,0.021939,0.021522,0.020988,0.020524,0.020222,0.019847,0.019455,0.019078,0.018793,0.018575,0.018465,0.018422,0.018466,0.018595,0.018772,0.019041,0.019375,0.019726,0.020141,0.0206,0.021112,0.021632,0.022184,0.022769,0.023408,0.024207,0.025797,0.025574,0.025032,0.024315,0.023559,0.022831,0.022136,0.021474,0.020877,0.020307,0.019733,0.019205,0.018727,0.018303,0.017936,0.017632,0.017394,0.017227,0.017129,0.017102,0.017155,0.01729,0.017505,0.0178,0.018171,0.018615,0.019127,0.019701,0.020332,0.021015,0.021744,0.022515,0.023322,0.024163,0.025032,0.025927,0.026846,0.027784,0.028741,0.029713,0.0307,0.0317,NaN,NaN,NaN,NaN,NaN,NaN,NaN,NaN,NaN,NaN,NaN,NaN,NaN,NaN,NaN,NaN,NaN,NaN,NaN,NaN,NaN,NaN,NaN,NaN,NaN,NaN,NaN,NaN,NaN,NaN,NaN,NaN,NaN,NaN,NaN,NaN,NaN,NaN,NaN,NaN,NaN,NaN,NaN,NaN,NaN,NaN,NaN,NaN,NaN,NaN,NaN,NaN,NaN,NaN,NaN,NaN,NaN,NaN,NaN,NaN,NaN,NaN,NaN,NaN,NaN,NaN,NaN,NaN,NaN,NaN,NaN,NaN,NaN,NaN,NaN,NaN,NaN,NaN,NaN,NaN,NaN,NaN,NaN,NaN,NaN,NaN,NaN,NaN,NaN,NaN,NaN,NaN,NaN,NaN,NaN,NaN,NaN,NaN,NaN,NaN,NaN,NaN,NaN,NaN,NaN,NaN,NaN,NaN,NaN,NaN,NaN,NaN
0.026499,0.025853,0.025214,0.024581,0.023955,0.023337,0.022728,0.022128,0.021538,0.020959,0.020392,0.019838,0.019299,0.018776,0.01827,0.017783,0.017317,0.016872,0.01645,0.016054,0.015685,0.015344,0.015034,0.014755,0.01451,0.014301,0.014162,0.014017,0.013911,0.013844,0.013817,0.013828,0.013879,0.013923,0.014022,0.014174,0.01434,0.014539,0.014786,0.015065,0.015374,0.015711,0.016074,0.016462,0.016873,0.017294,0.017743,0.018211,0.018695,0.019196,0.01971,0.02023,0.020694,0.021095,0.021408,0.021722,0.022044,0.022307,0.022472,0.022599,0.022665,0.022718,0.022749,0.022825,0.02296,0.022871,0.022704,0.022527,0.022458,0.0225,0.022536,0.022156,0.021601,0.021079,0.020622,0.020275,0.019905,0.019523,0.0192,0.01895,0.018777,0.018679,0.018654,0.018701,0.018814,0.018989,0.019219,0.019486,0.019782,0.02012,0.020485,0.020884,0.021319,0.021787,0.022333,0.022986,0.025081,0.025006,0.024778,0.024139,0.023514,0.022862,0.022242,0.021689,0.021186,0.020641,0.020136,0.019674,0.019259,0.018895,0.018595,0.018324,0.018113,0.017966,0.01791,0.017895,0.017952,0.018083,0.018288,0.018566,0.018915,0.019333,0.019857,0.020443,0.021062,0.02173,0.022364,0.023118,0.023819,0.024564,0.02535,0.026179,0.027048,0.027957,0.0289,0.029871,0.030867,0.031881,0.032912,NaN,NaN,NaN,NaN,NaN,NaN,NaN,NaN,NaN,NaN,NaN,NaN,NaN,NaN,NaN,NaN,NaN,NaN,NaN,NaN,NaN,NaN,NaN,NaN,NaN,NaN,NaN,NaN,NaN,NaN,NaN,NaN,NaN,NaN,NaN,NaN,NaN,NaN,NaN,NaN,NaN,NaN,NaN,NaN,NaN,NaN,NaN,NaN,NaN,NaN,NaN,NaN,NaN,NaN,NaN,NaN,NaN,NaN,NaN,NaN,NaN,NaN,NaN,NaN,NaN,NaN,NaN,NaN,NaN,NaN,NaN,NaN,NaN,NaN,NaN,NaN,NaN,NaN,NaN,NaN,NaN,NaN,NaN,NaN,NaN,NaN,NaN,NaN,NaN,NaN,NaN,NaN,NaN,NaN,NaN,NaN,NaN,NaN,NaN,NaN,NaN,NaN,NaN,NaN,NaN,NaN,NaN,NaN,NaN,NaN,NaN
0.026528,0.025879,0.025237,0.024601,0.023972,0.023351,0.022739,0.022137,0.021544,0.020963,0.020395,0.01984,0.019299,0.018775,0.018269,0.017782,0.017316,0.016873,0.016453,0.016059,0.015693,0.015355,0.015049,0.014774,0.014533,0.014328,0.014159,0.014115,0.013988,0.013907,0.01388,0.01391,0.013994,0.014078,0.014047,0.014178,0.01434,0.014554,0.0148,0.015077,0.015382,0.015715,0.016073,0.016455,0.01686,0.017285,0.01773,0.018193,0.018673,0.019168,0.019672,0.020192,0.020692,0.021113,0.02148,0.021819,0.022168,0.022405,0.022565,0.022642,0.022691,0.022707,0.022685,0.02276,0.022874,0.022688,0.022482,0.022283,0.022241,0.022199,0.022015,0.021734,0.021255,0.020818,0.020482,0.020103,0.019774,0.019409,0.019114,0.018889,0.018747,0.018663,0.018649,0.018703,0.018819,0.018993,0.01922,0.019464,0.019767,0.020102,0.020471,0.020869,0.021292,0.02174,0.022254,0.023059,0.02491,0.024881,0.02456,0.023934,0.023248,0.022582,0.021952,0.02136,0.020815,0.020302,0.019835,0.019414,0.019043,0.018722,0.018454,0.018241,0.018081,0.017954,0.017903,0.017866,0.017885,0.017972,0.01815,0.018381,0.018651,0.018987,0.019387,0.019947,0.020436,0.02098,0.021574,0.022473,0.023088,0.023749,0.024456,0.025208,0.026007,0.026853,0.027744,0.02885,0.02974,0.030695,0.031735,0.032831,NaN,NaN,NaN,NaN,NaN,NaN,NaN,NaN,NaN,NaN,NaN,NaN,NaN,NaN,NaN,NaN,NaN,NaN,NaN,NaN,NaN,NaN,NaN,NaN,NaN,NaN,NaN,NaN,NaN,NaN,NaN,NaN,NaN,NaN,NaN,NaN,NaN,NaN,NaN,NaN,NaN,NaN,NaN,NaN,NaN,NaN,NaN,NaN,NaN,NaN,NaN,NaN,NaN,NaN,NaN,NaN,NaN,NaN,NaN,NaN,NaN,NaN,NaN,NaN,NaN,NaN,NaN,NaN,NaN,NaN,NaN,NaN,NaN,NaN,NaN,NaN,NaN,NaN,NaN,NaN,NaN,NaN,NaN,NaN,NaN,NaN,NaN,NaN,NaN,NaN,NaN,NaN,NaN,NaN,NaN,NaN,NaN,NaN,NaN,NaN,NaN,NaN,NaN,NaN,NaN,NaN,NaN,NaN,NaN,NaN
0.026674,0.02598,0.025316,0.024697,0.024109,0.023394,0.022778,0.022172,0.021576,0.020991,0.020419,0.01986,0.019316,0.018789,0.018279,0.017789,0.017319,0.016872,0.016449,0.016052,0.015682,0.015342,0.015032,0.014756,0.014513,0.014307,0.014137,0.014024,0.013926,0.013867,0.013849,0.01387,0.013905,0.013978,0.014066,0.014226,0.014399,0.014605,0.01486,0.015146,0.015462,0.015805,0.016174,0.016568,0.016984,0.017421,0.017879,0.018354,0.018846,0.019355,0.019877,0.020413,0.020907,0.021347,0.021738,0.02209,0.022454,0.022703,0.022892,0.023037,0.023082,0.023065,0.023037,0.022979,0.023114,0.022913,0.022699,0.022475,0.022371,0.022312,0.021962,0.021495,0.020935,0.020454,0.020026,0.019637,0.019265,0.018903,0.018619,0.018415,0.018291,0.018249,0.018285,0.018397,0.018581,0.018804,0.019112,0.019401,0.019754,0.020156,0.020599,0.021081,0.021597,0.022146,0.022766,0.023531,0.025823,0.025735,0.025292,0.024597,0.023897,0.02323,0.022624,0.02207,0.021502,0.021012,0.020448,0.019963,0.019529,0.019148,0.018822,0.018552,0.018341,0.018191,0.018069,0.017984,0.017941,0.017969,0.018067,0.01826,0.018477,0.018763,0.019181,0.019613,0.020056,0.020611,0.021156,0.022144,0.022736,0.023309,0.023935,0.024617,0.025357,0.026159,0.027024,0.028042,0.029747,0.030329,0.031184,0.032431,0.033925,NaN,NaN,NaN,NaN,NaN,NaN,NaN,NaN,NaN,NaN,NaN,NaN,NaN,NaN,NaN,NaN,NaN,NaN,NaN,NaN,NaN,NaN,NaN,NaN,NaN,NaN,NaN,NaN,NaN,NaN,NaN,NaN,NaN,NaN,NaN,NaN,NaN,NaN,NaN,NaN,NaN,NaN,NaN,NaN,NaN,NaN,NaN,NaN,NaN,NaN,NaN,NaN,NaN,NaN,NaN,NaN,NaN,NaN,NaN,NaN,NaN,NaN,NaN,NaN,NaN,NaN,NaN,NaN,NaN,NaN,NaN,NaN,NaN,NaN,NaN,NaN,NaN,NaN,NaN,NaN,NaN,NaN,NaN,NaN,NaN,NaN,NaN,NaN,NaN,NaN,NaN,NaN,NaN,NaN,NaN,NaN,NaN,NaN,NaN,NaN,NaN,NaN,NaN,NaN,NaN,NaN,NaN,NaN,NaN
0.026629,0.02597,0.025317,0.024671,0.024032,0.023402,0.022781,0.022169,0.021568,0.020979,0.020404,0.019842,0.019296,0.018767,0.018257,0.017767,0.017299,0.016854,0.016434,0.016041,0.015677,0.015342,0.015039,0.01477,0.014536,0.014338,0.014308,0.014239,0.014092,0.014001,0.013976,0.014025,0.014141,0.014311,0.01431,0.014295,0.014471,0.0147,0.014961,0.015254,0.015575,0.015923,0.016296,0.016694,0.017114,0.017543,0.017999,0.018474,0.018965,0.019471,0.019991,0.020526,0.021033,0.021479,0.021869,0.022215,0.022558,0.022786,0.022934,0.023016,0.022999,0.022997,0.022981,0.023011,0.023164,0.022981,0.022725,0.02246,0.022401,0.022221,0.021837,0.021413,0.020834,0.020324,0.019832,0.019485,0.019068,0.018697,0.018412,0.018215,0.018108,0.018089,0.018156,0.018307,0.018535,0.018836,0.019194,0.01953,0.019909,0.020334,0.020801,0.021294,0.021824,0.022386,0.022981,0.023801,0.025888,0.025739,0.025293,0.024681,0.024026,0.023365,0.022746,0.022172,0.02173,0.021214,0.020722,0.020278,0.019891,0.019562,0.019289,0.019048,0.018902,0.018786,0.018628,0.018438,0.018325,0.018279,0.018302,0.018427,0.018595,0.018818,0.019105,0.019521,0.019871,0.020361,0.020924,0.021848,0.022262,0.0228,0.023332,0.023938,0.024624,0.02539,0.026235,0.027155,0.028754,0.02991,0.030348,0.031247,0.032711,0.034509,NaN,NaN,NaN,NaN,NaN,NaN,NaN,NaN,NaN,NaN,NaN,NaN,NaN,NaN,NaN,NaN,NaN,NaN,NaN,NaN,NaN,NaN,NaN,NaN,NaN,NaN,NaN,NaN,NaN,NaN,NaN,NaN,NaN,NaN,NaN,NaN,NaN,NaN,NaN,NaN,NaN,NaN,NaN,NaN,NaN,NaN,NaN,NaN,NaN,NaN,NaN,NaN,NaN,NaN,NaN,NaN,NaN,NaN,NaN,NaN,NaN,NaN,NaN,NaN,NaN,NaN,NaN,NaN,NaN,NaN,NaN,NaN,NaN,NaN,NaN,NaN,NaN,NaN,NaN,NaN,NaN,NaN,NaN,NaN,NaN,NaN,NaN,NaN,NaN,NaN,NaN,NaN,NaN,NaN,NaN,NaN,NaN,NaN,NaN,NaN,NaN,NaN,NaN,NaN,NaN,NaN,NaN,NaN
0.026711,0.026049,0.025394,0.024746,0.024105,0.023473,0.022848,0.022234,0.02163,0.021037,0.020457,0.01989,0.019338,0.018803,0.018285,0.017787,0.01731,0.016856,0.016427,0.016024,0.01565,0.015306,0.014995,0.014718,0.014477,0.014273,0.014108,0.013983,0.013899,0.013856,0.013854,0.013894,0.013975,0.014095,0.014189,0.014352,0.014548,0.014797,0.015079,0.015392,0.015734,0.016104,0.016483,0.016899,0.017337,0.017795,0.018272,0.018916,0.019354,0.019849,0.020412,0.021022,0.021396,0.021873,0.022272,0.022626,0.022985,0.02323,0.023358,0.023312,0.02323,0.023103,0.022909,0.022815,0.022783,0.022504,0.022185,0.02188,0.021696,0.021561,0.021266,0.020802,0.020235,0.019766,0.019345,0.018951,0.018596,0.018285,0.018047,0.017897,0.017834,0.01787,0.017977,0.018166,0.018431,0.018766,0.019132,0.019524,0.019956,0.020455,0.020965,0.021515,0.022087,0.022692,0.023371,0.024234,0.026305,0.026155,0.025635,0.024897,0.024149,0.023428,0.022752,0.022139,0.02162,0.021078,0.020578,0.020143,0.019771,0.019463,0.019228,0.019007,0.018852,0.018754,0.018508,0.018336,0.018205,0.018146,0.018164,0.01821,0.01834,0.018542,0.018783,0.019121,0.01943,0.019837,0.020344,0.021325,0.021716,0.022117,0.022635,0.023151,0.023824,0.024467,0.025191,0.026207,0.027317,0.028676,0.029246,0.02996,0.031092,0.032614,0.034353,NaN,NaN,NaN,NaN,NaN,NaN,NaN,NaN,NaN,NaN,NaN,NaN,NaN,NaN,NaN,NaN,NaN,NaN,NaN,NaN,NaN,NaN,NaN,NaN,NaN,NaN,NaN,NaN,NaN,NaN,NaN,NaN,NaN,NaN,NaN,NaN,NaN,NaN,NaN,NaN,NaN,NaN,NaN,NaN,NaN,NaN,NaN,NaN,NaN,NaN,NaN,NaN,NaN,NaN,NaN,NaN,NaN,NaN,NaN,NaN,NaN,NaN,NaN,NaN,NaN,NaN,NaN,NaN,NaN,NaN,NaN,NaN,NaN,NaN,NaN,NaN,NaN,NaN,NaN,NaN,NaN,NaN,NaN,NaN,NaN,NaN,NaN,NaN,NaN,NaN,NaN,NaN,NaN,NaN,NaN,NaN,NaN,NaN,NaN,NaN,NaN,NaN,NaN,NaN,NaN,NaN,NaN
0.026829,0.026152,0.025482,0.024819,0.024164,0.023517,0.022881,0.022255,0.021641,0.02104,0.020453,0.019882,0.019327,0.018791,0.018274,0.017779,0.017305,0.016857,0.016434,0.016039,0.015669,0.015328,0.01502,0.014748,0.014513,0.014316,0.01416,0.014244,0.014094,0.014024,0.014057,0.01417,0.014099,0.0142,0.014361,0.01456,0.014797,0.015027,0.015325,0.015655,0.015998,0.016365,0.016773,0.017205,0.017647,0.018121,0.018614,0.019126,0.019654,0.020194,0.02075,0.021317,0.021856,0.022321,0.022723,0.023081,0.023421,0.023645,0.023701,0.023705,0.023615,0.023455,0.023253,0.023136,0.023086,0.022842,0.022443,0.022105,0.021847,0.021685,0.02138,0.02092,0.020253,0.01965,0.019094,0.018645,0.018265,0.017951,0.017743,0.017643,0.017651,0.017764,0.017979,0.018288,0.018685,0.019161,0.019635,0.020094,0.020584,0.021067,0.021572,0.022123,0.022748,0.023367,0.024023,0.024999,0.027638,0.027143,0.026691,0.025976,0.025148,0.024343,0.02362,0.023007,0.022565,0.022177,0.021808,0.021552,0.021403,0.02135,0.021394,0.021487,0.021614,0.02168,0.021536,0.021275,0.021015,0.020829,0.020745,0.020722,0.020658,0.020692,0.020823,0.020922,0.02107,0.021181,0.021599,0.022718,0.022978,0.023063,0.023258,0.023569,0.024002,0.024563,0.02534,0.02646,0.028559,0.029742,0.030278,0.03099,0.032179,0.033874,0.035932,0.038196,NaN,NaN,NaN,NaN,NaN,NaN,NaN,NaN,NaN,NaN,NaN,NaN,NaN,NaN,NaN,NaN,NaN,NaN,NaN,NaN,NaN,NaN,NaN,NaN,NaN,NaN,NaN,NaN,NaN,NaN,NaN,NaN,NaN,NaN,NaN,NaN,NaN,NaN,NaN,NaN,NaN,NaN,NaN,NaN,NaN,NaN,NaN,NaN,NaN,NaN,NaN,NaN,NaN,NaN,NaN,NaN,NaN,NaN,NaN,NaN,NaN,NaN,NaN,NaN,NaN,NaN,NaN,NaN,NaN,NaN,NaN,NaN,NaN,NaN,NaN,NaN,NaN,NaN,NaN,NaN,NaN,NaN,NaN,NaN,NaN,NaN,NaN,NaN,NaN,NaN,NaN,NaN,NaN,NaN,NaN,NaN,NaN,NaN,NaN,NaN,NaN,NaN,NaN,NaN,NaN,NaN
0.026839,0.026159,0.025487,0.024821,0.024164,0.023516,0.022878,0.02225,0.021635,0.021033,0.020446,0.019874,0.01932,0.018784,0.018267,0.017772,0.0173,0.016851,0.016429,0.016029,0.015656,0.015314,0.015007,0.014734,0.0145,0.014304,0.014149,0.014091,0.014002,0.013956,0.013953,0.013992,0.014075,0.014198,0.014349,0.014548,0.014784,0.015055,0.01536,0.015698,0.016065,0.0165,0.016906,0.017339,0.017796,0.018265,0.018757,0.019279,0.019823,0.020385,0.020965,0.02156,0.022143,0.022542,0.022899,0.023214,0.023525,0.023742,0.023855,0.023847,0.023722,0.023604,0.023394,0.02328,0.023137,0.022772,0.022355,0.022034,0.021687,0.021589,0.021211,0.020597,0.019959,0.019319,0.018795,0.018341,0.017955,0.017651,0.017464,0.017397,0.017451,0.017623,0.017908,0.018299,0.018788,0.019366,0.019953,0.020455,0.021008,0.021602,0.022202,0.022798,0.023447,0.024106,0.024836,0.026032,0.028898,0.028508,0.02762,0.026669,0.025699,0.02479,0.023976,0.023319,0.022842,0.022423,0.022167,0.021948,0.021876,0.021949,0.022152,0.022469,0.022634,0.022879,0.022409,0.022024,0.021737,0.021481,0.021298,0.021183,0.021103,0.021057,0.021064,0.021009,0.021,0.021178,0.021472,0.022875,0.022824,0.022921,0.022964,0.023182,0.023461,0.023879,0.024442,0.025415,0.027267,0.028692,0.028997,0.029595,0.030581,0.032031,0.03389,0.036022,0.038315,NaN,NaN,NaN,NaN,NaN,NaN,NaN,NaN,NaN,NaN,NaN,NaN,NaN,NaN,NaN,NaN,NaN,NaN,NaN,NaN,NaN,NaN,NaN,NaN,NaN,NaN,NaN,NaN,NaN,NaN,NaN,NaN,NaN,NaN,NaN,NaN,NaN,NaN,NaN,NaN,NaN,NaN,NaN,NaN,NaN,NaN,NaN,NaN,NaN,NaN,NaN,NaN,NaN,NaN,NaN,NaN,NaN,NaN,NaN,NaN,NaN,NaN,NaN,NaN,NaN,NaN,NaN,NaN,NaN,NaN,NaN,NaN,NaN,NaN,NaN,NaN,NaN,NaN,NaN,NaN,NaN,NaN,NaN,NaN,NaN,NaN,NaN,NaN,NaN,NaN,NaN,NaN,NaN,NaN,NaN,NaN,NaN,NaN,NaN,NaN,NaN,NaN,NaN,NaN,NaN
0.026745,0.026077,0.025416,0.024763,0.024116,0.023478,0.022849,0.02223,0.021622,0.021025,0.020442,0.019873,0.01932,0.018784,0.018266,0.017769,0.017293,0.016842,0.016415,0.016016,0.015646,0.015306,0.015,0.014728,0.014493,0.014295,0.014137,0.014053,0.013965,0.013919,0.013914,0.013952,0.014041,0.014128,0.014252,0.014432,0.014649,0.014901,0.015187,0.015504,0.015852,0.016229,0.016633,0.017062,0.017515,0.017991,0.018486,0.019001,0.019532,0.02008,0.020642,0.021219,0.021741,0.022177,0.022535,0.022828,0.023126,0.023365,0.023489,0.023552,0.023511,0.023414,0.023275,0.023177,0.02315,0.022846,0.022487,0.022129,0.021901,0.021818,0.021602,0.021231,0.020589,0.019904,0.019316,0.018764,0.018429,0.018088,0.017864,0.017774,0.017826,0.017997,0.018291,0.018699,0.019212,0.019786,0.020327,0.020685,0.021164,0.021677,0.022212,0.022767,0.023324,0.023904,0.024626,0.025594,0.027943,0.02765,0.027032,0.026098,0.025146,0.024279,0.02353,0.022972,0.022568,0.022248,0.022004,0.021929,0.021952,0.022105,0.022415,0.022794,0.023219,0.023512,0.022927,0.022576,0.022285,0.022033,0.021851,0.02172,0.021636,0.021659,0.021773,0.021928,0.021971,0.022012,0.022152,0.023352,0.023113,0.023027,0.022947,0.022946,0.023085,0.023373,0.023873,0.024739,0.027468,0.028436,0.028223,0.028283,0.028826,0.029977,0.031753,0.034016,0.036595,0.039369,NaN,NaN,NaN,NaN,NaN,NaN,NaN,NaN,NaN,NaN,NaN,NaN,NaN,NaN,NaN,NaN,NaN,NaN,NaN,NaN,NaN,NaN,NaN,NaN,NaN,NaN,NaN,NaN,NaN,NaN,NaN,NaN,NaN,NaN,NaN,NaN,NaN,NaN,NaN,NaN,NaN,NaN,NaN,NaN,NaN,NaN,NaN,NaN,NaN,NaN,NaN,NaN,NaN,NaN,NaN,NaN,NaN,NaN,NaN,NaN,NaN,NaN,NaN,NaN,NaN,NaN,NaN,NaN,NaN,NaN,NaN,NaN,NaN,NaN,NaN,NaN,NaN,NaN,NaN,NaN,NaN,NaN,NaN,NaN,NaN,NaN,NaN,NaN,NaN,NaN,NaN,NaN,NaN,NaN,NaN,NaN,NaN,NaN,NaN,NaN,NaN,NaN,NaN,NaN
0.026884,0.026206,0.025534,0.02487,0.024214,0.023566,0.022929,0.022301,0.021685,0.021082,0.020493,0.019918,0.019361,0.01882,0.018299,0.017799,0.01732,0.016866,0.016438,0.016038,0.015668,0.015321,0.015008,0.014732,0.014493,0.014294,0.014136,0.014021,0.013948,0.013918,0.013932,0.013988,0.014087,0.014227,0.01437,0.014565,0.014809,0.015087,0.015399,0.015742,0.016114,0.016514,0.01694,0.017389,0.01786,0.018352,0.018862,0.01939,0.019934,0.020486,0.021055,0.021641,0.022184,0.022669,0.022975,0.023205,0.023445,0.023575,0.023617,0.02357,0.023464,0.023279,0.02313,0.022957,0.023012,0.022698,0.022252,0.021863,0.021713,0.021485,0.021226,0.020672,0.020106,0.019475,0.018982,0.018578,0.018251,0.018016,0.017933,0.018006,0.018211,0.018569,0.019057,0.019663,0.020373,0.021152,0.021873,0.02217,0.022443,0.022807,0.023233,0.023605,0.023964,0.024359,0.024883,0.025735,0.028152,0.027576,0.026506,0.025415,0.024374,0.023456,0.022697,0.022123,0.021838,0.021693,0.021698,0.021913,0.022315,0.022884,0.023624,0.024366,0.025134,0.025902,0.025398,0.025043,0.024804,0.0246,0.024433,0.024285,0.024137,0.02399,0.024056,0.024073,0.023871,0.023761,0.023982,0.024945,0.024337,0.023775,0.023274,0.022934,0.022769,0.022844,0.023053,0.023674,0.025857,0.027358,0.02767,0.027812,0.028347,0.029362,0.030919,0.032977,0.035413,0.038098,0.040946,NaN,NaN,NaN,NaN,NaN,NaN,NaN,NaN,NaN,NaN,NaN,NaN,NaN,NaN,NaN,NaN,NaN,NaN,NaN,NaN,NaN,NaN,NaN,NaN,NaN,NaN,NaN,NaN,NaN,NaN,NaN,NaN,NaN,NaN,NaN,NaN,NaN,NaN,NaN,NaN,NaN,NaN,NaN,NaN,NaN,NaN,NaN,NaN,NaN,NaN,NaN,NaN,NaN,NaN,NaN,NaN,NaN,NaN,NaN,NaN,NaN,NaN,NaN,NaN,NaN,NaN,NaN,NaN,NaN,NaN,NaN,NaN,NaN,NaN,NaN,NaN,NaN,NaN,NaN,NaN,NaN,NaN,NaN,NaN,NaN,NaN,NaN,NaN,NaN,NaN,NaN,NaN,NaN,NaN,NaN,NaN,NaN,NaN,NaN,NaN,NaN,NaN,NaN
0.026861,0.026183,0.025511,0.024847,0.024191,0.023544,0.022905,0.022277,0.021661,0.021057,0.020466,0.019891,0.019332,0.018791,0.018269,0.017769,0.017291,0.016838,0.016411,0.016013,0.015644,0.015308,0.015006,0.014739,0.014511,0.014322,0.014252,0.014165,0.014072,0.014023,0.014019,0.01406,0.014147,0.01427,0.014448,0.014655,0.014902,0.015186,0.015505,0.015856,0.016123,0.01651,0.016921,0.017355,0.017812,0.018291,0.018788,0.019304,0.019837,0.020458,0.021,0.021549,0.022086,0.022544,0.022897,0.023196,0.023524,0.023748,0.023865,0.023809,0.023727,0.023573,0.023362,0.02334,0.023244,0.022989,0.022533,0.022041,0.021737,0.021619,0.02112,0.020482,0.019712,0.019002,0.018487,0.018205,0.017867,0.017616,0.017549,0.017615,0.01786,0.018211,0.018713,0.019343,0.020089,0.020919,0.021764,0.022158,0.022535,0.023033,0.023578,0.024084,0.024617,0.025173,0.025845,0.027171,0.029883,0.029259,0.028101,0.026596,0.02522,0.024025,0.023034,0.022238,0.021718,0.021421,0.021422,0.02171,0.022262,0.023046,0.023952,0.025042,0.026119,0.027126,0.026926,0.026737,0.026678,0.026665,0.026631,0.026621,0.026586,0.026629,0.026551,0.02668,0.026486,0.026328,0.026349,0.027334,0.026425,0.025712,0.025075,0.024441,0.023902,0.02358,0.02354,0.02407,0.025912,0.02733,0.027542,0.027762,0.028358,0.029377,0.030862,0.032805,0.035132,0.037739,0.040542,0.043479,NaN,NaN,NaN,NaN,NaN,NaN,NaN,NaN,NaN,NaN,NaN,NaN,NaN,NaN,NaN,NaN,NaN,NaN,NaN,NaN,NaN,NaN,NaN,NaN,NaN,NaN,NaN,NaN,NaN,NaN,NaN,NaN,NaN,NaN,NaN,NaN,NaN,NaN,NaN,NaN,NaN,NaN,NaN,NaN,NaN,NaN,NaN,NaN,NaN,NaN,NaN,NaN,NaN,NaN,NaN,NaN,NaN,NaN,NaN,NaN,NaN,NaN,NaN,NaN,NaN,NaN,NaN,NaN,NaN,NaN,NaN,NaN,NaN,NaN,NaN,NaN,NaN,NaN,NaN,NaN,NaN,NaN,NaN,NaN,NaN,NaN,NaN,NaN,NaN,NaN,NaN,NaN,NaN,NaN,NaN,NaN,NaN,NaN,NaN,NaN,NaN,NaN
0.026904,0.026228,0.025558,0.024895,0.024239,0.023592,0.022954,0.022327,0.02171,0.021105,0.020513,0.019936,0.019374,0.01883,0.018305,0.017799,0.017317,0.016858,0.016425,0.016021,0.015646,0.015304,0.014995,0.014723,0.014489,0.014294,0.01414,0.014058,0.013982,0.01395,0.013961,0.014014,0.014111,0.014263,0.014421,0.014606,0.014842,0.015114,0.015419,0.015756,0.016124,0.01652,0.016943,0.017392,0.017864,0.018359,0.018873,0.019406,0.019956,0.020522,0.021103,0.02171,0.022295,0.022774,0.023099,0.023364,0.023658,0.023879,0.023901,0.023807,0.023627,0.023362,0.02319,0.022974,0.022905,0.022634,0.022253,0.021792,0.021644,0.021582,0.021062,0.02036,0.019652,0.018977,0.018462,0.018095,0.017843,0.017675,0.017674,0.01784,0.018136,0.018608,0.019205,0.019928,0.020738,0.021601,0.022309,0.022665,0.023031,0.023461,0.023921,0.024403,0.024831,0.025321,0.025891,0.026832,0.028964,0.02837,0.027184,0.025785,0.024484,0.023323,0.022291,0.021439,0.020806,0.020445,0.020241,0.020275,0.020536,0.021005,0.021651,0.022452,0.023392,0.024412,0.025148,0.025546,0.025982,0.026437,0.026934,0.027628,0.028156,0.028649,0.029408,0.030292,0.030275,0.030527,0.030933,0.031994,0.031239,0.030126,0.028991,0.027895,0.026939,0.026161,0.025757,0.026195,0.028037,0.029264,0.029041,0.029103,0.029719,0.030628,0.032216,0.034047,0.036335,0.039007,0.041977,0.045163,0.048498,NaN,NaN,NaN,NaN,NaN,NaN,NaN,NaN,NaN,NaN,NaN,NaN,NaN,NaN,NaN,NaN,NaN,NaN,NaN,NaN,NaN,NaN,NaN,NaN,NaN,NaN,NaN,NaN,NaN,NaN,NaN,NaN,NaN,NaN,NaN,NaN,NaN,NaN,NaN,NaN,NaN,NaN,NaN,NaN,NaN,NaN,NaN,NaN,NaN,NaN,NaN,NaN,NaN,NaN,NaN,NaN,NaN,NaN,NaN,NaN,NaN,NaN,NaN,NaN,NaN,NaN,NaN,NaN,NaN,NaN,NaN,NaN,NaN,NaN,NaN,NaN,NaN,NaN,NaN,NaN,NaN,NaN,NaN,NaN,NaN,NaN,NaN,NaN,NaN,NaN,NaN,NaN,NaN,NaN,NaN,NaN,NaN,NaN,NaN,NaN,NaN
0.026998,0.026289,0.025596,0.024931,0.024293,0.023674,0.022974,0.022343,0.021723,0.021115,0.020521,0.019942,0.01938,0.018835,0.01831,0.017805,0.017323,0.016866,0.016435,0.016032,0.01566,0.01532,0.015014,0.014745,0.014524,0.014326,0.01417,0.014073,0.013996,0.013964,0.013975,0.01403,0.014127,0.01428,0.014434,0.014639,0.014881,0.015159,0.015472,0.015816,0.016191,0.016595,0.017026,0.017482,0.017963,0.018465,0.018988,0.019529,0.020088,0.020661,0.02125,0.021855,0.022407,0.02291,0.023248,0.023513,0.023786,0.024051,0.024128,0.023978,0.023697,0.023466,0.023266,0.023049,0.022845,0.022424,0.021984,0.021563,0.02134,0.021409,0.020937,0.020243,0.019487,0.018869,0.018339,0.017987,0.017798,0.017682,0.017721,0.017931,0.01832,0.018869,0.019523,0.020303,0.021162,0.022081,0.022892,0.022967,0.023346,0.023679,0.024066,0.024363,0.024687,0.025097,0.025575,0.026105,0.028072,0.027218,0.02614,0.024868,0.023687,0.022614,0.021666,0.020866,0.020237,0.019792,0.019523,0.019448,0.019564,0.019863,0.020337,0.020989,0.021706,0.022593,0.023466,0.023939,0.024459,0.025118,0.025865,0.026597,0.027316,0.028269,0.02932,0.030367,0.030657,0.031174,0.031807,0.033963,0.032868,0.031862,0.030679,0.029299,0.028176,0.02726,0.026571,0.026359,0.028058,0.029464,0.028821,0.028585,0.028897,0.029506,0.030587,0.032464,0.03439,0.036737,0.039439,0.042433,0.045641,0.048997,NaN,NaN,NaN,NaN,NaN,NaN,NaN,NaN,NaN,NaN,NaN,NaN,NaN,NaN,NaN,NaN,NaN,NaN,NaN,NaN,NaN,NaN,NaN,NaN,NaN,NaN,NaN,NaN,NaN,NaN,NaN,NaN,NaN,NaN,NaN,NaN,NaN,NaN,NaN,NaN,NaN,NaN,NaN,NaN,NaN,NaN,NaN,NaN,NaN,NaN,NaN,NaN,NaN,NaN,NaN,NaN,NaN,NaN,NaN,NaN,NaN,NaN,NaN,NaN,NaN,NaN,NaN,NaN,NaN,NaN,NaN,NaN,NaN,NaN,NaN,NaN,NaN,NaN,NaN,NaN,NaN,NaN,NaN,NaN,NaN,NaN,NaN,NaN,NaN,NaN,NaN,NaN,NaN,NaN,NaN,NaN,NaN,NaN,NaN,NaN
0.026817,0.026145,0.025481,0.024823,0.024172,0.023531,0.022898,0.022275,0.021662,0.021062,0.020475,0.019901,0.019344,0.018803,0.018281,0.017778,0.017298,0.016841,0.016409,0.016005,0.01563,0.015286,0.014975,0.0147,0.014462,0.014263,0.014104,0.014067,0.013966,0.01391,0.013899,0.013933,0.014014,0.014142,0.014298,0.014509,0.014759,0.015046,0.015323,0.015662,0.01603,0.016428,0.016851,0.017299,0.01777,0.018261,0.018772,0.019301,0.019846,0.020406,0.020933,0.021518,0.022093,0.022623,0.022979,0.023265,0.023574,0.023822,0.02386,0.023782,0.023624,0.023447,0.023268,0.023082,0.023116,0.022855,0.022398,0.021985,0.021646,0.021808,0.021377,0.020598,0.019878,0.019223,0.018713,0.018307,0.018068,0.017889,0.017879,0.018042,0.018372,0.018859,0.019487,0.020236,0.021096,0.021991,0.0228,0.02314,0.023474,0.0238,0.02415,0.024486,0.024807,0.025227,0.02569,0.026369,0.028283,0.027423,0.026389,0.025126,0.02398,0.02284,0.021841,0.021007,0.020371,0.019927,0.01969,0.019672,0.019849,0.020172,0.020722,0.021455,0.022334,0.023316,0.023914,0.02438,0.024956,0.025508,0.026149,0.026862,0.027549,0.028409,0.029178,0.030083,0.030502,0.030625,0.031399,0.033155,0.032102,0.030811,0.029588,0.028341,0.027267,0.026295,0.025627,0.025584,0.026603,0.027201,0.026945,0.02675,0.026914,0.027445,0.028353,0.029641,0.031298,0.033287,0.036141,0.038261,0.040726,0.043608,0.046768,NaN,NaN,NaN,NaN,NaN,NaN,NaN,NaN,NaN,NaN,NaN,NaN,NaN,NaN,NaN,NaN,NaN,NaN,NaN,NaN,NaN,NaN,NaN,NaN,NaN,NaN,NaN,NaN,NaN,NaN,NaN,NaN,NaN,NaN,NaN,NaN,NaN,NaN,NaN,NaN,NaN,NaN,NaN,NaN,NaN,NaN,NaN,NaN,NaN,NaN,NaN,NaN,NaN,NaN,NaN,NaN,NaN,NaN,NaN,NaN,NaN,NaN,NaN,NaN,NaN,NaN,NaN,NaN,NaN,NaN,NaN,NaN,NaN,NaN,NaN,NaN,NaN,NaN,NaN,NaN,NaN,NaN,NaN,NaN,NaN,NaN,NaN,NaN,NaN,NaN,NaN,NaN,NaN,NaN,NaN,NaN,NaN,NaN,NaN
0.026909,0.026231,0.02556,0.024897,0.024241,0.023593,0.022955,0.022327,0.02171,0.021105,0.020514,0.019937,0.019376,0.018832,0.018308,0.017804,0.017322,0.016864,0.016433,0.016029,0.015655,0.015312,0.015004,0.014732,0.014498,0.014304,0.0142,0.014074,0.013992,0.013953,0.013958,0.014005,0.014096,0.014243,0.014406,0.014609,0.014849,0.015125,0.015435,0.015777,0.01615,0.016551,0.01698,0.017434,0.017911,0.018411,0.018931,0.019471,0.020027,0.0206,0.021187,0.021798,0.022393,0.022884,0.023193,0.023458,0.023684,0.02384,0.023863,0.023808,0.023634,0.023401,0.023157,0.023095,0.022893,0.022479,0.022159,0.021777,0.021545,0.021412,0.021102,0.020283,0.019515,0.018846,0.018273,0.017929,0.017641,0.017474,0.017475,0.017643,0.018006,0.01847,0.019082,0.019823,0.020639,0.021526,0.022317,0.022531,0.022887,0.02337,0.023879,0.024356,0.02484,0.025349,0.02595,0.026939,0.02897,0.028119,0.026829,0.025521,0.024215,0.022996,0.021919,0.020954,0.020154,0.019536,0.019113,0.018893,0.018875,0.019055,0.019427,0.019981,0.020681,0.021468,0.022054,0.02268,0.023418,0.024192,0.025039,0.025986,0.02705,0.02808,0.028999,0.030083,0.030641,0.031369,0.032651,0.034374,0.033097,0.031682,0.030321,0.028998,0.027795,0.026797,0.025959,0.025643,0.026258,0.026423,0.025908,0.025562,0.025571,0.025945,0.02669,0.028012,0.029411,0.031134,0.033324,0.035279,0.037112,0.039408,0.042255,0.045454,NaN,NaN,NaN,NaN,NaN,NaN,NaN,NaN,NaN,NaN,NaN,NaN,NaN,NaN,NaN,NaN,NaN,NaN,NaN,NaN,NaN,NaN,NaN,NaN,NaN,NaN,NaN,NaN,NaN,NaN,NaN,NaN,NaN,NaN,NaN,NaN,NaN,NaN,NaN,NaN,NaN,NaN,NaN,NaN,NaN,NaN,NaN,NaN,NaN,NaN,NaN,NaN,NaN,NaN,NaN,NaN,NaN,NaN,NaN,NaN,NaN,NaN,NaN,NaN,NaN,NaN,NaN,NaN,NaN,NaN,NaN,NaN,NaN,NaN,NaN,NaN,NaN,NaN,NaN,NaN,NaN,NaN,NaN,NaN,NaN,NaN,NaN,NaN,NaN,NaN,NaN,NaN,NaN,NaN,NaN,NaN,NaN,NaN
0.026908,0.026233,0.025565,0.024903,0.02425,0.023604,0.022968,0.022342,0.021726,0.021122,0.020531,0.019954,0.019393,0.018848,0.018322,0.017815,0.017331,0.01687,0.016434,0.016026,0.015648,0.015301,0.014989,0.014712,0.014473,0.014274,0.014116,0.01402,0.01394,0.013904,0.013912,0.013962,0.014055,0.01419,0.014369,0.014576,0.014819,0.015098,0.01541,0.015754,0.016128,0.016529,0.016957,0.017408,0.017883,0.018378,0.018894,0.019427,0.019977,0.020543,0.021124,0.021722,0.022315,0.022822,0.023194,0.023499,0.023757,0.023929,0.023962,0.023903,0.023752,0.023482,0.023201,0.022949,0.022714,0.022345,0.021992,0.021625,0.021504,0.021748,0.021339,0.020603,0.019848,0.019097,0.018531,0.018051,0.017732,0.017539,0.01757,0.017708,0.018018,0.018495,0.019131,0.019913,0.020789,0.021771,0.022695,0.022899,0.023208,0.023689,0.024138,0.02455,0.024987,0.025482,0.026099,0.026919,0.028758,0.027961,0.026763,0.025465,0.024178,0.022999,0.021949,0.021068,0.020388,0.019853,0.019496,0.019348,0.019405,0.019661,0.020116,0.020729,0.02149,0.022314,0.022602,0.023038,0.023509,0.024073,0.024745,0.025518,0.026283,0.027084,0.028063,0.029268,0.029659,0.030082,0.030576,0.032044,0.030978,0.029925,0.028792,0.027725,0.026716,0.025931,0.025275,0.025329,0.025849,0.026168,0.025529,0.025051,0.024898,0.025088,0.025635,0.026534,0.02777,0.029411,0.031348,0.032159,0.033219,0.034756,0.036972,0.039806,0.042988,NaN,NaN,NaN,NaN,NaN,NaN,NaN,NaN,NaN,NaN,NaN,NaN,NaN,NaN,NaN,NaN,NaN,NaN,NaN,NaN,NaN,NaN,NaN,NaN,NaN,NaN,NaN,NaN,NaN,NaN,NaN,NaN,NaN,NaN,NaN,NaN,NaN,NaN,NaN,NaN,NaN,NaN,NaN,NaN,NaN,NaN,NaN,NaN,NaN,NaN,NaN,NaN,NaN,NaN,NaN,NaN,NaN,NaN,NaN,NaN,NaN,NaN,NaN,NaN,NaN,NaN,NaN,NaN,NaN,NaN,NaN,NaN,NaN,NaN,NaN,NaN,NaN,NaN,NaN,NaN,NaN,NaN,NaN,NaN,NaN,NaN,NaN,NaN,NaN,NaN,NaN,NaN,NaN,NaN,NaN,NaN,NaN
0.026917,0.02624,0.02557,0.024907,0.024251,0.023604,0.022966,0.022338,0.02172,0.021114,0.020521,0.019941,0.019377,0.01883,0.018301,0.017791,0.017304,0.01684,0.016402,0.015991,0.01561,0.015262,0.014948,0.01467,0.014431,0.014231,0.014073,0.013958,0.013887,0.01386,0.013876,0.013936,0.014039,0.014174,0.014354,0.014573,0.014829,0.015121,0.015445,0.015801,0.016186,0.016599,0.017037,0.017498,0.017982,0.018486,0.019008,0.019548,0.020104,0.020674,0.021258,0.021861,0.022458,0.022919,0.023238,0.023496,0.023752,0.023954,0.023958,0.023823,0.023572,0.02332,0.023058,0.022877,0.022811,0.022497,0.022001,0.021506,0.021344,0.021372,0.020906,0.020208,0.019453,0.018763,0.018182,0.017759,0.017649,0.01749,0.017512,0.017717,0.018128,0.018669,0.019362,0.020187,0.021095,0.022102,0.023055,0.023157,0.023458,0.023781,0.024166,0.024491,0.024889,0.02527,0.025709,0.026315,0.028537,0.027659,0.026463,0.025158,0.02392,0.022773,0.021753,0.020879,0.020175,0.019656,0.019336,0.019218,0.019298,0.019564,0.020009,0.02063,0.021373,0.022209,0.022762,0.023372,0.024052,0.024821,0.025616,0.026554,0.027461,0.028331,0.029112,0.029945,0.030083,0.030357,0.030617,0.031853,0.030875,0.030053,0.028857,0.027711,0.026614,0.025643,0.0249,0.024493,0.024884,0.025247,0.02465,0.024169,0.023953,0.024011,0.024348,0.024968,0.025867,0.027038,0.028559,0.030226,0.031905,0.033775,0.03583,0.038059,0.040418,0.042868,NaN,NaN,NaN,NaN,NaN,NaN,NaN,NaN,NaN,NaN,NaN,NaN,NaN,NaN,NaN,NaN,NaN,NaN,NaN,NaN,NaN,NaN,NaN,NaN,NaN,NaN,NaN,NaN,NaN,NaN,NaN,NaN,NaN,NaN,NaN,NaN,NaN,NaN,NaN,NaN,NaN,NaN,NaN,NaN,NaN,NaN,NaN,NaN,NaN,NaN,NaN,NaN,NaN,NaN,NaN,NaN,NaN,NaN,NaN,NaN,NaN,NaN,NaN,NaN,NaN,NaN,NaN,NaN,NaN,NaN,NaN,NaN,NaN,NaN,NaN,NaN,NaN,NaN,NaN,NaN,NaN,NaN,NaN,NaN,NaN,NaN,NaN,NaN,NaN,NaN,NaN,NaN,NaN,NaN,NaN,NaN
0.026901,0.026225,0.025556,0.024894,0.024239,0.023593,0.022955,0.022328,0.021711,0.021106,0.020514,0.019936,0.019373,0.018827,0.018299,0.017791,0.017305,0.016843,0.016406,0.015996,0.015617,0.015269,0.014955,0.014678,0.014439,0.014239,0.014081,0.013986,0.013908,0.013873,0.013883,0.013936,0.014031,0.014169,0.014347,0.014564,0.014818,0.015107,0.01543,0.015784,0.016168,0.016579,0.017016,0.017477,0.017961,0.018465,0.018988,0.019528,0.020085,0.020657,0.021243,0.021847,0.022588,0.023019,0.023327,0.023562,0.023853,0.024166,0.024143,0.024036,0.023825,0.02355,0.023196,0.022984,0.022855,0.022457,0.022019,0.021642,0.021441,0.021294,0.020877,0.020216,0.019501,0.018851,0.018363,0.017984,0.017772,0.017622,0.017642,0.017833,0.018198,0.018709,0.019361,0.020141,0.021034,0.021967,0.02275,0.022943,0.023296,0.023697,0.024131,0.0245,0.024885,0.025365,0.025835,0.026535,0.02847,0.027795,0.026604,0.025278,0.024019,0.022851,0.021805,0.020903,0.020166,0.019613,0.019258,0.019104,0.019151,0.019394,0.019823,0.020427,0.021178,0.021955,0.02246,0.023052,0.023728,0.024471,0.025238,0.0261,0.026956,0.027857,0.028716,0.029621,0.030046,0.030389,0.031224,0.032235,0.031336,0.03041,0.029258,0.028028,0.026928,0.025907,0.025075,0.024702,0.024914,0.024622,0.02399,0.023479,0.023216,0.023208,0.023461,0.024052,0.024804,0.025806,0.027279,0.028612,0.030025,0.031636,0.033445,0.035447,0.03761,0.03989,0.042252,NaN,NaN,NaN,NaN,NaN,NaN,NaN,NaN,NaN,NaN,NaN,NaN,NaN,NaN,NaN,NaN,NaN,NaN,NaN,NaN,NaN,NaN,NaN,NaN,NaN,NaN,NaN,NaN,NaN,NaN,NaN,NaN,NaN,NaN,NaN,NaN,NaN,NaN,NaN,NaN,NaN,NaN,NaN,NaN,NaN,NaN,NaN,NaN,NaN,NaN,NaN,NaN,NaN,NaN,NaN,NaN,NaN,NaN,NaN,NaN,NaN,NaN,NaN,NaN,NaN,NaN,NaN,NaN,NaN,NaN,NaN,NaN,NaN,NaN,NaN,NaN,NaN,NaN,NaN,NaN,NaN,NaN,NaN,NaN,NaN,NaN,NaN,NaN,NaN,NaN,NaN,NaN,NaN,NaN,NaN
0.02695,0.026253,0.025564,0.024886,0.024218,0.023565,0.022928,0.022307,0.021703,0.021115,0.020544,0.019953,0.019401,0.018867,0.018353,0.017832,0.017352,0.016896,0.016466,0.016065,0.015693,0.015353,0.015048,0.014778,0.014547,0.014384,0.014245,0.014167,0.014074,0.014025,0.014019,0.014057,0.014138,0.01426,0.014424,0.014626,0.014867,0.015143,0.015454,0.015797,0.01617,0.016573,0.017002,0.017457,0.017935,0.018435,0.018954,0.019493,0.020048,0.020619,0.021205,0.021805,0.022417,0.022982,0.023301,0.023523,0.023747,0.02394,0.023949,0.023805,0.023637,0.023441,0.023214,0.023008,0.022754,0.022411,0.022021,0.021639,0.021608,0.021617,0.021173,0.020457,0.019672,0.019043,0.018543,0.018173,0.017951,0.017819,0.017865,0.018088,0.018476,0.019019,0.019706,0.020522,0.021451,0.022468,0.023356,0.023605,0.023811,0.024115,0.024399,0.02465,0.024957,0.02528,0.025568,0.026206,0.027675,0.02685,0.025786,0.024585,0.023395,0.0223,0.021314,0.020456,0.019759,0.019198,0.01881,0.018599,0.018567,0.018713,0.019031,0.019514,0.020129,0.020848,0.021409,0.022054,0.022775,0.023599,0.02448,0.025417,0.026382,0.027444,0.028424,0.029516,0.030197,0.030813,0.031337,0.032509,0.03166,0.030666,0.029536,0.028515,0.027479,0.026604,0.025863,0.025507,0.025669,0.025494,0.024526,0.023775,0.02326,0.022997,0.022997,0.023264,0.023799,0.024595,0.025695,0.026966,0.028306,0.029836,0.031538,0.033397,0.035396,0.037506,0.039702,0.041963,NaN,NaN,NaN,NaN,NaN,NaN,NaN,NaN,NaN,NaN,NaN,NaN,NaN,NaN,NaN,NaN,NaN,NaN,NaN,NaN,NaN,NaN,NaN,NaN,NaN,NaN,NaN,NaN,NaN,NaN,NaN,NaN,NaN,NaN,NaN,NaN,NaN,NaN,NaN,NaN,NaN,NaN,NaN,NaN,NaN,NaN,NaN,NaN,NaN,NaN,NaN,NaN,NaN,NaN,NaN,NaN,NaN,NaN,NaN,NaN,NaN,NaN,NaN,NaN,NaN,NaN,NaN,NaN,NaN,NaN,NaN,NaN,NaN,NaN,NaN,NaN,NaN,NaN,NaN,NaN,NaN,NaN,NaN,NaN,NaN,NaN,NaN,NaN,NaN,NaN,NaN,NaN,NaN,NaN
0.026921,0.026234,0.025554,0.024883,0.02422,0.023567,0.022926,0.022298,0.021685,0.021086,0.020504,0.019938,0.01939,0.018861,0.018351,0.01784,0.017363,0.016909,0.016471,0.016062,0.015682,0.015335,0.015021,0.014743,0.014504,0.014304,0.014145,0.014071,0.013985,0.013943,0.013944,0.013989,0.014077,0.014206,0.014376,0.014584,0.01483,0.015112,0.015428,0.015775,0.016152,0.016558,0.016989,0.017446,0.017925,0.018425,0.018944,0.019482,0.020036,0.020606,0.02119,0.021793,0.022382,0.022903,0.023253,0.023482,0.023722,0.023958,0.024043,0.023867,0.023618,0.023473,0.023192,0.023178,0.022929,0.022516,0.022036,0.021577,0.021454,0.021529,0.021132,0.020392,0.019663,0.019044,0.018467,0.018102,0.017884,0.017799,0.017888,0.018168,0.018666,0.019285,0.020038,0.020914,0.021908,0.022866,0.023657,0.023666,0.023949,0.024238,0.024557,0.024828,0.025062,0.025372,0.025695,0.026321,0.027594,0.026907,0.025834,0.024658,0.023478,0.022392,0.021415,0.020563,0.019851,0.019295,0.018906,0.018692,0.018656,0.018799,0.019117,0.019596,0.020235,0.02093,0.021564,0.022289,0.023103,0.023996,0.024943,0.025925,0.026911,0.027948,0.02888,0.029652,0.030076,0.030633,0.031453,0.032196,0.031273,0.030276,0.029144,0.02816,0.027096,0.026183,0.02538,0.024827,0.024673,0.024463,0.023733,0.023046,0.022569,0.022315,0.022291,0.022553,0.022977,0.023707,0.024724,0.025739,0.026842,0.028129,0.029589,0.031211,0.032981,0.034877,0.036873,0.038944,0.041074,NaN,NaN,NaN,NaN,NaN,NaN,NaN,NaN,NaN,NaN,NaN,NaN,NaN,NaN,NaN,NaN,NaN,NaN,NaN,NaN,NaN,NaN,NaN,NaN,NaN,NaN,NaN,NaN,NaN,NaN,NaN,NaN,NaN,NaN,NaN,NaN,NaN,NaN,NaN,NaN,NaN,NaN,NaN,NaN,NaN,NaN,NaN,NaN,NaN,NaN,NaN,NaN,NaN,NaN,NaN,NaN,NaN,NaN,NaN,NaN,NaN,NaN,NaN,NaN,NaN,NaN,NaN,NaN,NaN,NaN,NaN,NaN,NaN,NaN,NaN,NaN,NaN,NaN,NaN,NaN,NaN,NaN,NaN,NaN,NaN,NaN,NaN,NaN,NaN,NaN,NaN,NaN,NaN
0.026996,0.02631,0.025632,0.024961,0.024298,0.023645,0.023,0.022367,0.021746,0.021137,0.020543,0.019964,0.019402,0.018858,0.018332,0.017828,0.017346,0.016888,0.016456,0.016049,0.015666,0.015317,0.015001,0.014723,0.014483,0.014284,0.014127,0.014034,0.013958,0.013926,0.013939,0.013996,0.014096,0.014239,0.014423,0.014645,0.014906,0.015202,0.015532,0.015894,0.016285,0.016705,0.01715,0.017619,0.018111,0.018623,0.019155,0.019704,0.02027,0.02085,0.021445,0.022058,0.02266,0.0232,0.023556,0.023787,0.024002,0.024114,0.024179,0.024028,0.023782,0.023514,0.023223,0.022931,0.022745,0.022299,0.021949,0.021495,0.021219,0.021082,0.020542,0.019848,0.019167,0.018535,0.018069,0.017712,0.017522,0.017433,0.017515,0.017769,0.018195,0.01876,0.019462,0.020287,0.021219,0.022215,0.023089,0.023311,0.023563,0.02389,0.024285,0.024658,0.025027,0.025456,0.025869,0.026736,0.028483,0.027549,0.0264,0.025099,0.023824,0.022651,0.021598,0.020684,0.019931,0.019357,0.018976,0.018793,0.018811,0.019024,0.019426,0.020006,0.020753,0.021586,0.022016,0.022678,0.023421,0.024253,0.025093,0.025991,0.026898,0.027745,0.02858,0.029442,0.029737,0.029978,0.030506,0.031614,0.030584,0.029514,0.028421,0.027399,0.026404,0.025524,0.024734,0.024248,0.024251,0.023951,0.023109,0.022468,0.021969,0.021667,0.021571,0.021733,0.022042,0.022559,0.023348,0.024271,0.025258,0.026411,0.027715,0.029155,0.030718,0.03239,0.034152,0.035987,0.03788,0.039819,NaN,NaN,NaN,NaN,NaN,NaN,NaN,NaN,NaN,NaN,NaN,NaN,NaN,NaN,NaN,NaN,NaN,NaN,NaN,NaN,NaN,NaN,NaN,NaN,NaN,NaN,NaN,NaN,NaN,NaN,NaN,NaN,NaN,NaN,NaN,NaN,NaN,NaN,NaN,NaN,NaN,NaN,NaN,NaN,NaN,NaN,NaN,NaN,NaN,NaN,NaN,NaN,NaN,NaN,NaN,NaN,NaN,NaN,NaN,NaN,NaN,NaN,NaN,NaN,NaN,NaN,NaN,NaN,NaN,NaN,NaN,NaN,NaN,NaN,NaN,NaN,NaN,NaN,NaN,NaN,NaN,NaN,NaN,NaN,NaN,NaN,NaN,NaN,NaN,NaN,NaN,NaN
0.02685,0.026178,0.025512,0.024853,0.024202,0.023558,0.022924,0.0223,0.021687,0.021085,0.020497,0.019922,0.019363,0.018821,0.018298,0.017794,0.017312,0.016854,0.01642,0.016015,0.015638,0.015293,0.014982,0.014706,0.014467,0.014268,0.01411,0.014039,0.013952,0.013907,0.013906,0.013948,0.014032,0.014158,0.014324,0.014528,0.01477,0.015047,0.015357,0.015699,0.016071,0.016471,0.016898,0.017349,0.017822,0.018317,0.018831,0.019364,0.019913,0.020487,0.021062,0.021656,0.022244,0.022755,0.023082,0.023326,0.023606,0.023827,0.023838,0.023725,0.023545,0.023399,0.023262,0.023161,0.023056,0.02276,0.022355,0.021961,0.02175,0.021617,0.021067,0.020271,0.019612,0.019052,0.018497,0.018142,0.018031,0.017873,0.01789,0.018084,0.01846,0.018992,0.019673,0.020455,0.021308,0.022187,0.023089,0.023135,0.023445,0.023776,0.024126,0.024452,0.024777,0.02516,0.025576,0.02626,0.028122,0.027302,0.026035,0.024745,0.023554,0.022446,0.021458,0.020663,0.01998,0.019449,0.019099,0.018946,0.01899,0.019228,0.019652,0.020252,0.020993,0.021803,0.022163,0.02282,0.023512,0.024286,0.025077,0.025955,0.026735,0.027501,0.028217,0.028974,0.029187,0.02956,0.029945,0.030481,0.029618,0.02874,0.027825,0.026862,0.025964,0.025167,0.024554,0.024206,0.024313,0.02392,0.023108,0.022437,0.021908,0.021567,0.021418,0.02147,0.021657,0.022037,0.022749,0.02342,0.02418,0.025112,0.026203,0.027444,0.028826,0.030337,0.03196,0.033674,0.035461,0.037304,0.039194,NaN,NaN,NaN,NaN,NaN,NaN,NaN,NaN,NaN,NaN,NaN,NaN,NaN,NaN,NaN,NaN,NaN,NaN,NaN,NaN,NaN,NaN,NaN,NaN,NaN,NaN,NaN,NaN,NaN,NaN,NaN,NaN,NaN,NaN,NaN,NaN,NaN,NaN,NaN,NaN,NaN,NaN,NaN,NaN,NaN,NaN,NaN,NaN,NaN,NaN,NaN,NaN,NaN,NaN,NaN,NaN,NaN,NaN,NaN,NaN,NaN,NaN,NaN,NaN,NaN,NaN,NaN,NaN,NaN,NaN,NaN,NaN,NaN,NaN,NaN,NaN,NaN,NaN,NaN,NaN,NaN,NaN,NaN,NaN,NaN,NaN,NaN,NaN,NaN,NaN,NaN
0.026937,0.026258,0.025585,0.024919,0.024262,0.023612,0.022972,0.022341,0.021722,0.021115,0.02052,0.01994,0.019376,0.018829,0.0183,0.017792,0.017306,0.016844,0.016408,0.016,0.015622,0.015276,0.014965,0.01469,0.014454,0.014258,0.014134,0.014015,0.013939,0.013908,0.013921,0.013978,0.014078,0.01422,0.014393,0.01461,0.014865,0.015155,0.015479,0.015835,0.01622,0.016633,0.017072,0.017535,0.018021,0.018527,0.019053,0.019596,0.020155,0.020729,0.021317,0.021928,0.022507,0.02304,0.023415,0.023668,0.023951,0.024192,0.024272,0.024151,0.023938,0.023631,0.023384,0.023067,0.0228,0.022372,0.021893,0.02142,0.021293,0.021335,0.020714,0.020111,0.019355,0.018785,0.018319,0.017941,0.017695,0.017583,0.017642,0.017874,0.018273,0.018827,0.01952,0.020337,0.021248,0.022246,0.023128,0.023265,0.023573,0.023883,0.024249,0.024544,0.024825,0.025176,0.025556,0.02622,0.028004,0.027074,0.02594,0.024698,0.023502,0.02242,0.021437,0.020591,0.019903,0.019389,0.01906,0.018922,0.018976,0.019217,0.019637,0.020228,0.020987,0.021843,0.022199,0.022864,0.023621,0.024452,0.025309,0.026176,0.027054,0.027856,0.028624,0.029326,0.029458,0.029822,0.030165,0.031059,0.030204,0.029341,0.028345,0.027403,0.026442,0.025532,0.024703,0.024096,0.024188,0.023892,0.023088,0.022427,0.021922,0.021585,0.021426,0.021558,0.021743,0.022086,0.022857,0.023505,0.024086,0.024835,0.025741,0.026799,0.028006,0.029357,0.030843,0.032444,0.034138,0.035905,0.037729,0.039599,NaN,NaN,NaN,NaN,NaN,NaN,NaN,NaN,NaN,NaN,NaN,NaN,NaN,NaN,NaN,NaN,NaN,NaN,NaN,NaN,NaN,NaN,NaN,NaN,NaN,NaN,NaN,NaN,NaN,NaN,NaN,NaN,NaN,NaN,NaN,NaN,NaN,NaN,NaN,NaN,NaN,NaN,NaN,NaN,NaN,NaN,NaN,NaN,NaN,NaN,NaN,NaN,NaN,NaN,NaN,NaN,NaN,NaN,NaN,NaN,NaN,NaN,NaN,NaN,NaN,NaN,NaN,NaN,NaN,NaN,NaN,NaN,NaN,NaN,NaN,NaN,NaN,NaN,NaN,NaN,NaN,NaN,NaN,NaN,NaN,NaN,NaN,NaN,NaN,NaN
0.026873,0.026197,0.025528,0.024866,0.024211,0.023565,0.022929,0.022302,0.021687,0.021084,0.020494,0.01992,0.019361,0.01882,0.018297,0.017796,0.017316,0.01686,0.01643,0.016028,0.015655,0.015314,0.015007,0.014739,0.014499,0.014298,0.014137,0.014039,0.013957,0.013918,0.013923,0.013971,0.014061,0.014173,0.01434,0.014546,0.014789,0.015066,0.015378,0.01572,0.016093,0.016493,0.016919,0.017369,0.017842,0.018336,0.018849,0.01938,0.019927,0.02049,0.021067,0.021669,0.022232,0.022723,0.023085,0.023323,0.023548,0.02373,0.02377,0.023713,0.023585,0.023335,0.02308,0.022997,0.023037,0.022666,0.022259,0.021905,0.021616,0.021684,0.021261,0.020661,0.019877,0.019182,0.018629,0.018235,0.017965,0.017805,0.017817,0.018002,0.018369,0.018865,0.019498,0.020254,0.02106,0.021953,0.022707,0.022831,0.023108,0.023436,0.023786,0.024102,0.024457,0.024895,0.025296,0.026094,0.028253,0.027367,0.026184,0.024906,0.023742,0.02267,0.021741,0.020988,0.020405,0.020065,0.019889,0.019925,0.020163,0.020592,0.021196,0.021941,0.02278,0.023688,0.023572,0.023939,0.024408,0.024882,0.025398,0.025956,0.026443,0.026875,0.027382,0.027867,0.027931,0.028055,0.02825,0.029005,0.028278,0.02754,0.026813,0.026037,0.025329,0.024713,0.024168,0.023809,0.023918,0.024161,0.023418,0.022733,0.022201,0.021845,0.021678,0.021739,0.02193,0.022441,0.022974,0.023222,0.02355,0.024013,0.02464,0.025433,0.026395,0.027527,0.028826,0.030273,0.031843,0.033513,0.035258,0.037063,0.038915,NaN,NaN,NaN,NaN,NaN,NaN,NaN,NaN,NaN,NaN,NaN,NaN,NaN,NaN,NaN,NaN,NaN,NaN,NaN,NaN,NaN,NaN,NaN,NaN,NaN,NaN,NaN,NaN,NaN,NaN,NaN,NaN,NaN,NaN,NaN,NaN,NaN,NaN,NaN,NaN,NaN,NaN,NaN,NaN,NaN,NaN,NaN,NaN,NaN,NaN,NaN,NaN,NaN,NaN,NaN,NaN,NaN,NaN,NaN,NaN,NaN,NaN,NaN,NaN,NaN,NaN,NaN,NaN,NaN,NaN,NaN,NaN,NaN,NaN,NaN,NaN,NaN,NaN,NaN,NaN,NaN,NaN,NaN,NaN,NaN,NaN,NaN,NaN,NaN
0.026926,0.026245,0.025571,0.024905,0.024246,0.023597,0.022957,0.022328,0.021711,0.021108,0.020518,0.019944,0.019386,0.018846,0.018324,0.017823,0.017344,0.016889,0.016445,0.016034,0.015653,0.015304,0.014989,0.014709,0.014469,0.014267,0.014108,0.014009,0.013929,0.013892,0.0139,0.013951,0.014044,0.01418,0.014356,0.014571,0.014823,0.01511,0.015431,0.015783,0.016165,0.016575,0.017011,0.017471,0.017953,0.018455,0.018977,0.019517,0.020073,0.020645,0.02123,0.021828,0.022432,0.022979,0.023312,0.023536,0.023787,0.024038,0.023979,0.02389,0.023713,0.023446,0.023182,0.022964,0.022865,0.022459,0.022071,0.021697,0.02148,0.021661,0.021183,0.020362,0.019667,0.019033,0.018444,0.017982,0.017702,0.017554,0.017584,0.017793,0.018173,0.018713,0.019398,0.020213,0.021157,0.022118,0.022972,0.023187,0.023492,0.023891,0.024312,0.024653,0.025017,0.02541,0.025904,0.026589,0.028399,0.027508,0.026364,0.025092,0.023885,0.022759,0.021763,0.02092,0.02025,0.01977,0.01949,0.019414,0.019538,0.019855,0.020354,0.021007,0.021831,0.022657,0.022709,0.023304,0.023881,0.02462,0.025348,0.026136,0.026862,0.027536,0.028041,0.028527,0.028586,0.028637,0.028841,0.029302,0.028564,0.027891,0.026998,0.026138,0.025332,0.024605,0.024013,0.0236,0.023616,0.023085,0.022338,0.021709,0.021207,0.020845,0.02063,0.020619,0.020664,0.02086,0.021337,0.021677,0.022085,0.022602,0.023257,0.024046,0.024963,0.026083,0.027218,0.028468,0.029821,0.031265,0.032786,0.03437,0.036004,0.037676,NaN,NaN,NaN,NaN,NaN,NaN,NaN,NaN,NaN,NaN,NaN,NaN,NaN,NaN,NaN,NaN,NaN,NaN,NaN,NaN,NaN,NaN,NaN,NaN,NaN,NaN,NaN,NaN,NaN,NaN,NaN,NaN,NaN,NaN,NaN,NaN,NaN,NaN,NaN,NaN,NaN,NaN,NaN,NaN,NaN,NaN,NaN,NaN,NaN,NaN,NaN,NaN,NaN,NaN,NaN,NaN,NaN,NaN,NaN,NaN,NaN,NaN,NaN,NaN,NaN,NaN,NaN,NaN,NaN,NaN,NaN,NaN,NaN,NaN,NaN,NaN,NaN,NaN,NaN,NaN,NaN,NaN,NaN,NaN,NaN,NaN,NaN,NaN
0.026917,0.026237,0.025562,0.024896,0.024236,0.023586,0.022945,0.022314,0.021694,0.021087,0.020493,0.019914,0.019351,0.018806,0.018281,0.017776,0.017294,0.016836,0.016404,0.016001,0.015628,0.015287,0.014981,0.014711,0.01448,0.014289,0.01414,0.01418,0.014068,0.014007,0.014004,0.014064,0.014181,0.014347,0.014438,0.014651,0.014902,0.015188,0.015508,0.01586,0.016229,0.016636,0.017069,0.017527,0.018008,0.01851,0.019031,0.019571,0.020118,0.020687,0.021269,0.021877,0.022467,0.022989,0.02337,0.023637,0.023878,0.024074,0.024052,0.023875,0.023708,0.023397,0.023136,0.022954,0.022823,0.022458,0.022032,0.021545,0.021246,0.021208,0.020945,0.020366,0.019567,0.01895,0.018466,0.018146,0.017859,0.017726,0.017798,0.017971,0.018292,0.018777,0.019419,0.020202,0.021105,0.021968,0.022747,0.022872,0.023158,0.023561,0.024013,0.024377,0.024742,0.025205,0.025675,0.026562,0.028619,0.027859,0.026727,0.025334,0.024041,0.022869,0.021841,0.020984,0.020334,0.019889,0.019674,0.019687,0.019916,0.020347,0.020968,0.021747,0.022678,0.023586,0.023232,0.023611,0.024085,0.024598,0.025117,0.025673,0.026136,0.026632,0.027092,0.02768,0.027812,0.027977,0.028368,0.029001,0.028314,0.027603,0.026862,0.026148,0.025469,0.024872,0.024389,0.024124,0.024429,0.024526,0.023857,0.023126,0.022545,0.022134,0.021902,0.021876,0.021972,0.022223,0.022689,0.022761,0.022835,0.02306,0.023437,0.023995,0.024662,0.025489,0.026477,0.027622,0.028913,0.03033,0.031852,0.033456,0.035127,0.03685,0.038615,NaN,NaN,NaN,NaN,NaN,NaN,NaN,NaN,NaN,NaN,NaN,NaN,NaN,NaN,NaN,NaN,NaN,NaN,NaN,NaN,NaN,NaN,NaN,NaN,NaN,NaN,NaN,NaN,NaN,NaN,NaN,NaN,NaN,NaN,NaN,NaN,NaN,NaN,NaN,NaN,NaN,NaN,NaN,NaN,NaN,NaN,NaN,NaN,NaN,NaN,NaN,NaN,NaN,NaN,NaN,NaN,NaN,NaN,NaN,NaN,NaN,NaN,NaN,NaN,NaN,NaN,NaN,NaN,NaN,NaN,NaN,NaN,NaN,NaN,NaN,NaN,NaN,NaN,NaN,NaN,NaN,NaN,NaN,NaN,NaN,NaN,NaN
0.026863,0.026188,0.025519,0.024857,0.024202,0.023557,0.02292,0.022294,0.021678,0.021075,0.020486,0.019911,0.019352,0.01881,0.018288,0.017786,0.017306,0.01685,0.01642,0.016017,0.015645,0.015304,0.014997,0.014726,0.014508,0.014306,0.014145,0.014057,0.013973,0.013933,0.013936,0.013982,0.014071,0.014189,0.014355,0.014559,0.0148,0.015077,0.015387,0.01573,0.016084,0.016482,0.016905,0.017354,0.017825,0.018317,0.018829,0.019359,0.019906,0.020467,0.021037,0.02163,0.02221,0.022696,0.023017,0.023284,0.023559,0.023803,0.023852,0.023758,0.023636,0.023393,0.023178,0.023122,0.023055,0.022689,0.022293,0.021911,0.021702,0.021854,0.021473,0.02075,0.019916,0.019199,0.018629,0.018206,0.017918,0.017741,0.017736,0.017901,0.018229,0.018708,0.019325,0.020064,0.020837,0.021739,0.022632,0.022774,0.023138,0.023512,0.023937,0.024241,0.024591,0.025041,0.025545,0.026333,0.027992,0.02736,0.026218,0.025053,0.023866,0.022807,0.021901,0.021175,0.020557,0.020247,0.020128,0.020234,0.020551,0.02106,0.021743,0.02258,0.023554,0.024493,0.023745,0.023896,0.024182,0.024507,0.024816,0.025198,0.025578,0.025888,0.026238,0.026555,0.026604,0.026707,0.026857,0.027547,0.026997,0.026414,0.025818,0.025222,0.024684,0.024218,0.023896,0.023783,0.024212,0.024312,0.023811,0.023171,0.022671,0.022334,0.022174,0.022265,0.022414,0.022743,0.023179,0.02303,0.02286,0.022809,0.022897,0.023131,0.023527,0.024096,0.024844,0.025777,0.026887,0.028156,0.029561,0.031075,0.032676,0.034345,0.036069,0.037837,NaN,NaN,NaN,NaN,NaN,NaN,NaN,NaN,NaN,NaN,NaN,NaN,NaN,NaN,NaN,NaN,NaN,NaN,NaN,NaN,NaN,NaN,NaN,NaN,NaN,NaN,NaN,NaN,NaN,NaN,NaN,NaN,NaN,NaN,NaN,NaN,NaN,NaN,NaN,NaN,NaN,NaN,NaN,NaN,NaN,NaN,NaN,NaN,NaN,NaN,NaN,NaN,NaN,NaN,NaN,NaN,NaN,NaN,NaN,NaN,NaN,NaN,NaN,NaN,NaN,NaN,NaN,NaN,NaN,NaN,NaN,NaN,NaN,NaN,NaN,NaN,NaN,NaN,NaN,NaN,NaN,NaN,NaN,NaN,NaN,NaN
0.026821,0.026151,0.025487,0.024831,0.024182,0.023541,0.022909,0.022287,0.021676,0.021076,0.02049,0.019917,0.019359,0.018819,0.018297,0.017794,0.017313,0.016856,0.016424,0.016019,0.015644,0.015299,0.014988,0.014712,0.014474,0.014274,0.014114,0.014083,0.013973,0.013913,0.01391,0.013968,0.014083,0.014216,0.014293,0.014492,0.014727,0.014997,0.015299,0.015633,0.015996,0.016386,0.016802,0.017242,0.017703,0.018185,0.018686,0.019204,0.019739,0.020288,0.020852,0.021425,0.021988,0.022507,0.02292,0.023201,0.023521,0.023728,0.023752,0.023735,0.023525,0.023339,0.023094,0.023001,0.023092,0.022673,0.02225,0.021793,0.021553,0.021447,0.021173,0.020461,0.019775,0.019247,0.018808,0.018429,0.018225,0.018058,0.01804,0.018153,0.018433,0.018779,0.019252,0.019833,0.020513,0.021258,0.022007,0.022228,0.022582,0.022955,0.023356,0.023737,0.024175,0.024672,0.025153,0.026018,0.028023,0.027302,0.026179,0.024979,0.02386,0.022841,0.021968,0.021267,0.020774,0.020472,0.020374,0.020485,0.02079,0.021271,0.021865,0.022621,0.023393,0.024185,0.023532,0.023694,0.023911,0.02417,0.024491,0.024839,0.025165,0.025452,0.025815,0.026095,0.02612,0.026244,0.026336,0.027018,0.026522,0.026008,0.025448,0.024994,0.024563,0.024184,0.02399,0.023967,0.024735,0.025531,0.02487,0.02426,0.02383,0.023619,0.023644,0.023961,0.024331,0.024836,0.024959,0.024568,0.02402,0.023579,0.02328,0.023134,0.023163,0.023384,0.023817,0.024475,0.025363,0.026487,0.027762,0.029201,0.030776,0.032462,0.034239,0.036085,0.037985,NaN,NaN,NaN,NaN,NaN,NaN,NaN,NaN,NaN,NaN,NaN,NaN,NaN,NaN,NaN,NaN,NaN,NaN,NaN,NaN,NaN,NaN,NaN,NaN,NaN,NaN,NaN,NaN,NaN,NaN,NaN,NaN,NaN,NaN,NaN,NaN,NaN,NaN,NaN,NaN,NaN,NaN,NaN,NaN,NaN,NaN,NaN,NaN,NaN,NaN,NaN,NaN,NaN,NaN,NaN,NaN,NaN,NaN,NaN,NaN,NaN,NaN,NaN,NaN,NaN,NaN,NaN,NaN,NaN,NaN,NaN,NaN,NaN,NaN,NaN,NaN,NaN,NaN,NaN,NaN,NaN,NaN,NaN,NaN,NaN
0.026877,0.026198,0.025525,0.024861,0.024204,0.023557,0.02292,0.022295,0.021682,0.021083,0.020499,0.01993,0.019378,0.018843,0.018327,0.017831,0.017331,0.016871,0.016437,0.016029,0.015652,0.015305,0.014992,0.014715,0.014475,0.014274,0.014114,0.014048,0.013959,0.013913,0.01391,0.01395,0.014033,0.014157,0.014322,0.014526,0.014767,0.015043,0.015353,0.015696,0.016068,0.016469,0.016896,0.017348,0.017823,0.018319,0.018836,0.01937,0.019921,0.020488,0.021068,0.021677,0.022245,0.022802,0.023152,0.023441,0.023735,0.023892,0.023928,0.023852,0.02371,0.023439,0.023228,0.023054,0.022856,0.02252,0.022092,0.021748,0.021515,0.021603,0.021165,0.020459,0.019697,0.019064,0.018515,0.018078,0.017861,0.017691,0.017642,0.017771,0.018017,0.018396,0.018901,0.019533,0.020272,0.021075,0.021926,0.022129,0.022574,0.023108,0.023658,0.024101,0.024592,0.025176,0.025743,0.026707,0.029001,0.028165,0.027005,0.025796,0.024637,0.023539,0.022586,0.021806,0.021239,0.020857,0.020688,0.020734,0.020979,0.021404,0.02199,0.02268,0.023471,0.024208,0.023564,0.023541,0.023616,0.023768,0.023928,0.024107,0.024317,0.024559,0.024777,0.025169,0.02517,0.025376,0.025561,0.026501,0.026022,0.0256,0.025217,0.024832,0.02454,0.024411,0.024413,0.024519,0.026172,0.027004,0.02629,0.02575,0.025514,0.025657,0.026205,0.02731,0.028393,0.029699,0.029395,0.027727,0.026456,0.025319,0.024328,0.023506,0.02288,0.022483,0.022368,0.022521,0.022997,0.023798,0.0249,0.026264,0.027844,0.029597,0.031485,0.033478,0.035553,0.037694,NaN,NaN,NaN,NaN,NaN,NaN,NaN,NaN,NaN,NaN,NaN,NaN,NaN,NaN,NaN,NaN,NaN,NaN,NaN,NaN,NaN,NaN,NaN,NaN,NaN,NaN,NaN,NaN,NaN,NaN,NaN,NaN,NaN,NaN,NaN,NaN,NaN,NaN,NaN,NaN,NaN,NaN,NaN,NaN,NaN,NaN,NaN,NaN,NaN,NaN,NaN,NaN,NaN,NaN,NaN,NaN,NaN,NaN,NaN,NaN,NaN,NaN,NaN,NaN,NaN,NaN,NaN,NaN,NaN,NaN,NaN,NaN,NaN,NaN,NaN,NaN,NaN,NaN,NaN,NaN,NaN,NaN,NaN,NaN
0.026848,0.026176,0.02551,0.024851,0.024199,0.023556,0.022922,0.022297,0.021684,0.021082,0.020493,0.019918,0.019358,0.018815,0.018291,0.017786,0.017303,0.016843,0.016409,0.016002,0.015624,0.015278,0.014966,0.014689,0.014449,0.014249,0.0142,0.014053,0.013952,0.013899,0.013897,0.013948,0.014052,0.014186,0.014379,0.014614,0.014745,0.015024,0.015337,0.015682,0.016055,0.016456,0.016882,0.017332,0.017805,0.018297,0.018808,0.019337,0.019882,0.020451,0.021019,0.021601,0.022185,0.022643,0.022968,0.023255,0.023552,0.023765,0.023848,0.02378,0.023601,0.023409,0.023274,0.023156,0.023158,0.022807,0.022392,0.021948,0.021731,0.021689,0.021087,0.020433,0.019744,0.01927,0.018674,0.018236,0.017936,0.017741,0.017708,0.017835,0.01812,0.018492,0.01903,0.019691,0.020462,0.02132,0.022078,0.022364,0.022657,0.023029,0.023487,0.023919,0.024379,0.024927,0.025503,0.026451,0.028928,0.028228,0.027065,0.025759,0.02456,0.023462,0.022523,0.021773,0.021249,0.020948,0.020872,0.021024,0.021387,0.021939,0.02266,0.023489,0.024309,0.025131,0.024273,0.024258,0.024333,0.024531,0.024693,0.02483,0.024949,0.025105,0.025265,0.025431,0.025402,0.025523,0.025545,0.026128,0.025631,0.025133,0.024701,0.024302,0.023974,0.023736,0.023579,0.023645,0.024759,0.024817,0.024276,0.023798,0.023488,0.023378,0.023476,0.023742,0.02417,0.024636,0.024695,0.024108,0.023463,0.022914,0.022489,0.022197,0.02205,0.02206,0.022244,0.022616,0.023187,0.02396,0.024898,0.026007,0.027265,0.028648,0.030133,0.031702,0.033339,0.035029,0.036763,NaN,NaN,NaN,NaN,NaN,NaN,NaN,NaN,NaN,NaN,NaN,NaN,NaN,NaN,NaN,NaN,NaN,NaN,NaN,NaN,NaN,NaN,NaN,NaN,NaN,NaN,NaN,NaN,NaN,NaN,NaN,NaN,NaN,NaN,NaN,NaN,NaN,NaN,NaN,NaN,NaN,NaN,NaN,NaN,NaN,NaN,NaN,NaN,NaN,NaN,NaN,NaN,NaN,NaN,NaN,NaN,NaN,NaN,NaN,NaN,NaN,NaN,NaN,NaN,NaN,NaN,NaN,NaN,NaN,NaN,NaN,NaN,NaN,NaN,NaN,NaN,NaN,NaN,NaN,NaN,NaN,NaN,NaN
0.026869,0.026188,0.025514,0.024849,0.024192,0.023545,0.022911,0.022289,0.021681,0.021088,0.02051,0.019949,0.019404,0.018877,0.018341,0.017841,0.017363,0.016908,0.016477,0.016074,0.015691,0.01534,0.015022,0.01474,0.014494,0.014333,0.014155,0.014018,0.013924,0.013874,0.013867,0.013904,0.013984,0.014108,0.014272,0.014478,0.014722,0.015003,0.015318,0.015666,0.016044,0.01645,0.016883,0.01734,0.01776,0.01825,0.01876,0.019287,0.01983,0.020388,0.020966,0.021566,0.022128,0.022649,0.022998,0.02326,0.023537,0.02382,0.023921,0.023925,0.023755,0.023519,0.023261,0.023087,0.022918,0.022573,0.022164,0.021784,0.021675,0.021657,0.021293,0.020681,0.020045,0.019407,0.018909,0.018445,0.018219,0.018002,0.017949,0.018061,0.018337,0.018767,0.019341,0.020037,0.020854,0.021751,0.022568,0.022674,0.023003,0.023351,0.023738,0.024102,0.024472,0.024944,0.025461,0.026267,0.028317,0.02752,0.026436,0.025125,0.023892,0.02279,0.021844,0.021081,0.020558,0.020211,0.020101,0.020223,0.020533,0.021056,0.021772,0.022668,0.023685,0.024541,0.023869,0.024087,0.024491,0.024973,0.0254,0.025874,0.026285,0.026639,0.026976,0.02733,0.027375,0.027469,0.02758,0.028031,0.027416,0.026753,0.026064,0.025409,0.02479,0.02421,0.023673,0.023369,0.023605,0.023362,0.022658,0.021945,0.021322,0.020798,0.020378,0.020059,0.019842,0.019692,0.019593,0.019619,0.019664,0.019814,0.02007,0.020429,0.02089,0.021449,0.0221,0.022838,0.023657,0.024551,0.025512,0.026532,0.027606,0.028724,0.029883,0.031075,0.032297,0.033544,0.034814,0.036103,NaN,NaN,NaN,NaN,NaN,NaN,NaN,NaN,NaN,NaN,NaN,NaN,NaN,NaN,NaN,NaN,NaN,NaN,NaN,NaN,NaN,NaN,NaN,NaN,NaN,NaN,NaN,NaN,NaN,NaN,NaN,NaN,NaN,NaN,NaN,NaN,NaN,NaN,NaN,NaN,NaN,NaN,NaN,NaN,NaN,NaN,NaN,NaN,NaN,NaN,NaN,NaN,NaN,NaN,NaN,NaN,NaN,NaN,NaN,NaN,NaN,NaN,NaN,NaN,NaN,NaN,NaN,NaN,NaN,NaN,NaN,NaN,NaN,NaN,NaN,NaN,NaN,NaN,NaN,NaN,NaN,NaN
0.026823,0.026151,0.025486,0.024828,0.024178,0.023535,0.022902,0.022279,0.021666,0.021066,0.020478,0.019904,0.019346,0.018805,0.018282,0.01778,0.017298,0.016841,0.016408,0.016003,0.015626,0.015282,0.01497,0.014694,0.014456,0.014256,0.014113,0.014022,0.013934,0.013889,0.013888,0.013929,0.014012,0.014137,0.014302,0.014505,0.014746,0.015022,0.015331,0.015673,0.016044,0.016443,0.016868,0.017318,0.01779,0.018284,0.018797,0.019328,0.019875,0.020438,0.021016,0.021603,0.022186,0.022746,0.023052,0.023323,0.023592,0.023725,0.023785,0.023729,0.023564,0.023326,0.023184,0.023151,0.023145,0.022779,0.02231,0.021859,0.021659,0.02165,0.021193,0.02065,0.019914,0.019327,0.018802,0.018472,0.018195,0.01801,0.017987,0.018127,0.018424,0.018867,0.019445,0.020117,0.020901,0.021731,0.022469,0.02267,0.022911,0.023256,0.023677,0.024047,0.024465,0.024883,0.025365,0.026146,0.028325,0.027461,0.026217,0.024935,0.023738,0.022653,0.021726,0.020984,0.020546,0.020211,0.020118,0.020265,0.020642,0.02123,0.022008,0.022954,0.023939,0.024783,0.023872,0.024136,0.024501,0.024929,0.02529,0.025714,0.02601,0.026365,0.02666,0.026933,0.027005,0.02703,0.027065,0.027465,0.026922,0.026288,0.025658,0.025072,0.024505,0.023932,0.02341,0.02303,0.023039,0.022898,0.022157,0.021479,0.020873,0.020344,0.0199,0.019576,0.019303,0.01912,0.018988,0.018956,0.018971,0.019084,0.019296,0.019605,0.020008,0.020503,0.021085,0.021749,0.02249,0.0233,0.024175,0.025106,0.026089,0.027115,0.028181,0.029281,0.03041,0.031564,0.032742,0.033939,0.035154,NaN,NaN,NaN,NaN,NaN,NaN,NaN,NaN,NaN,NaN,NaN,NaN,NaN,NaN,NaN,NaN,NaN,NaN,NaN,NaN,NaN,NaN,NaN,NaN,NaN,NaN,NaN,NaN,NaN,NaN,NaN,NaN,NaN,NaN,NaN,NaN,NaN,NaN,NaN,NaN,NaN,NaN,NaN,NaN,NaN,NaN,NaN,NaN,NaN,NaN,NaN,NaN,NaN,NaN,NaN,NaN,NaN,NaN,NaN,NaN,NaN,NaN,NaN,NaN,NaN,NaN,NaN,NaN,NaN,NaN,NaN,NaN,NaN,NaN,NaN,NaN,NaN,NaN,NaN,NaN,NaN
0.026855,0.026178,0.025507,0.024845,0.024191,0.023546,0.022911,0.022289,0.021679,0.021083,0.020501,0.019934,0.019383,0.018849,0.018333,0.017778,0.017291,0.016828,0.016391,0.015981,0.015601,0.015253,0.01494,0.014663,0.014425,0.014225,0.014067,0.014019,0.013932,0.013888,0.013887,0.01393,0.014014,0.01414,0.014306,0.014511,0.014752,0.015029,0.01534,0.015682,0.016053,0.016453,0.016879,0.017328,0.017801,0.018294,0.018807,0.019339,0.019886,0.020449,0.021026,0.021616,0.022221,0.022703,0.023076,0.023362,0.023632,0.023847,0.023929,0.02382,0.02366,0.023494,0.02324,0.023018,0.023237,0.022801,0.022397,0.021954,0.021774,0.021561,0.021237,0.020559,0.01991,0.019256,0.018806,0.01848,0.018292,0.018123,0.018091,0.018219,0.018528,0.018962,0.019536,0.020238,0.021012,0.021872,0.022644,0.022865,0.023187,0.023453,0.023747,0.024066,0.024401,0.024811,0.025247,0.025811,0.028237,0.027271,0.026053,0.024909,0.023715,0.022657,0.021759,0.02105,0.020589,0.020312,0.020277,0.020477,0.020898,0.02152,0.022322,0.023284,0.024306,0.02527,0.024318,0.024676,0.025045,0.025407,0.025651,0.025958,0.026253,0.026434,0.026575,0.026634,0.026619,0.026569,0.026574,0.026691,0.026133,0.025614,0.025016,0.024439,0.023897,0.023417,0.022983,0.022687,0.02265,0.022551,0.021952,0.021353,0.02082,0.020358,0.01999,0.019704,0.019465,0.019322,0.019247,0.019128,0.019058,0.019077,0.019187,0.019388,0.01968,0.020061,0.020529,0.02108,0.021712,0.022421,0.0232,0.024045,0.024949,0.025905,0.026906,0.027948,0.029024,0.030131,0.031263,0.032418,0.033592,0.034784,NaN,NaN,NaN,NaN,NaN,NaN,NaN,NaN,NaN,NaN,NaN,NaN,NaN,NaN,NaN,NaN,NaN,NaN,NaN,NaN,NaN,NaN,NaN,NaN,NaN,NaN,NaN,NaN,NaN,NaN,NaN,NaN,NaN,NaN,NaN,NaN,NaN,NaN,NaN,NaN,NaN,NaN,NaN,NaN,NaN,NaN,NaN,NaN,NaN,NaN,NaN,NaN,NaN,NaN,NaN,NaN,NaN,NaN,NaN,NaN,NaN,NaN,NaN,NaN,NaN,NaN,NaN,NaN,NaN,NaN,NaN,NaN,NaN,NaN,NaN,NaN,NaN,NaN,NaN,NaN
0.026789,0.026122,0.02546,0.024806,0.024159,0.023521,0.022891,0.022271,0.021662,0.021065,0.02048,0.01991,0.019355,0.018817,0.018297,0.017797,0.017319,0.016864,0.016434,0.016031,0.015657,0.015314,0.015004,0.014729,0.014491,0.014303,0.014136,0.014009,0.013925,0.013883,0.013883,0.013925,0.014008,0.014132,0.014258,0.014434,0.014661,0.014922,0.015216,0.015542,0.015897,0.016279,0.016688,0.01712,0.017575,0.018051,0.018545,0.019058,0.019735,0.020225,0.020748,0.021317,0.021912,0.022489,0.022755,0.023023,0.023293,0.023508,0.023596,0.023623,0.023533,0.023449,0.023403,0.023278,0.023399,0.023046,0.022673,0.022297,0.022073,0.022209,0.021761,0.021084,0.020331,0.019675,0.019024,0.018659,0.018306,0.018082,0.018041,0.018185,0.018511,0.019016,0.019664,0.020448,0.021359,0.022341,0.023167,0.023099,0.023357,0.023635,0.023954,0.024287,0.02452,0.024898,0.025326,0.025894,0.028152,0.027133,0.025934,0.024629,0.023439,0.022388,0.0215,0.0208,0.020314,0.020064,0.020056,0.020283,0.020729,0.021375,0.022205,0.023189,0.024205,0.025113,0.024102,0.024399,0.024816,0.025195,0.025585,0.025952,0.026181,0.02638,0.026584,0.026745,0.026732,0.026711,0.02671,0.026845,0.026261,0.025672,0.025041,0.02441,0.023809,0.023239,0.022714,0.022293,0.022138,0.021777,0.021165,0.02055,0.019992,0.019495,0.019063,0.018717,0.01842,0.018199,0.018019,0.017933,0.01793,0.018011,0.018175,0.018423,0.018751,0.019158,0.01964,0.020194,0.020813,0.021494,0.022231,0.023018,0.023851,0.024724,0.025633,0.026574,0.027543,0.028536,0.029552,0.030588,0.031641,0.03271,0.033793,NaN,NaN,NaN,NaN,NaN,NaN,NaN,NaN,NaN,NaN,NaN,NaN,NaN,NaN,NaN,NaN,NaN,NaN,NaN,NaN,NaN,NaN,NaN,NaN,NaN,NaN,NaN,NaN,NaN,NaN,NaN,NaN,NaN,NaN,NaN,NaN,NaN,NaN,NaN,NaN,NaN,NaN,NaN,NaN,NaN,NaN,NaN,NaN,NaN,NaN,NaN,NaN,NaN,NaN,NaN,NaN,NaN,NaN,NaN,NaN,NaN,NaN,NaN,NaN,NaN,NaN,NaN,NaN,NaN,NaN,NaN,NaN,NaN,NaN,NaN,NaN,NaN,NaN,NaN
0.026933,0.02623,0.025543,0.024884,0.024251,0.023638,0.022941,0.022314,0.021698,0.021094,0.020503,0.019926,0.019364,0.018819,0.018292,0.017785,0.0173,0.016839,0.016403,0.015995,0.015616,0.01527,0.014957,0.014681,0.014443,0.014244,0.014087,0.014012,0.013932,0.013895,0.013902,0.013952,0.014045,0.01418,0.014355,0.014569,0.014821,0.015108,0.015429,0.015782,0.016165,0.016564,0.016998,0.017456,0.017937,0.018438,0.018959,0.019498,0.020052,0.02062,0.0212,0.02179,0.022362,0.022823,0.023128,0.023331,0.023567,0.023694,0.023661,0.023678,0.02353,0.023303,0.022996,0.023011,0.023128,0.022789,0.02236,0.021924,0.021643,0.021669,0.02115,0.020402,0.019711,0.019166,0.01862,0.018281,0.01809,0.017955,0.018005,0.01819,0.018535,0.018986,0.01956,0.020262,0.021082,0.021972,0.022817,0.022899,0.023149,0.023445,0.02385,0.024208,0.024547,0.024897,0.025303,0.026082,0.028207,0.027408,0.026144,0.024865,0.023668,0.022583,0.021656,0.020917,0.020393,0.020095,0.020038,0.020216,0.020614,0.021214,0.021995,0.022938,0.024006,0.025032,0.023613,0.023885,0.024258,0.024682,0.025081,0.025426,0.02573,0.025971,0.026166,0.026385,0.026353,0.026324,0.026278,0.026321,0.025786,0.02523,0.024675,0.024149,0.023644,0.023156,0.022717,0.022395,0.022334,0.02201,0.021328,0.020693,0.020108,0.019577,0.019106,0.018728,0.018371,0.018085,0.017893,0.017743,0.01767,0.017678,0.017766,0.017936,0.018186,0.018515,0.01892,0.019398,0.019945,0.020556,0.021227,0.021951,0.022723,0.02354,0.024395,0.025285,0.026205,0.027153,0.028125,0.029118,0.03013,0.031159,0.032203,0.033261,NaN,NaN,NaN,NaN,NaN,NaN,NaN,NaN,NaN,NaN,NaN,NaN,NaN,NaN,NaN,NaN,NaN,NaN,NaN,NaN,NaN,NaN,NaN,NaN,NaN,NaN,NaN,NaN,NaN,NaN,NaN,NaN,NaN,NaN,NaN,NaN,NaN,NaN,NaN,NaN,NaN,NaN,NaN,NaN,NaN,NaN,NaN,NaN,NaN,NaN,NaN,NaN,NaN,NaN,NaN,NaN,NaN,NaN,NaN,NaN,NaN,NaN,NaN,NaN,NaN,NaN,NaN,NaN,NaN,NaN,NaN,NaN,NaN,NaN,NaN,NaN,NaN,NaN
0.026863,0.026187,0.025518,0.024857,0.024204,0.023559,0.022925,0.022303,0.021692,0.021095,0.020512,0.019944,0.019392,0.018857,0.01834,0.017843,0.017342,0.01688,0.016443,0.016033,0.015652,0.015303,0.014987,0.014706,0.014462,0.014258,0.014094,0.013971,0.013891,0.013854,0.01386,0.013909,0.014,0.014113,0.014281,0.014487,0.014729,0.015007,0.015318,0.01566,0.016031,0.01643,0.016844,0.017288,0.017755,0.018242,0.018749,0.019281,0.019817,0.020367,0.02093,0.0215,0.022064,0.022517,0.022868,0.023167,0.023445,0.023676,0.023763,0.023777,0.023591,0.023385,0.023189,0.023057,0.023088,0.022732,0.022291,0.021852,0.021641,0.021655,0.021286,0.020649,0.019905,0.019286,0.018784,0.018416,0.01814,0.017969,0.01795,0.018091,0.018368,0.018804,0.019352,0.020011,0.020774,0.021575,0.022361,0.022537,0.022868,0.023214,0.023584,0.023946,0.024301,0.024656,0.025102,0.025896,0.02827,0.027328,0.026034,0.024788,0.023639,0.022607,0.021736,0.021054,0.020602,0.020357,0.02035,0.020573,0.021012,0.021648,0.022461,0.023434,0.024432,0.025418,0.023981,0.024255,0.024612,0.024856,0.025116,0.025488,0.025646,0.025842,0.02596,0.025979,0.025886,0.025805,0.025745,0.025702,0.025192,0.024683,0.024159,0.023641,0.023148,0.022682,0.022255,0.021897,0.021749,0.021477,0.020853,0.020244,0.019683,0.019172,0.018714,0.018315,0.017976,0.017702,0.017514,0.017355,0.017268,0.017254,0.017314,0.01745,0.017659,0.017942,0.018296,0.018719,0.019207,0.019756,0.020362,0.02102,0.021726,0.022475,0.023262,0.024084,0.024936,0.025816,0.02672,0.027646,0.028591,0.029553,0.030531,0.031523,0.032527,NaN,NaN,NaN,NaN,NaN,NaN,NaN,NaN,NaN,NaN,NaN,NaN,NaN,NaN,NaN,NaN,NaN,NaN,NaN,NaN,NaN,NaN,NaN,NaN,NaN,NaN,NaN,NaN,NaN,NaN,NaN,NaN,NaN,NaN,NaN,NaN,NaN,NaN,NaN,NaN,NaN,NaN,NaN,NaN,NaN,NaN,NaN,NaN,NaN,NaN,NaN,NaN,NaN,NaN,NaN,NaN,NaN,NaN,NaN,NaN,NaN,NaN,NaN,NaN,NaN,NaN,NaN,NaN,NaN,NaN,NaN,NaN,NaN,NaN,NaN,NaN,NaN
0.026816,0.026147,0.025485,0.02483,0.024182,0.023543,0.022912,0.022291,0.021681,0.021082,0.020496,0.019924,0.019367,0.018827,0.018305,0.017802,0.017321,0.016863,0.01643,0.016024,0.015647,0.015301,0.014988,0.01471,0.014469,0.014267,0.014129,0.014002,0.013916,0.013873,0.013872,0.013915,0.013999,0.014124,0.01428,0.014478,0.014713,0.014984,0.015287,0.015622,0.015987,0.01638,0.016788,0.017227,0.017689,0.018172,0.018674,0.019194,0.01973,0.020282,0.020848,0.02143,0.02199,0.022462,0.02286,0.023148,0.023455,0.023619,0.023786,0.023765,0.023626,0.023363,0.023146,0.022941,0.022943,0.022576,0.022228,0.021872,0.021677,0.021664,0.021602,0.021004,0.020221,0.019522,0.01896,0.018569,0.018253,0.018025,0.017962,0.018066,0.018339,0.018756,0.019312,0.019992,0.020781,0.021639,0.022326,0.022552,0.022922,0.023266,0.023579,0.023865,0.024172,0.024528,0.025025,0.025811,0.028238,0.027403,0.026135,0.02485,0.023617,0.022523,0.021598,0.020874,0.020382,0.020144,0.020166,0.020439,0.020944,0.021655,0.022548,0.023555,0.024673,0.025664,0.023774,0.024029,0.024212,0.024533,0.024806,0.025069,0.025221,0.025375,0.025448,0.025517,0.025418,0.025298,0.025214,0.0252,0.024733,0.024299,0.023823,0.023373,0.02294,0.022551,0.022174,0.021877,0.021937,0.021684,0.021066,0.020423,0.019843,0.019336,0.018907,0.018561,0.018271,0.018048,0.017658,0.017439,0.017289,0.017207,0.017196,0.017256,0.017388,0.01759,0.017864,0.018206,0.018614,0.019087,0.019619,0.020208,0.020848,0.021537,0.022268,0.023039,0.023844,0.024679,0.025543,0.02643,0.027339,0.028268,0.029213,0.030174,0.031148,0.032135,NaN,NaN,NaN,NaN,NaN,NaN,NaN,NaN,NaN,NaN,NaN,NaN,NaN,NaN,NaN,NaN,NaN,NaN,NaN,NaN,NaN,NaN,NaN,NaN,NaN,NaN,NaN,NaN,NaN,NaN,NaN,NaN,NaN,NaN,NaN,NaN,NaN,NaN,NaN,NaN,NaN,NaN,NaN,NaN,NaN,NaN,NaN,NaN,NaN,NaN,NaN,NaN,NaN,NaN,NaN,NaN,NaN,NaN,NaN,NaN,NaN,NaN,NaN,NaN,NaN,NaN,NaN,NaN,NaN,NaN,NaN,NaN,NaN,NaN,NaN,NaN
0.026881,0.026188,0.025507,0.024843,0.024201,0.023577,0.022968,0.022299,0.021687,0.021086,0.020498,0.019925,0.019367,0.018826,0.018303,0.017801,0.01732,0.016863,0.016431,0.016026,0.015651,0.015306,0.014995,0.014719,0.014481,0.014281,0.014136,0.014188,0.014035,0.013963,0.013994,0.014106,0.014012,0.014138,0.014287,0.014487,0.014724,0.014996,0.015301,0.015637,0.016003,0.016397,0.016816,0.017259,0.017724,0.01821,0.018715,0.019238,0.019777,0.020332,0.020899,0.021475,0.022014,0.022513,0.022871,0.023161,0.023488,0.023715,0.023898,0.023892,0.023774,0.023565,0.023366,0.023213,0.023165,0.022792,0.022417,0.021946,0.021802,0.021752,0.021347,0.020615,0.019879,0.019221,0.018659,0.018243,0.017998,0.017778,0.017732,0.017828,0.018074,0.018484,0.018996,0.019627,0.020351,0.021162,0.021992,0.022353,0.022833,0.023272,0.023737,0.024095,0.024503,0.024995,0.025521,0.026284,0.028622,0.027947,0.026665,0.025314,0.024078,0.022978,0.022043,0.021302,0.0208,0.020515,0.020479,0.020685,0.021117,0.021753,0.022571,0.023552,0.024655,0.025561,0.023816,0.024035,0.024207,0.024522,0.024784,0.024931,0.025128,0.025205,0.02524,0.025266,0.025227,0.025147,0.025037,0.024926,0.024486,0.024053,0.023634,0.023226,0.022845,0.022492,0.022155,0.021915,0.021756,0.021369,0.02075,0.020151,0.019591,0.019075,0.018604,0.018182,0.017812,0.017502,0.017242,0.017018,0.016858,0.016763,0.016734,0.016772,0.016879,0.017053,0.017295,0.017602,0.017973,0.018405,0.018894,0.019437,0.02003,0.020668,0.021348,0.022065,0.022816,0.023597,0.024405,0.025237,0.02609,0.026962,0.027852,0.028757,0.029676,0.030607,0.031549,NaN,NaN,NaN,NaN,NaN,NaN,NaN,NaN,NaN,NaN,NaN,NaN,NaN,NaN,NaN,NaN,NaN,NaN,NaN,NaN,NaN,NaN,NaN,NaN,NaN,NaN,NaN,NaN,NaN,NaN,NaN,NaN,NaN,NaN,NaN,NaN,NaN,NaN,NaN,NaN,NaN,NaN,NaN,NaN,NaN,NaN,NaN,NaN,NaN,NaN,NaN,NaN,NaN,NaN,NaN,NaN,NaN,NaN,NaN,NaN,NaN,NaN,NaN,NaN,NaN,NaN,NaN,NaN,NaN,NaN,NaN,NaN,NaN,NaN,NaN
0.026804,0.026129,0.025461,0.024801,0.024151,0.02351,0.022881,0.022266,0.021664,0.021075,0.020501,0.019942,0.019399,0.018837,0.018317,0.017816,0.017337,0.01688,0.016448,0.016043,0.015667,0.015321,0.015008,0.01473,0.014488,0.014285,0.014151,0.014037,0.013942,0.01389,0.01388,0.013912,0.013987,0.014102,0.014256,0.014449,0.014679,0.014945,0.015244,0.015574,0.015935,0.016323,0.016728,0.017165,0.017624,0.018104,0.018605,0.019123,0.019659,0.02021,0.020775,0.021362,0.021906,0.022375,0.022731,0.02302,0.023355,0.023575,0.023585,0.023476,0.023374,0.023221,0.023019,0.022898,0.022909,0.022618,0.022243,0.02189,0.021768,0.021859,0.021497,0.020886,0.020107,0.019474,0.019,0.018629,0.01832,0.018105,0.018048,0.018151,0.01843,0.018822,0.019344,0.019983,0.020726,0.021528,0.022281,0.022462,0.022836,0.023152,0.023546,0.023867,0.024155,0.024496,0.024983,0.025711,0.02784,0.027136,0.026056,0.02479,0.023635,0.022609,0.021738,0.021047,0.02056,0.020308,0.020268,0.020452,0.020844,0.021426,0.022179,0.023111,0.024139,0.02499,0.023071,0.023276,0.023475,0.023882,0.024138,0.024426,0.024657,0.024698,0.024822,0.024921,0.024887,0.02485,0.024822,0.02476,0.02436,0.023969,0.023598,0.023244,0.022912,0.022601,0.022315,0.022106,0.022023,0.021821,0.021235,0.020608,0.020019,0.01947,0.018963,0.018501,0.018088,0.017725,0.017405,0.017135,0.016914,0.016756,0.016661,0.016632,0.016669,0.016774,0.016946,0.017184,0.017488,0.017855,0.018283,0.018768,0.019306,0.019893,0.020526,0.021199,0.02191,0.022654,0.023427,0.024228,0.025051,0.025897,0.026761,0.027641,0.028538,0.029448,0.03037,0.031303,NaN,NaN,NaN,NaN,NaN,NaN,NaN,NaN,NaN,NaN,NaN,NaN,NaN,NaN,NaN,NaN,NaN,NaN,NaN,NaN,NaN,NaN,NaN,NaN,NaN,NaN,NaN,NaN,NaN,NaN,NaN,NaN,NaN,NaN,NaN,NaN,NaN,NaN,NaN,NaN,NaN,NaN,NaN,NaN,NaN,NaN,NaN,NaN,NaN,NaN,NaN,NaN,NaN,NaN,NaN,NaN,NaN,NaN,NaN,NaN,NaN,NaN,NaN,NaN,NaN,NaN,NaN,NaN,NaN,NaN,NaN,NaN,NaN,NaN
0.026854,0.026181,0.025513,0.024853,0.024201,0.023557,0.022922,0.022299,0.021686,0.021086,0.0205,0.019929,0.019373,0.018835,0.018315,0.017815,0.017337,0.016882,0.016452,0.016048,0.015665,0.015314,0.014996,0.014714,0.01447,0.014264,0.0141,0.013977,0.013897,0.01386,0.013866,0.013915,0.014007,0.01414,0.014296,0.014503,0.014748,0.015027,0.01534,0.015684,0.016058,0.016459,0.016886,0.017337,0.01781,0.018304,0.018816,0.019346,0.019892,0.020463,0.021044,0.021626,0.022183,0.022718,0.023018,0.023246,0.023519,0.023715,0.023745,0.023652,0.023456,0.023212,0.023079,0.022906,0.022892,0.022563,0.022129,0.021715,0.021443,0.021615,0.021288,0.020642,0.019918,0.019312,0.018799,0.018448,0.018212,0.018034,0.018017,0.018162,0.018463,0.018908,0.019464,0.020143,0.020931,0.021812,0.02263,0.022998,0.023301,0.023636,0.024008,0.024341,0.024704,0.025057,0.025505,0.026401,0.028699,0.027838,0.026546,0.02519,0.023991,0.022836,0.021866,0.021115,0.020614,0.020385,0.020436,0.020756,0.021323,0.02211,0.023089,0.024236,0.02531,0.026362,0.023972,0.024169,0.024303,0.024388,0.024478,0.024736,0.024956,0.025036,0.025164,0.025108,0.025049,0.02499,0.024853,0.024651,0.024183,0.023684,0.023196,0.022721,0.022266,0.021833,0.021415,0.02106,0.020728,0.020345,0.019767,0.019214,0.018695,0.018214,0.017773,0.01738,0.017022,0.016712,0.016452,0.016246,0.016094,0.015999,0.015962,0.015983,0.016064,0.016203,0.0164,0.016655,0.016964,0.017327,0.01774,0.018201,0.018705,0.019251,0.019834,0.020452,0.0211,0.021776,0.022478,0.023203,0.023948,0.024712,0.025493,0.026289,0.027098,0.02792,0.028754,0.029597,0.03045,NaN,NaN,NaN,NaN,NaN,NaN,NaN,NaN,NaN,NaN,NaN,NaN,NaN,NaN,NaN,NaN,NaN,NaN,NaN,NaN,NaN,NaN,NaN,NaN,NaN,NaN,NaN,NaN,NaN,NaN,NaN,NaN,NaN,NaN,NaN,NaN,NaN,NaN,NaN,NaN,NaN,NaN,NaN,NaN,NaN,NaN,NaN,NaN,NaN,NaN,NaN,NaN,NaN,NaN,NaN,NaN,NaN,NaN,NaN,NaN,NaN,NaN,NaN,NaN,NaN,NaN,NaN,NaN,NaN,NaN,NaN,NaN,NaN
0.026958,0.026232,0.025537,0.024889,0.024275,0.023538,0.022905,0.022287,0.021684,0.021096,0.020524,0.019968,0.019414,0.018876,0.018357,0.017858,0.017381,0.016904,0.016468,0.016058,0.015678,0.01533,0.015016,0.014738,0.014497,0.014297,0.014157,0.01412,0.014004,0.013938,0.01393,0.013984,0.014094,0.014252,0.014294,0.014492,0.014727,0.014997,0.015301,0.015636,0.016,0.016393,0.016811,0.017254,0.017719,0.018205,0.018711,0.019234,0.019774,0.020329,0.020899,0.021481,0.022077,0.022571,0.02297,0.023222,0.023496,0.023702,0.023748,0.02375,0.023611,0.023457,0.023273,0.023243,0.023244,0.02285,0.022502,0.022099,0.021835,0.021815,0.0214,0.020671,0.019943,0.019274,0.018758,0.018387,0.018082,0.017902,0.017886,0.018035,0.018356,0.018807,0.019392,0.020096,0.020906,0.021757,0.022626,0.022744,0.023035,0.0233,0.023643,0.023935,0.024305,0.024678,0.025071,0.025796,0.028318,0.027427,0.026278,0.025018,0.023768,0.022661,0.021723,0.020987,0.020482,0.02023,0.020238,0.020499,0.020992,0.021693,0.022579,0.023626,0.024793,0.025768,0.023186,0.023414,0.02376,0.024091,0.02437,0.024644,0.024759,0.024824,0.024865,0.024883,0.024851,0.024765,0.024649,0.024417,0.023983,0.02355,0.023127,0.02271,0.022311,0.021933,0.02157,0.021217,0.020887,0.020431,0.019861,0.019305,0.018781,0.018292,0.017841,0.017429,0.017059,0.016734,0.016437,0.016195,0.016003,0.015866,0.015783,0.015756,0.015787,0.015874,0.016019,0.01622,0.016476,0.016785,0.017146,0.017555,0.01801,0.018508,0.019045,0.019618,0.020225,0.020861,0.021525,0.022213,0.022923,0.023653,0.024402,0.025166,0.025946,0.026738,0.027543,0.028359,0.029185,0.030019,NaN,NaN,NaN,NaN,NaN,NaN,NaN,NaN,NaN,NaN,NaN,NaN,NaN,NaN,NaN,NaN,NaN,NaN,NaN,NaN,NaN,NaN,NaN,NaN,NaN,NaN,NaN,NaN,NaN,NaN,NaN,NaN,NaN,NaN,NaN,NaN,NaN,NaN,NaN,NaN,NaN,NaN,NaN,NaN,NaN,NaN,NaN,NaN,NaN,NaN,NaN,NaN,NaN,NaN,NaN,NaN,NaN,NaN,NaN,NaN,NaN,NaN,NaN,NaN,NaN,NaN,NaN,NaN,NaN,NaN,NaN,NaN
0.0269,0.026223,0.025552,0.024888,0.024232,0.023585,0.022946,0.022318,0.021701,0.021095,0.020503,0.019925,0.019363,0.018818,0.018292,0.017786,0.017302,0.016842,0.016408,0.016002,0.015626,0.015281,0.014972,0.014698,0.014462,0.014267,0.014113,0.014062,0.013978,0.013939,0.013943,0.013991,0.014082,0.014215,0.014388,0.014601,0.014852,0.015138,0.015458,0.015811,0.016194,0.016606,0.017044,0.017506,0.017992,0.018498,0.019024,0.019568,0.020128,0.020704,0.021293,0.021913,0.022427,0.022944,0.023255,0.023502,0.023777,0.023931,0.023932,0.023862,0.023683,0.023439,0.023103,0.022923,0.022688,0.02234,0.021918,0.021483,0.021322,0.021257,0.020838,0.020398,0.019677,0.019163,0.018704,0.018334,0.018133,0.017935,0.017884,0.017984,0.018233,0.018647,0.019174,0.01981,0.020555,0.02134,0.022119,0.022362,0.022796,0.023218,0.023666,0.024048,0.024482,0.02497,0.025457,0.0265,0.029084,0.028061,0.026825,0.025472,0.024194,0.023061,0.022101,0.021349,0.020865,0.020618,0.020615,0.020871,0.021366,0.022077,0.022978,0.024046,0.025127,0.025876,0.023442,0.023655,0.023912,0.024245,0.024476,0.024667,0.024847,0.024987,0.025043,0.024965,0.02482,0.024678,0.024504,0.024115,0.023643,0.023199,0.022769,0.022347,0.021944,0.021559,0.021191,0.020776,0.0204,0.019897,0.019334,0.018797,0.01829,0.017815,0.017375,0.016971,0.016607,0.016285,0.016006,0.015774,0.01559,0.015456,0.015373,0.015342,0.015364,0.01544,0.015569,0.01575,0.015982,0.016264,0.016594,0.01697,0.017389,0.017847,0.018343,0.018874,0.019436,0.020026,0.020643,0.021283,0.021945,0.022627,0.023326,0.02404,0.02477,0.025512,0.026267,0.027032,0.027808,0.028592,0.029385,NaN,NaN,NaN,NaN,NaN,NaN,NaN,NaN,NaN,NaN,NaN,NaN,NaN,NaN,NaN,NaN,NaN,NaN,NaN,NaN,NaN,NaN,NaN,NaN,NaN,NaN,NaN,NaN,NaN,NaN,NaN,NaN,NaN,NaN,NaN,NaN,NaN,NaN,NaN,NaN,NaN,NaN,NaN,NaN,NaN,NaN,NaN,NaN,NaN,NaN,NaN,NaN,NaN,NaN,NaN,NaN,NaN,NaN,NaN,NaN,NaN,NaN,NaN,NaN,NaN,NaN,NaN,NaN,NaN,NaN,NaN
0.026834,0.02616,0.025493,0.024832,0.024179,0.023535,0.0229,0.022275,0.021661,0.02106,0.020471,0.019898,0.01934,0.0188,0.018279,0.017778,0.017299,0.016845,0.016416,0.016014,0.015642,0.015301,0.014994,0.014723,0.014489,0.014317,0.014156,0.014093,0.014001,0.013952,0.013947,0.013985,0.014064,0.014186,0.014348,0.014548,0.014787,0.015061,0.015369,0.015709,0.01608,0.01648,0.016896,0.017344,0.017816,0.018309,0.018822,0.019353,0.019901,0.020465,0.021043,0.021646,0.022193,0.022706,0.023025,0.023282,0.023552,0.023782,0.023896,0.023807,0.023606,0.023497,0.023352,0.023143,0.02307,0.022772,0.022307,0.021903,0.021735,0.021718,0.021437,0.020761,0.020008,0.019391,0.018882,0.018396,0.018108,0.017931,0.017932,0.01811,0.018459,0.018967,0.019617,0.020378,0.021207,0.022119,0.022862,0.023134,0.023436,0.023825,0.024213,0.024567,0.024874,0.025155,0.025498,0.026361,0.028439,0.027574,0.026426,0.025066,0.02378,0.022644,0.021689,0.020944,0.020459,0.020209,0.020226,0.020501,0.021015,0.021744,0.022663,0.023751,0.024922,0.025811,0.023212,0.0234,0.023702,0.0241,0.024411,0.024723,0.024909,0.025015,0.024975,0.024931,0.024779,0.024681,0.024478,0.024036,0.023537,0.023044,0.022581,0.022126,0.021689,0.021269,0.020872,0.020477,0.020039,0.019554,0.019018,0.018503,0.018017,0.01756,0.017135,0.01674,0.016377,0.016052,0.015769,0.015529,0.015335,0.015187,0.015088,0.015038,0.015038,0.015089,0.01519,0.015342,0.015542,0.01579,0.016085,0.016423,0.016804,0.017224,0.01768,0.018171,0.018692,0.019243,0.01982,0.020421,0.021043,0.021685,0.022345,0.023022,0.023713,0.024418,0.025134,0.025862,0.026601,0.027348,0.028104,0.028868,NaN,NaN,NaN,NaN,NaN,NaN,NaN,NaN,NaN,NaN,NaN,NaN,NaN,NaN,NaN,NaN,NaN,NaN,NaN,NaN,NaN,NaN,NaN,NaN,NaN,NaN,NaN,NaN,NaN,NaN,NaN,NaN,NaN,NaN,NaN,NaN,NaN,NaN,NaN,NaN,NaN,NaN,NaN,NaN,NaN,NaN,NaN,NaN,NaN,NaN,NaN,NaN,NaN,NaN,NaN,NaN,NaN,NaN,NaN,NaN,NaN,NaN,NaN,NaN,NaN,NaN,NaN,NaN,NaN,NaN
0.026846,0.026167,0.025495,0.024832,0.024178,0.023534,0.022902,0.022284,0.02168,0.021092,0.020519,0.019962,0.019422,0.018899,0.018394,0.017864,0.017379,0.016917,0.016479,0.016068,0.015685,0.015334,0.015015,0.014731,0.014484,0.014276,0.014107,0.01398,0.013895,0.013852,0.013852,0.013894,0.013978,0.014091,0.014251,0.014449,0.014684,0.014954,0.015257,0.015591,0.015955,0.016346,0.016764,0.017196,0.017656,0.018137,0.018637,0.019155,0.019686,0.020232,0.020792,0.021366,0.021954,0.022485,0.022787,0.023064,0.023336,0.023626,0.023681,0.023632,0.0235,0.023282,0.023131,0.022923,0.022894,0.022624,0.022271,0.021891,0.021904,0.02189,0.02158,0.021126,0.020407,0.019822,0.019375,0.01898,0.018739,0.018577,0.018519,0.018607,0.018837,0.019201,0.019687,0.020284,0.020966,0.021673,0.022385,0.022568,0.022804,0.023047,0.023314,0.023512,0.02379,0.02407,0.024493,0.025187,0.027167,0.026486,0.025385,0.024355,0.023267,0.022321,0.021543,0.020962,0.020605,0.02049,0.020632,0.020999,0.021584,0.022364,0.023315,0.024416,0.025468,0.0265,0.023607,0.023703,0.023911,0.024079,0.024263,0.024506,0.024514,0.024366,0.024197,0.024084,0.023917,0.023755,0.023523,0.023145,0.022728,0.022342,0.021971,0.021613,0.021271,0.020947,0.020641,0.020312,0.019933,0.019489,0.018962,0.01846,0.017983,0.017535,0.017117,0.016728,0.016371,0.01605,0.015762,0.015512,0.015305,0.015141,0.015021,0.014948,0.014921,0.014941,0.015009,0.015125,0.015287,0.015495,0.015749,0.016045,0.016384,0.016761,0.017176,0.017626,0.018107,0.018619,0.019157,0.019721,0.020307,0.020914,0.021539,0.022182,0.022839,0.023511,0.024196,0.024893,0.0256,0.026316,0.027042,0.027776,0.028517,NaN,NaN,NaN,NaN,NaN,NaN,NaN,NaN,NaN,NaN,NaN,NaN,NaN,NaN,NaN,NaN,NaN,NaN,NaN,NaN,NaN,NaN,NaN,NaN,NaN,NaN,NaN,NaN,NaN,NaN,NaN,NaN,NaN,NaN,NaN,NaN,NaN,NaN,NaN,NaN,NaN,NaN,NaN,NaN,NaN,NaN,NaN,NaN,NaN,NaN,NaN,NaN,NaN,NaN,NaN,NaN,NaN,NaN,NaN,NaN,NaN,NaN,NaN,NaN,NaN,NaN,NaN,NaN,NaN
0.026784,0.026118,0.025459,0.024806,0.024161,0.023524,0.022896,0.022278,0.021669,0.021073,0.020488,0.019918,0.019362,0.018823,0.018301,0.017799,0.017317,0.016858,0.016424,0.016017,0.015638,0.015289,0.014974,0.014692,0.014448,0.014241,0.014075,0.014036,0.013918,0.01385,0.013838,0.013888,0.013993,0.014147,0.014208,0.014403,0.014635,0.014902,0.015202,0.015533,0.015894,0.016282,0.016696,0.017134,0.017594,0.018075,0.018574,0.019092,0.019625,0.020174,0.020736,0.021323,0.021892,0.022416,0.022836,0.023173,0.02351,0.023813,0.023899,0.023864,0.023743,0.023611,0.023415,0.023365,0.023194,0.022912,0.022486,0.022203,0.022061,0.021979,0.021651,0.021174,0.02035,0.019651,0.019068,0.018682,0.018393,0.01817,0.018105,0.018199,0.018445,0.018835,0.019387,0.019969,0.020669,0.021449,0.022202,0.022432,0.022719,0.023102,0.023475,0.023837,0.024208,0.024669,0.025089,0.025813,0.028227,0.027347,0.026336,0.02507,0.023882,0.022836,0.02196,0.021285,0.02084,0.020646,0.020709,0.021018,0.021553,0.022288,0.0232,0.024266,0.025274,0.025972,0.023179,0.023207,0.023405,0.023678,0.023766,0.023963,0.024012,0.024037,0.023904,0.023882,0.023851,0.023728,0.023537,0.023108,0.02274,0.022376,0.022022,0.021685,0.021366,0.021063,0.020777,0.020457,0.020063,0.019576,0.019053,0.018546,0.018056,0.017592,0.017157,0.016751,0.016376,0.016036,0.015731,0.015463,0.015235,0.015048,0.014903,0.014802,0.014746,0.014735,0.01477,0.014852,0.014979,0.015152,0.015369,0.01563,0.015932,0.016274,0.016654,0.017069,0.017516,0.017995,0.018501,0.019033,0.019588,0.020165,0.020761,0.021375,0.022005,0.02265,0.023308,0.023978,0.02466,0.025378,0.02605,0.026746,0.027473,0.028223,NaN,NaN,NaN,NaN,NaN,NaN,NaN,NaN,NaN,NaN,NaN,NaN,NaN,NaN,NaN,NaN,NaN,NaN,NaN,NaN,NaN,NaN,NaN,NaN,NaN,NaN,NaN,NaN,NaN,NaN,NaN,NaN,NaN,NaN,NaN,NaN,NaN,NaN,NaN,NaN,NaN,NaN,NaN,NaN,NaN,NaN,NaN,NaN,NaN,NaN,NaN,NaN,NaN,NaN,NaN,NaN,NaN,NaN,NaN,NaN,NaN,NaN,NaN,NaN,NaN,NaN,NaN,NaN
0.026865,0.026187,0.025516,0.024853,0.024198,0.023552,0.022917,0.022294,0.021684,0.021088,0.020506,0.019939,0.019389,0.018855,0.018341,0.017787,0.017302,0.016841,0.016406,0.015999,0.015622,0.015278,0.014969,0.014696,0.014461,0.014266,0.014111,0.014056,0.013973,0.013932,0.013935,0.01398,0.014067,0.014195,0.014347,0.014549,0.014788,0.015061,0.015368,0.015706,0.016073,0.016466,0.016883,0.017324,0.017787,0.018271,0.018775,0.019297,0.019836,0.02039,0.020958,0.021555,0.022234,0.022625,0.022929,0.023167,0.023415,0.023562,0.023672,0.023529,0.023393,0.023275,0.023157,0.023061,0.023159,0.022734,0.022375,0.022001,0.021999,0.022002,0.021723,0.021213,0.020439,0.019828,0.019232,0.018788,0.018498,0.018266,0.018215,0.0183,0.018563,0.018938,0.01945,0.020084,0.020826,0.021664,0.022421,0.022713,0.022971,0.023249,0.02362,0.023918,0.024285,0.024609,0.024914,0.02567,0.027795,0.027188,0.026014,0.024858,0.0237,0.022716,0.02187,0.021232,0.020883,0.020733,0.020835,0.021196,0.021794,0.022602,0.023596,0.02475,0.025976,0.027001,0.023834,0.023868,0.02386,0.02398,0.024002,0.02415,0.024125,0.024035,0.023921,0.023725,0.023622,0.023445,0.023298,0.022812,0.022309,0.021892,0.021477,0.021082,0.020703,0.02034,0.019994,0.01965,0.019239,0.018726,0.018245,0.01778,0.017339,0.016923,0.016535,0.016168,0.015833,0.01553,0.01522,0.014976,0.014768,0.014598,0.014468,0.014378,0.014329,0.014322,0.014358,0.014436,0.014556,0.014717,0.014918,0.015159,0.015438,0.015754,0.016103,0.016485,0.016898,0.017339,0.017806,0.018297,0.018811,0.019345,0.019897,0.020467,0.021052,0.021651,0.022263,0.022887,0.023522,0.024166,0.02482,0.025482,0.026152,0.026829,0.027512,NaN,NaN,NaN,NaN,NaN,NaN,NaN,NaN,NaN,NaN,NaN,NaN,NaN,NaN,NaN,NaN,NaN,NaN,NaN,NaN,NaN,NaN,NaN,NaN,NaN,NaN,NaN,NaN,NaN,NaN,NaN,NaN,NaN,NaN,NaN,NaN,NaN,NaN,NaN,NaN,NaN,NaN,NaN,NaN,NaN,NaN,NaN,NaN,NaN,NaN,NaN,NaN,NaN,NaN,NaN,NaN,NaN,NaN,NaN,NaN,NaN,NaN,NaN,NaN,NaN,NaN,NaN
0.026839,0.026167,0.025501,0.024842,0.024191,0.023548,0.022914,0.02229,0.021678,0.021077,0.02049,0.019917,0.019359,0.018819,0.018298,0.017797,0.017317,0.016862,0.016431,0.016029,0.015655,0.015313,0.015005,0.014737,0.014494,0.01429,0.014127,0.014004,0.013925,0.013887,0.013893,0.013942,0.014032,0.014163,0.014325,0.014491,0.014725,0.014994,0.015296,0.01563,0.015992,0.016383,0.016799,0.017239,0.017701,0.018184,0.018686,0.019206,0.019742,0.020293,0.020858,0.021448,0.022016,0.022514,0.0229,0.0232,0.023521,0.023715,0.023815,0.023773,0.023637,0.023453,0.023184,0.023012,0.023059,0.022689,0.022257,0.021865,0.02173,0.021591,0.021282,0.020797,0.020072,0.019411,0.018934,0.018527,0.018279,0.018051,0.017975,0.018051,0.018296,0.018652,0.019135,0.019733,0.020434,0.021194,0.021886,0.02214,0.022563,0.022994,0.023367,0.023715,0.024132,0.024604,0.025201,0.026159,0.028297,0.027652,0.026449,0.025269,0.024065,0.023006,0.022124,0.021448,0.021011,0.020833,0.020919,0.021259,0.02183,0.022606,0.023561,0.024658,0.025817,0.026634,0.023045,0.023244,0.023402,0.023444,0.023491,0.023585,0.02363,0.023631,0.023437,0.02328,0.023173,0.023061,0.022885,0.022394,0.022041,0.021719,0.021403,0.021121,0.020842,0.020577,0.020327,0.020062,0.019541,0.018975,0.018481,0.018002,0.017544,0.017108,0.016697,0.016312,0.015955,0.01562,0.015318,0.015048,0.014814,0.014614,0.014452,0.014328,0.014244,0.0142,0.014197,0.014235,0.014314,0.014434,0.014595,0.014796,0.015035,0.015311,0.015623,0.015969,0.016347,0.016754,0.01719,0.01765,0.018135,0.018641,0.019167,0.019712,0.020273,0.020849,0.021439,0.022041,0.022656,0.02328,0.023915,0.024558,0.02521,0.025869,0.026535,0.027207,NaN,NaN,NaN,NaN,NaN,NaN,NaN,NaN,NaN,NaN,NaN,NaN,NaN,NaN,NaN,NaN,NaN,NaN,NaN,NaN,NaN,NaN,NaN,NaN,NaN,NaN,NaN,NaN,NaN,NaN,NaN,NaN,NaN,NaN,NaN,NaN,NaN,NaN,NaN,NaN,NaN,NaN,NaN,NaN,NaN,NaN,NaN,NaN,NaN,NaN,NaN,NaN,NaN,NaN,NaN,NaN,NaN,NaN,NaN,NaN,NaN,NaN,NaN,NaN,NaN,NaN
0.026888,0.02621,0.025539,0.024875,0.024218,0.02357,0.022932,0.022304,0.021686,0.021081,0.02049,0.019913,0.019353,0.01881,0.018287,0.017784,0.017304,0.016848,0.016418,0.016017,0.015645,0.015305,0.015,0.01473,0.014498,0.014306,0.014154,0.014133,0.014037,0.013978,0.013971,0.014018,0.01412,0.01426,0.014451,0.014589,0.014829,0.015105,0.015414,0.015755,0.016125,0.016523,0.016947,0.017395,0.017866,0.018358,0.018869,0.019398,0.019944,0.020505,0.021081,0.021671,0.022261,0.022758,0.023119,0.023403,0.023696,0.023944,0.023951,0.02387,0.023715,0.023567,0.023363,0.023264,0.022997,0.022614,0.022206,0.021783,0.021507,0.021575,0.021198,0.020667,0.019937,0.019346,0.018766,0.018393,0.018097,0.017914,0.017878,0.018,0.018276,0.018697,0.01925,0.019923,0.020701,0.021554,0.022302,0.022593,0.022918,0.023319,0.023696,0.024006,0.024332,0.02464,0.025138,0.02592,0.028318,0.027645,0.026539,0.025281,0.024011,0.022877,0.021932,0.021212,0.020751,0.02057,0.020676,0.021059,0.021693,0.022546,0.023587,0.02479,0.026045,0.027004,0.022857,0.022988,0.023126,0.023333,0.02341,0.023433,0.023416,0.023413,0.023331,0.023156,0.023002,0.022872,0.022659,0.022154,0.021788,0.021466,0.021153,0.020862,0.020584,0.02032,0.02007,0.01979,0.019286,0.018745,0.01826,0.017791,0.017349,0.016928,0.01653,0.016134,0.015777,0.015447,0.015145,0.014875,0.014636,0.014431,0.014261,0.014127,0.01403,0.013971,0.01395,0.013969,0.014027,0.014124,0.014259,0.014433,0.014644,0.014891,0.015173,0.015488,0.015834,0.01621,0.016613,0.017042,0.017495,0.017969,0.018464,0.018977,0.019507,0.020052,0.020612,0.021184,0.021768,0.022363,0.022968,0.023582,0.024204,0.024834,0.025471,0.026115,0.026765,NaN,NaN,NaN,NaN,NaN,NaN,NaN,NaN,NaN,NaN,NaN,NaN,NaN,NaN,NaN,NaN,NaN,NaN,NaN,NaN,NaN,NaN,NaN,NaN,NaN,NaN,NaN,NaN,NaN,NaN,NaN,NaN,NaN,NaN,NaN,NaN,NaN,NaN,NaN,NaN,NaN,NaN,NaN,NaN,NaN,NaN,NaN,NaN,NaN,NaN,NaN,NaN,NaN,NaN,NaN,NaN,NaN,NaN,NaN,NaN,NaN,NaN,NaN,NaN,NaN
0.026873,0.026195,0.025524,0.02486,0.024205,0.023559,0.022924,0.022301,0.02169,0.021093,0.02051,0.019942,0.019391,0.018856,0.01834,0.017815,0.017331,0.01687,0.016434,0.016025,0.015647,0.015299,0.014986,0.014708,0.014467,0.014266,0.014105,0.013987,0.01391,0.013877,0.013886,0.013939,0.014033,0.01415,0.014304,0.01451,0.014752,0.015029,0.01534,0.015681,0.016052,0.01645,0.016934,0.017363,0.017816,0.018291,0.018788,0.019303,0.01984,0.020397,0.020972,0.021565,0.022161,0.022642,0.022878,0.023131,0.023406,0.023653,0.023732,0.023593,0.023485,0.023279,0.023109,0.023015,0.022975,0.022727,0.022302,0.021922,0.021748,0.021963,0.021406,0.020777,0.020011,0.019345,0.01882,0.018417,0.018209,0.018003,0.01795,0.018049,0.018315,0.018693,0.019195,0.019811,0.020527,0.021308,0.022006,0.022285,0.02269,0.023069,0.023468,0.023846,0.024231,0.024697,0.025062,0.025858,0.028139,0.027495,0.026193,0.024981,0.023803,0.022765,0.021894,0.021222,0.020775,0.020575,0.020628,0.020925,0.021446,0.022168,0.023067,0.024123,0.025122,0.02592,0.022589,0.022775,0.023104,0.023229,0.023468,0.02348,0.023572,0.023575,0.023451,0.023255,0.023204,0.023049,0.022974,0.022394,0.02199,0.021611,0.021288,0.021001,0.020737,0.020494,0.020256,0.019826,0.019233,0.018669,0.018189,0.017725,0.01728,0.016855,0.016451,0.01607,0.015713,0.015372,0.015064,0.014784,0.014535,0.014318,0.014134,0.013984,0.01387,0.013793,0.013752,0.01375,0.013785,0.013859,0.01397,0.014118,0.014304,0.014524,0.014779,0.015067,0.015386,0.015734,0.01611,0.016512,0.016938,0.017386,0.017854,0.018341,0.018846,0.019366,0.019901,0.020449,0.021009,0.02158,0.022162,0.022753,0.023352,0.02396,0.024575,0.025196,0.025824,0.026458,NaN,NaN,NaN,NaN,NaN,NaN,NaN,NaN,NaN,NaN,NaN,NaN,NaN,NaN,NaN,NaN,NaN,NaN,NaN,NaN,NaN,NaN,NaN,NaN,NaN,NaN,NaN,NaN,NaN,NaN,NaN,NaN,NaN,NaN,NaN,NaN,NaN,NaN,NaN,NaN,NaN,NaN,NaN,NaN,NaN,NaN,NaN,NaN,NaN,NaN,NaN,NaN,NaN,NaN,NaN,NaN,NaN,NaN,NaN,NaN,NaN,NaN,NaN,NaN
0.026802,0.026134,0.025474,0.02482,0.024173,0.023535,0.022905,0.022286,0.021676,0.021079,0.020493,0.019922,0.019366,0.018826,0.018304,0.017802,0.017321,0.016863,0.01643,0.016023,0.015646,0.0153,0.014986,0.014708,0.014467,0.014264,0.014101,0.014013,0.013923,0.013875,0.013871,0.013909,0.013989,0.014111,0.014257,0.014455,0.01469,0.014962,0.015269,0.015608,0.015977,0.016374,0.016787,0.017231,0.017698,0.018185,0.018653,0.019168,0.019699,0.020246,0.020806,0.021382,0.021952,0.022438,0.022776,0.023072,0.023381,0.023632,0.023682,0.02361,0.023502,0.023214,0.023017,0.022919,0.022851,0.022579,0.022265,0.021853,0.021706,0.021883,0.021468,0.020885,0.020162,0.019548,0.019031,0.018726,0.018492,0.018271,0.018205,0.018292,0.018547,0.018924,0.019414,0.020015,0.020717,0.021465,0.022213,0.022411,0.022739,0.023063,0.023353,0.023629,0.023947,0.024249,0.024653,0.025547,0.02786,0.027161,0.026035,0.024788,0.023665,0.022686,0.02188,0.02128,0.020914,0.020793,0.020933,0.021321,0.021937,0.022752,0.023742,0.024883,0.026024,0.027174,0.022903,0.023018,0.023201,0.023227,0.023393,0.023496,0.023574,0.02339,0.023254,0.022883,0.02273,0.022558,0.02234,0.021754,0.021432,0.021072,0.020742,0.020446,0.020162,0.019891,0.019582,0.019274,0.018733,0.018158,0.017695,0.017255,0.016832,0.016428,0.016044,0.015682,0.015343,0.015029,0.01474,0.014479,0.014246,0.014043,0.013872,0.013732,0.013626,0.013554,0.013517,0.013515,0.013548,0.013616,0.013719,0.013858,0.01403,0.014235,0.014472,0.01474,0.015037,0.015362,0.015713,0.016089,0.016487,0.016906,0.017345,0.017802,0.018275,0.018764,0.019267,0.019783,0.020311,0.02085,0.021398,0.021956,0.022523,0.023097,0.023679,0.024267,0.024862,0.025462,0.026068,NaN,NaN,NaN,NaN,NaN,NaN,NaN,NaN,NaN,NaN,NaN,NaN,NaN,NaN,NaN,NaN,NaN,NaN,NaN,NaN,NaN,NaN,NaN,NaN,NaN,NaN,NaN,NaN,NaN,NaN,NaN,NaN,NaN,NaN,NaN,NaN,NaN,NaN,NaN,NaN,NaN,NaN,NaN,NaN,NaN,NaN,NaN,NaN,NaN,NaN,NaN,NaN,NaN,NaN,NaN,NaN,NaN,NaN,NaN,NaN,NaN,NaN,NaN
0.026743,0.026078,0.025419,0.024768,0.024124,0.023487,0.02286,0.022242,0.021635,0.021039,0.020456,0.019886,0.019331,0.018793,0.018272,0.017771,0.017291,0.016833,0.0164,0.015994,0.015617,0.01527,0.014955,0.014676,0.014433,0.014228,0.014063,0.013993,0.013889,0.01383,0.013818,0.013855,0.013942,0.014077,0.014247,0.014462,0.014638,0.014905,0.015204,0.015535,0.015895,0.016283,0.016696,0.017133,0.017592,0.018072,0.018571,0.019087,0.01962,0.020167,0.020728,0.021303,0.021889,0.022395,0.022738,0.023003,0.023297,0.023512,0.023683,0.023725,0.023667,0.023495,0.023327,0.023381,0.023524,0.02328,0.022821,0.022354,0.022071,0.022106,0.021994,0.021296,0.020495,0.019899,0.019353,0.018957,0.018653,0.018457,0.018432,0.018577,0.018885,0.019342,0.019932,0.02064,0.021402,0.022203,0.022938,0.022985,0.023177,0.023393,0.023615,0.023762,0.023966,0.024208,0.024582,0.025369,0.027132,0.026522,0.025502,0.024412,0.023359,0.022424,0.021661,0.0211,0.020814,0.020706,0.020854,0.021248,0.021871,0.022698,0.023705,0.024868,0.026149,0.027169,0.023178,0.023108,0.023285,0.023462,0.023499,0.023588,0.023421,0.023208,0.023117,0.022866,0.022788,0.022542,0.022331,0.021606,0.021226,0.020853,0.020481,0.020148,0.019826,0.019515,0.019174,0.018785,0.018245,0.017738,0.01729,0.016868,0.016462,0.016074,0.015705,0.015357,0.01503,0.014727,0.014448,0.014195,0.013969,0.013771,0.013603,0.013465,0.013358,0.013284,0.013243,0.013235,0.01326,0.013319,0.013411,0.013536,0.013693,0.013882,0.014101,0.014349,0.014625,0.014927,0.015255,0.015605,0.015978,0.016371,0.016784,0.017213,0.017659,0.01812,0.018595,0.019082,0.019582,0.020092,0.020612,0.021141,0.021679,0.022224,0.022777,0.023336,0.023902,0.024474,0.02505,0.025632,NaN,NaN,NaN,NaN,NaN,NaN,NaN,NaN,NaN,NaN,NaN,NaN,NaN,NaN,NaN,NaN,NaN,NaN,NaN,NaN,NaN,NaN,NaN,NaN,NaN,NaN,NaN,NaN,NaN,NaN,NaN,NaN,NaN,NaN,NaN,NaN,NaN,NaN,NaN,NaN,NaN,NaN,NaN,NaN,NaN,NaN,NaN,NaN,NaN,NaN,NaN,NaN,NaN,NaN,NaN,NaN,NaN,NaN,NaN,NaN,NaN,NaN
0.026889,0.026191,0.025509,0.024855,0.024227,0.023619,0.02292,0.022299,0.021688,0.021089,0.020502,0.01993,0.019372,0.018832,0.018309,0.017806,0.017324,0.016866,0.016433,0.016026,0.015649,0.015303,0.01499,0.014712,0.014471,0.014269,0.014142,0.014013,0.013926,0.013882,0.013881,0.013922,0.014006,0.01413,0.014285,0.014484,0.01472,0.014991,0.015296,0.015632,0.015986,0.016377,0.016794,0.017236,0.017701,0.018186,0.018691,0.019213,0.019752,0.020307,0.020875,0.021459,0.022053,0.022531,0.02283,0.023141,0.023466,0.023638,0.023761,0.023742,0.02358,0.02334,0.02317,0.022942,0.023021,0.022721,0.022353,0.021968,0.021808,0.021775,0.021347,0.020743,0.020033,0.019452,0.018944,0.018616,0.018437,0.018203,0.018106,0.018157,0.018362,0.018693,0.019152,0.019727,0.02037,0.021132,0.021905,0.022162,0.022518,0.022889,0.023263,0.023627,0.024047,0.024549,0.025118,0.025964,0.028478,0.027801,0.026721,0.025393,0.024107,0.023011,0.022081,0.021404,0.020848,0.020651,0.020743,0.021112,0.021734,0.022579,0.02362,0.024829,0.026184,0.027313,0.0226,0.022657,0.022929,0.023088,0.023266,0.023444,0.023441,0.023212,0.023077,0.022928,0.022793,0.022553,0.022328,0.02154,0.021161,0.020781,0.020458,0.02013,0.019824,0.019524,0.019237,0.018892,0.018354,0.017814,0.01737,0.016947,0.016539,0.016148,0.015775,0.015421,0.015087,0.014775,0.014486,0.014221,0.013981,0.013768,0.013583,0.013427,0.013301,0.013206,0.013142,0.01311,0.013111,0.013144,0.013209,0.013307,0.013437,0.013598,0.013789,0.01401,0.014259,0.014534,0.014836,0.015161,0.015509,0.015878,0.016267,0.016674,0.017098,0.017537,0.017991,0.018458,0.018938,0.019429,0.019931,0.020442,0.020962,0.02149,0.022026,0.022569,0.023118,0.023673,0.024234,0.024801,0.025372,NaN,NaN,NaN,NaN,NaN,NaN,NaN,NaN,NaN,NaN,NaN,NaN,NaN,NaN,NaN,NaN,NaN,NaN,NaN,NaN,NaN,NaN,NaN,NaN,NaN,NaN,NaN,NaN,NaN,NaN,NaN,NaN,NaN,NaN,NaN,NaN,NaN,NaN,NaN,NaN,NaN,NaN,NaN,NaN,NaN,NaN,NaN,NaN,NaN,NaN,NaN,NaN,NaN,NaN,NaN,NaN,NaN,NaN,NaN,NaN,NaN
0.026877,0.02617,0.025481,0.02482,0.024188,0.023578,0.022883,0.022265,0.021662,0.021073,0.020499,0.01994,0.019362,0.018826,0.018309,0.017813,0.01734,0.016891,0.016468,0.016073,0.015708,0.015373,0.015072,0.014805,0.014595,0.014395,0.01425,0.014189,0.014088,0.014029,0.014013,0.014038,0.014105,0.014213,0.014326,0.014504,0.014719,0.01497,0.015255,0.015572,0.01592,0.016297,0.016701,0.017133,0.017582,0.018053,0.018545,0.019056,0.019584,0.020128,0.020687,0.021266,0.021853,0.022339,0.022686,0.022977,0.023272,0.023442,0.023545,0.023456,0.023351,0.023147,0.022949,0.022767,0.022813,0.022522,0.022252,0.021903,0.021619,0.021926,0.021613,0.021094,0.020409,0.019775,0.019279,0.018901,0.018588,0.018316,0.018225,0.01827,0.018473,0.018824,0.019315,0.019918,0.020632,0.021443,0.022237,0.022471,0.022786,0.023098,0.023462,0.023803,0.024157,0.024514,0.024873,0.025666,0.028512,0.027829,0.026513,0.025122,0.023856,0.022743,0.021813,0.021101,0.020641,0.020457,0.020555,0.020924,0.021541,0.022377,0.023404,0.024599,0.02594,0.026866,0.02257,0.022742,0.023065,0.023296,0.023478,0.023699,0.023575,0.023396,0.023341,0.023129,0.023004,0.022793,0.022466,0.021543,0.021116,0.020734,0.020367,0.020023,0.019688,0.019363,0.019035,0.018637,0.018142,0.017646,0.01719,0.016777,0.016379,0.015997,0.015633,0.015286,0.014959,0.014652,0.014368,0.014106,0.013869,0.013657,0.013472,0.013315,0.013186,0.013087,0.013018,0.012979,0.012972,0.012996,0.013051,0.013138,0.013255,0.013402,0.013578,0.013783,0.014014,0.014272,0.014555,0.014861,0.01519,0.015539,0.015907,0.016294,0.016697,0.017116,0.017549,0.017995,0.018454,0.018924,0.019404,0.019895,0.020394,0.020901,0.021417,0.021939,0.022468,0.023003,0.023544,0.02409,0.024641,0.025196,NaN,NaN,NaN,NaN,NaN,NaN,NaN,NaN,NaN,NaN,NaN,NaN,NaN,NaN,NaN,NaN,NaN,NaN,NaN,NaN,NaN,NaN,NaN,NaN,NaN,NaN,NaN,NaN,NaN,NaN,NaN,NaN,NaN,NaN,NaN,NaN,NaN,NaN,NaN,NaN,NaN,NaN,NaN,NaN,NaN,NaN,NaN,NaN,NaN,NaN,NaN,NaN,NaN,NaN,NaN,NaN,NaN,NaN,NaN,NaN
0.0269,0.02621,0.025528,0.024854,0.024192,0.023541,0.022906,0.022287,0.021686,0.021103,0.020537,0.019989,0.019458,0.018912,0.018407,0.017901,0.017401,0.016941,0.016505,0.016097,0.015718,0.01537,0.015054,0.014774,0.014531,0.014327,0.014162,0.014093,0.01399,0.013932,0.013921,0.01396,0.014049,0.014186,0.014334,0.014549,0.014753,0.015016,0.015312,0.01564,0.016032,0.016401,0.016797,0.01722,0.017668,0.018143,0.018643,0.019165,0.019708,0.020269,0.020846,0.021391,0.021948,0.022447,0.022807,0.02311,0.02342,0.023692,0.023859,0.023824,0.023685,0.023434,0.023288,0.023226,0.023168,0.022725,0.022322,0.021951,0.021917,0.021778,0.021569,0.020884,0.020097,0.019569,0.018987,0.018508,0.018224,0.018036,0.017994,0.018122,0.018411,0.018844,0.019399,0.020075,0.020806,0.021645,0.022379,0.022586,0.022849,0.023135,0.023481,0.023741,0.024088,0.024446,0.024833,0.025563,0.027978,0.027252,0.026086,0.024968,0.023818,0.022767,0.021891,0.02122,0.020784,0.020604,0.020687,0.021025,0.021596,0.022378,0.023343,0.024471,0.0257,0.026712,0.02232,0.022442,0.022668,0.023013,0.023194,0.023429,0.023483,0.023363,0.023164,0.022912,0.022841,0.022634,0.022308,0.02132,0.020933,0.020554,0.020225,0.019905,0.019595,0.019295,0.018999,0.018621,0.018065,0.017536,0.017123,0.016723,0.016337,0.015966,0.015599,0.015245,0.014917,0.014609,0.014321,0.014055,0.013812,0.013593,0.013399,0.013231,0.01309,0.012977,0.012892,0.012837,0.012812,0.012817,0.012852,0.012917,0.013011,0.013135,0.013288,0.013469,0.013676,0.01391,0.014168,0.01445,0.014755,0.01508,0.015425,0.015788,0.016169,0.016565,0.016976,0.017401,0.017838,0.018288,0.018748,0.019218,0.019697,0.020185,0.020681,0.021184,0.021694,0.02221,0.022733,0.02326,0.023793,0.024331,0.024873,NaN,NaN,NaN,NaN,NaN,NaN,NaN,NaN,NaN,NaN,NaN,NaN,NaN,NaN,NaN,NaN,NaN,NaN,NaN,NaN,NaN,NaN,NaN,NaN,NaN,NaN,NaN,NaN,NaN,NaN,NaN,NaN,NaN,NaN,NaN,NaN,NaN,NaN,NaN,NaN,NaN,NaN,NaN,NaN,NaN,NaN,NaN,NaN,NaN,NaN,NaN,NaN,NaN,NaN,NaN,NaN,NaN,NaN,NaN
0.026934,0.026251,0.025575,0.024906,0.024246,0.023596,0.022956,0.022328,0.021713,0.021111,0.020525,0.019953,0.019397,0.018859,0.01834,0.017814,0.017327,0.016864,0.016426,0.016017,0.015637,0.01529,0.014977,0.0147,0.014461,0.014263,0.014106,0.013992,0.013921,0.013893,0.01391,0.01397,0.014072,0.014216,0.014415,0.014621,0.014868,0.01515,0.015466,0.015813,0.016189,0.016593,0.017024,0.017478,0.017956,0.018454,0.018972,0.019509,0.020062,0.020631,0.021214,0.021819,0.022416,0.022956,0.023287,0.023526,0.023754,0.023935,0.023891,0.02376,0.02356,0.023428,0.023265,0.023052,0.02298,0.022585,0.022138,0.021713,0.021588,0.021557,0.02119,0.020575,0.01991,0.019254,0.01872,0.018354,0.018198,0.018036,0.018014,0.018144,0.018454,0.018854,0.019376,0.020011,0.02072,0.021537,0.022303,0.022616,0.02294,0.023273,0.023654,0.023951,0.024293,0.024714,0.025272,0.02597,0.028065,0.027516,0.026386,0.025098,0.023896,0.022835,0.021953,0.021297,0.020903,0.02071,0.020773,0.021098,0.021667,0.022455,0.023438,0.024527,0.025764,0.026752,0.022492,0.022607,0.022948,0.02323,0.02341,0.023557,0.023662,0.02352,0.023265,0.022945,0.022752,0.022377,0.022004,0.021246,0.020795,0.020385,0.020056,0.019724,0.01941,0.019106,0.018796,0.018423,0.017846,0.017359,0.016901,0.016504,0.01612,0.015751,0.015396,0.015058,0.014736,0.014433,0.01415,0.013887,0.013645,0.013426,0.013231,0.013061,0.012916,0.012798,0.012707,0.012644,0.012609,0.012604,0.012626,0.012678,0.012758,0.012867,0.013003,0.013166,0.013356,0.01357,0.013809,0.014071,0.014354,0.014659,0.014982,0.015324,0.015683,0.016057,0.016447,0.016849,0.017265,0.017692,0.01813,0.018579,0.019036,0.019503,0.019977,0.020458,0.020947,0.021442,0.021943,0.022449,0.022961,0.023478,0.023999,0.024524,NaN,NaN,NaN,NaN,NaN,NaN,NaN,NaN,NaN,NaN,NaN,NaN,NaN,NaN,NaN,NaN,NaN,NaN,NaN,NaN,NaN,NaN,NaN,NaN,NaN,NaN,NaN,NaN,NaN,NaN,NaN,NaN,NaN,NaN,NaN,NaN,NaN,NaN,NaN,NaN,NaN,NaN,NaN,NaN,NaN,NaN,NaN,NaN,NaN,NaN,NaN,NaN,NaN,NaN,NaN,NaN,NaN,NaN
0.026865,0.026189,0.02552,0.024857,0.024203,0.023557,0.02292,0.022294,0.021679,0.021077,0.020488,0.019915,0.019357,0.018817,0.018295,0.017795,0.017316,0.01686,0.01643,0.016028,0.015655,0.015314,0.014998,0.014718,0.014476,0.014273,0.01411,0.014044,0.013944,0.013891,0.013885,0.013929,0.014025,0.014169,0.014341,0.014568,0.014764,0.015042,0.015354,0.015697,0.016069,0.016469,0.016895,0.017345,0.017817,0.01831,0.018822,0.019351,0.019897,0.020457,0.021032,0.021625,0.022199,0.022662,0.023077,0.023356,0.023653,0.02387,0.023996,0.024043,0.023901,0.023688,0.023478,0.023437,0.023373,0.022955,0.02254,0.022038,0.021671,0.021613,0.021077,0.020363,0.019725,0.019213,0.018711,0.0184,0.018213,0.018066,0.018064,0.018207,0.018441,0.018866,0.019387,0.020018,0.020737,0.02155,0.022225,0.022471,0.022694,0.023077,0.023462,0.023837,0.024216,0.024574,0.025099,0.025914,0.028543,0.027851,0.026582,0.025184,0.023899,0.022769,0.021826,0.021107,0.020678,0.020481,0.020573,0.020946,0.021574,0.022429,0.023484,0.02471,0.026083,0.027232,0.022313,0.02226,0.022522,0.022714,0.022883,0.023142,0.023268,0.022979,0.022839,0.022442,0.022351,0.022065,0.021749,0.020825,0.020484,0.020115,0.019814,0.019521,0.019238,0.018963,0.018699,0.018355,0.017746,0.017219,0.016801,0.016411,0.016033,0.015669,0.015318,0.014983,0.014664,0.014362,0.014078,0.013814,0.013569,0.013346,0.013145,0.012968,0.012814,0.012686,0.012583,0.012507,0.012458,0.012436,0.012442,0.012475,0.012536,0.012624,0.01274,0.012881,0.013048,0.01324,0.013457,0.013696,0.013956,0.014238,0.014539,0.014859,0.015195,0.015548,0.015916,0.016297,0.016692,0.017099,0.017517,0.017945,0.018382,0.018829,0.019284,0.019747,0.020216,0.020692,0.021175,0.021663,0.022156,0.022655,0.023158,0.023665,0.024176,NaN,NaN,NaN,NaN,NaN,NaN,NaN,NaN,NaN,NaN,NaN,NaN,NaN,NaN,NaN,NaN,NaN,NaN,NaN,NaN,NaN,NaN,NaN,NaN,NaN,NaN,NaN,NaN,NaN,NaN,NaN,NaN,NaN,NaN,NaN,NaN,NaN,NaN,NaN,NaN,NaN,NaN,NaN,NaN,NaN,NaN,NaN,NaN,NaN,NaN,NaN,NaN,NaN,NaN,NaN,NaN,NaN
0.026931,0.026253,0.025582,0.024918,0.024262,0.023614,0.022974,0.022345,0.021726,0.021119,0.020525,0.019944,0.019379,0.01883,0.018299,0.017789,0.017299,0.016834,0.016394,0.015982,0.015599,0.015249,0.014934,0.014655,0.014415,0.014215,0.014057,0.013942,0.013871,0.013844,0.013862,0.013923,0.014028,0.014174,0.014361,0.014587,0.01485,0.015149,0.01548,0.015843,0.016236,0.016655,0.0171,0.017569,0.01806,0.01857,0.0191,0.019643,0.020202,0.020776,0.021363,0.021965,0.022531,0.023026,0.023378,0.023602,0.023872,0.024028,0.024073,0.023946,0.023752,0.02346,0.023272,0.02299,0.02297,0.022643,0.022153,0.021757,0.021558,0.021531,0.020975,0.020371,0.01964,0.018988,0.018507,0.018143,0.017884,0.017733,0.017747,0.017924,0.018233,0.018708,0.019319,0.020051,0.020876,0.021739,0.022522,0.022746,0.023128,0.023469,0.023892,0.024272,0.024736,0.025185,0.025631,0.026588,0.028901,0.028027,0.02678,0.025371,0.024067,0.022887,0.021888,0.021103,0.020591,0.020316,0.020319,0.020594,0.021122,0.02188,0.022842,0.023985,0.02527,0.026327,0.022666,0.022923,0.023252,0.023858,0.02421,0.024411,0.024368,0.024035,0.023842,0.023442,0.0232,0.022868,0.0226,0.021712,0.021254,0.020838,0.020464,0.020114,0.019753,0.019399,0.019055,0.018622,0.01809,0.017621,0.017213,0.016816,0.016431,0.01606,0.015702,0.015359,0.015033,0.014723,0.01443,0.014157,0.013904,0.013672,0.013462,0.013275,0.013112,0.012974,0.012862,0.012776,0.012717,0.012686,0.012682,0.012707,0.012758,0.012838,0.012944,0.013078,0.013237,0.013421,0.013629,0.013861,0.014114,0.014389,0.014683,0.014997,0.015327,0.015674,0.016037,0.016414,0.016804,0.017206,0.01762,0.018045,0.01848,0.018924,0.019376,0.019836,0.020304,0.020779,0.02126,0.021748,0.02224,0.022738,0.023241,0.023749,0.02426,0.024776,NaN,NaN,NaN,NaN,NaN,NaN,NaN,NaN,NaN,NaN,NaN,NaN,NaN,NaN,NaN,NaN,NaN,NaN,NaN,NaN,NaN,NaN,NaN,NaN,NaN,NaN,NaN,NaN,NaN,NaN,NaN,NaN,NaN,NaN,NaN,NaN,NaN,NaN,NaN,NaN,NaN,NaN,NaN,NaN,NaN,NaN,NaN,NaN,NaN,NaN,NaN,NaN,NaN,NaN,NaN,NaN
0.026851,0.026181,0.025517,0.024861,0.024211,0.02357,0.022938,0.022315,0.021703,0.021102,0.020514,0.01994,0.01938,0.018837,0.018311,0.017805,0.01732,0.016859,0.016422,0.016013,0.015633,0.015284,0.014969,0.014689,0.014446,0.014243,0.014081,0.01396,0.013882,0.013846,0.013854,0.013905,0.013998,0.014132,0.014329,0.014532,0.014771,0.015046,0.015354,0.015693,0.016063,0.016448,0.016869,0.017314,0.017783,0.018273,0.018783,0.019312,0.019858,0.020417,0.02099,0.021576,0.022126,0.0227,0.023094,0.023329,0.023601,0.023779,0.02386,0.023807,0.023737,0.023481,0.023271,0.023068,0.02298,0.022657,0.022276,0.021885,0.021852,0.021983,0.02144,0.020808,0.020037,0.019451,0.018865,0.018402,0.018146,0.018,0.018001,0.018172,0.018514,0.019,0.019626,0.020378,0.021221,0.022159,0.023011,0.023141,0.023486,0.023767,0.024066,0.024326,0.024614,0.024868,0.025233,0.026019,0.0279,0.027049,0.025821,0.024583,0.023426,0.022368,0.021468,0.020754,0.020263,0.01998,0.019934,0.020122,0.020532,0.021148,0.021951,0.022923,0.024009,0.024895,0.022353,0.022658,0.023252,0.023657,0.023939,0.024195,0.024217,0.024277,0.024147,0.023941,0.023763,0.023462,0.023019,0.02211,0.021649,0.0212,0.020826,0.020464,0.020116,0.019765,0.019418,0.019013,0.018461,0.018003,0.017589,0.017185,0.016793,0.016413,0.016046,0.015694,0.015353,0.015028,0.014721,0.014431,0.01416,0.013909,0.01368,0.013472,0.013288,0.013127,0.012992,0.012882,0.012799,0.012743,0.012714,0.012713,0.01274,0.012794,0.012875,0.012984,0.013119,0.01328,0.013466,0.013676,0.013909,0.014164,0.01444,0.014735,0.015049,0.015381,0.015729,0.016092,0.016469,0.01686,0.017262,0.017677,0.018102,0.018537,0.018981,0.019433,0.019894,0.020362,0.020837,0.021318,0.021805,0.022298,0.022796,0.023298,0.023806,0.024317,0.024833,NaN,NaN,NaN,NaN,NaN,NaN,NaN,NaN,NaN,NaN,NaN,NaN,NaN,NaN,NaN,NaN,NaN,NaN,NaN,NaN,NaN,NaN,NaN,NaN,NaN,NaN,NaN,NaN,NaN,NaN,NaN,NaN,NaN,NaN,NaN,NaN,NaN,NaN,NaN,NaN,NaN,NaN,NaN,NaN,NaN,NaN,NaN,NaN,NaN,NaN,NaN,NaN,NaN,NaN,NaN
0.02684,0.026169,0.025505,0.024848,0.024198,0.023556,0.022924,0.022301,0.021688,0.021087,0.020499,0.019924,0.019365,0.018822,0.018297,0.017791,0.017307,0.016846,0.016411,0.016003,0.015624,0.015276,0.014962,0.014684,0.014443,0.014241,0.01408,0.013961,0.013884,0.01385,0.013859,0.013911,0.014005,0.014141,0.014344,0.014538,0.014769,0.015036,0.015336,0.015669,0.016033,0.016426,0.016848,0.017296,0.017769,0.018266,0.018783,0.01932,0.019874,0.020445,0.02103,0.021633,0.022238,0.022711,0.023045,0.02328,0.023544,0.023759,0.023848,0.023742,0.023579,0.023402,0.023192,0.023088,0.023128,0.022723,0.022295,0.021929,0.021925,0.021944,0.021581,0.021031,0.020256,0.019625,0.019044,0.018541,0.018242,0.018023,0.017976,0.018099,0.018388,0.018845,0.019428,0.020138,0.020944,0.021803,0.022578,0.022796,0.023088,0.023398,0.023731,0.024052,0.024359,0.024752,0.025163,0.025997,0.028247,0.027193,0.026021,0.024834,0.023643,0.022551,0.021622,0.020883,0.020363,0.020084,0.020054,0.02027,0.020718,0.021377,0.022228,0.02325,0.024423,0.025509,0.02224,0.022722,0.022989,0.023451,0.023889,0.024333,0.024477,0.024324,0.024091,0.023824,0.023664,0.023414,0.022918,0.021943,0.021541,0.021031,0.020647,0.020264,0.019905,0.019553,0.019209,0.018807,0.01825,0.01781,0.017406,0.017011,0.016627,0.016255,0.015896,0.01555,0.015219,0.014903,0.014603,0.01432,0.014055,0.013809,0.013584,0.01338,0.013197,0.013038,0.012903,0.012792,0.012706,0.012646,0.012612,0.012605,0.012624,0.01267,0.012742,0.01284,0.012964,0.013112,0.013285,0.013481,0.013699,0.013939,0.014199,0.014478,0.014775,0.01509,0.01542,0.015766,0.016125,0.016498,0.016883,0.01728,0.017687,0.018104,0.01853,0.018964,0.019407,0.019857,0.020314,0.020777,0.021247,0.021722,0.022202,0.022687,0.023177,0.023671,0.024169,0.024671,NaN,NaN,NaN,NaN,NaN,NaN,NaN,NaN,NaN,NaN,NaN,NaN,NaN,NaN,NaN,NaN,NaN,NaN,NaN,NaN,NaN,NaN,NaN,NaN,NaN,NaN,NaN,NaN,NaN,NaN,NaN,NaN,NaN,NaN,NaN,NaN,NaN,NaN,NaN,NaN,NaN,NaN,NaN,NaN,NaN,NaN,NaN,NaN,NaN,NaN,NaN,NaN,NaN,NaN
0.02693,0.026241,0.025559,0.024885,0.024219,0.023564,0.022919,0.022287,0.021668,0.021065,0.020477,0.019906,0.019354,0.018821,0.018309,0.017819,0.017296,0.016844,0.016419,0.016024,0.01566,0.01533,0.015037,0.01478,0.014563,0.014418,0.014304,0.014332,0.014222,0.014158,0.014141,0.014175,0.014262,0.0144,0.014552,0.014772,0.015018,0.015246,0.01556,0.015904,0.01625,0.016624,0.017027,0.017457,0.017913,0.018394,0.018899,0.019426,0.019974,0.020538,0.021118,0.02172,0.022242,0.022688,0.023059,0.023344,0.023582,0.023808,0.023842,0.023799,0.023622,0.02339,0.023197,0.023026,0.022948,0.022576,0.02216,0.021768,0.021631,0.021688,0.021229,0.020498,0.019772,0.019151,0.018632,0.01826,0.018145,0.017982,0.017991,0.018171,0.018517,0.019026,0.019657,0.020408,0.021265,0.022199,0.023068,0.023262,0.023434,0.023706,0.023895,0.024116,0.024345,0.024693,0.024977,0.025778,0.027837,0.027038,0.02608,0.024856,0.023633,0.022552,0.02164,0.020926,0.020438,0.020199,0.020275,0.020527,0.021018,0.021729,0.022638,0.023724,0.024912,0.025921,0.022398,0.02285,0.023371,0.023716,0.023972,0.024224,0.024124,0.023778,0.023582,0.023319,0.023096,0.02275,0.022303,0.021428,0.02102,0.020605,0.020274,0.019913,0.019588,0.019271,0.018935,0.018576,0.018029,0.017556,0.017153,0.016771,0.016399,0.016038,0.01569,0.015354,0.015031,0.014723,0.01443,0.014154,0.013894,0.013653,0.013431,0.013228,0.013046,0.012886,0.012748,0.012634,0.012543,0.012476,0.012434,0.012417,0.012426,0.012459,0.012518,0.012602,0.01271,0.012841,0.012997,0.013175,0.013374,0.013595,0.013835,0.014094,0.014371,0.014666,0.014976,0.015301,0.01564,0.015992,0.016357,0.016733,0.017119,0.017516,0.017921,0.018336,0.018758,0.019188,0.019625,0.020068,0.020518,0.020973,0.021434,0.021899,0.022369,0.022844,0.023322,0.023804,0.02429,NaN,NaN,NaN,NaN,NaN,NaN,NaN,NaN,NaN,NaN,NaN,NaN,NaN,NaN,NaN,NaN,NaN,NaN,NaN,NaN,NaN,NaN,NaN,NaN,NaN,NaN,NaN,NaN,NaN,NaN,NaN,NaN,NaN,NaN,NaN,NaN,NaN,NaN,NaN,NaN,NaN,NaN,NaN,NaN,NaN,NaN,NaN,NaN,NaN,NaN,NaN,NaN,NaN
0.026931,0.026239,0.025554,0.024879,0.024215,0.023564,0.022927,0.022307,0.021703,0.021116,0.020545,0.01999,0.019452,0.018857,0.018331,0.017825,0.017342,0.016881,0.016447,0.01604,0.015662,0.015316,0.015004,0.014728,0.014489,0.01429,0.014132,0.014131,0.014016,0.013953,0.013947,0.014003,0.014115,0.014276,0.014355,0.014563,0.014808,0.015089,0.015402,0.015748,0.016123,0.016526,0.016955,0.017408,0.017884,0.01838,0.018896,0.01943,0.01998,0.020546,0.021125,0.021759,0.022338,0.022811,0.023109,0.023387,0.023631,0.023831,0.023871,0.023788,0.023616,0.023425,0.023252,0.023107,0.022999,0.022725,0.022277,0.021895,0.021742,0.021843,0.021446,0.020697,0.019965,0.019323,0.018829,0.018406,0.018141,0.017997,0.01799,0.018147,0.018471,0.018904,0.019492,0.020194,0.020984,0.021854,0.022641,0.022851,0.023167,0.02347,0.023828,0.024157,0.024463,0.024833,0.02525,0.025976,0.02845,0.027631,0.026459,0.025081,0.023799,0.022665,0.021715,0.020961,0.020451,0.020206,0.020235,0.02053,0.02107,0.021831,0.022789,0.023919,0.0252,0.026022,0.022139,0.022576,0.02287,0.023278,0.023672,0.023962,0.023997,0.023932,0.02371,0.023404,0.023124,0.022768,0.022363,0.021279,0.020893,0.020429,0.020043,0.0197,0.019364,0.019035,0.018692,0.018314,0.017798,0.017356,0.01696,0.016588,0.016225,0.015873,0.015533,0.015204,0.014888,0.014587,0.014299,0.014027,0.013771,0.013532,0.013312,0.01311,0.012928,0.012766,0.012626,0.012507,0.012412,0.012339,0.01229,0.012265,0.012265,0.012288,0.012336,0.012407,0.012502,0.012621,0.012762,0.012924,0.013109,0.013313,0.013537,0.01378,0.01404,0.014317,0.01461,0.014918,0.015239,0.015574,0.015921,0.016279,0.016648,0.017027,0.017415,0.017812,0.018217,0.018629,0.019049,0.019475,0.019907,0.020345,0.020789,0.021237,0.02169,0.022148,0.022609,0.023075,0.023544,0.024017,NaN,NaN,NaN,NaN,NaN,NaN,NaN,NaN,NaN,NaN,NaN,NaN,NaN,NaN,NaN,NaN,NaN,NaN,NaN,NaN,NaN,NaN,NaN,NaN,NaN,NaN,NaN,NaN,NaN,NaN,NaN,NaN,NaN,NaN,NaN,NaN,NaN,NaN,NaN,NaN,NaN,NaN,NaN,NaN,NaN,NaN,NaN,NaN,NaN,NaN,NaN,NaN
0.026813,0.026146,0.025486,0.024832,0.024186,0.023548,0.022919,0.022299,0.021689,0.021091,0.020504,0.019932,0.019373,0.018831,0.018306,0.0178,0.017315,0.016852,0.016414,0.016003,0.01562,0.015268,0.014949,0.014665,0.014418,0.01421,0.014043,0.013917,0.013833,0.013792,0.013794,0.013839,0.013927,0.014055,0.014223,0.01443,0.014673,0.014952,0.015263,0.015606,0.015979,0.016378,0.016804,0.017253,0.017724,0.018216,0.018727,0.019255,0.0198,0.020359,0.020932,0.021524,0.02212,0.022654,0.023015,0.023277,0.023584,0.023867,0.02384,0.023698,0.023567,0.023338,0.023196,0.023048,0.022995,0.022712,0.022341,0.022027,0.021872,0.021867,0.02154,0.020912,0.020196,0.019647,0.019074,0.018665,0.018451,0.018255,0.018223,0.018354,0.018635,0.019032,0.019582,0.020257,0.021042,0.021888,0.022721,0.022845,0.02308,0.023425,0.023761,0.02406,0.024409,0.024785,0.025202,0.025812,0.028097,0.027326,0.026182,0.024953,0.023717,0.022625,0.021704,0.020985,0.020499,0.020308,0.020324,0.020603,0.02113,0.021883,0.02284,0.023975,0.025264,0.026411,0.022391,0.022622,0.023143,0.023456,0.02378,0.02406,0.023986,0.023781,0.023327,0.023107,0.022821,0.022367,0.022057,0.020994,0.020564,0.020192,0.019846,0.019522,0.019206,0.018897,0.018569,0.01819,0.017659,0.01722,0.016833,0.016468,0.016112,0.015767,0.015433,0.015109,0.014799,0.014501,0.014217,0.013947,0.013693,0.013455,0.013234,0.013031,0.012846,0.012682,0.012537,0.012413,0.012311,0.012231,0.012174,0.012139,0.012128,0.012139,0.012174,0.012233,0.012314,0.012417,0.012543,0.01269,0.012858,0.013046,0.013253,0.013479,0.013722,0.013982,0.014258,0.014548,0.014853,0.01517,0.0155,0.015842,0.016194,0.016556,0.016928,0.017309,0.017698,0.018094,0.018498,0.018908,0.019324,0.019747,0.020175,0.020608,0.021046,0.021488,0.021935,0.022385,0.022839,0.023297,0.023758,NaN,NaN,NaN,NaN,NaN,NaN,NaN,NaN,NaN,NaN,NaN,NaN,NaN,NaN,NaN,NaN,NaN,NaN,NaN,NaN,NaN,NaN,NaN,NaN,NaN,NaN,NaN,NaN,NaN,NaN,NaN,NaN,NaN,NaN,NaN,NaN,NaN,NaN,NaN,NaN,NaN,NaN,NaN,NaN,NaN,NaN,NaN,NaN,NaN,NaN,NaN
0.026775,0.02611,0.025452,0.0248,0.024156,0.02352,0.022893,0.022275,0.021667,0.02107,0.020486,0.019914,0.019358,0.018817,0.018293,0.017789,0.017305,0.016843,0.016406,0.015995,0.015613,0.015261,0.014942,0.014658,0.014411,0.014203,0.014034,0.013907,0.013822,0.01378,0.01378,0.013823,0.013907,0.014033,0.014198,0.014402,0.014643,0.014918,0.015226,0.015566,0.015935,0.016331,0.016753,0.017199,0.017667,0.018156,0.018663,0.019188,0.019729,0.020286,0.020855,0.021439,0.022001,0.02246,0.022808,0.023053,0.023319,0.023542,0.023689,0.023598,0.023431,0.023322,0.023185,0.023071,0.023191,0.022929,0.022535,0.022127,0.021898,0.021919,0.021711,0.021015,0.02026,0.019634,0.019064,0.018751,0.018383,0.018135,0.018046,0.018117,0.018343,0.018709,0.019205,0.019823,0.02055,0.021372,0.022207,0.022382,0.02268,0.023075,0.023388,0.023746,0.024195,0.024587,0.025065,0.025957,0.028739,0.027783,0.026599,0.025326,0.024103,0.022977,0.022037,0.021319,0.02087,0.020684,0.020789,0.021179,0.02183,0.022713,0.023801,0.025064,0.02642,0.027488,0.022755,0.022919,0.023109,0.023349,0.023535,0.023662,0.023423,0.023105,0.022764,0.0225,0.022358,0.02215,0.021638,0.020608,0.020156,0.019748,0.019406,0.01907,0.01874,0.018417,0.018101,0.017759,0.017304,0.016893,0.016528,0.016165,0.015828,0.015501,0.015182,0.014873,0.014577,0.014293,0.014023,0.013766,0.013524,0.013298,0.013088,0.012895,0.01272,0.012564,0.012427,0.01231,0.012213,0.012137,0.012083,0.01205,0.012039,0.01205,0.012083,0.012138,0.012215,0.012313,0.012431,0.01257,0.012729,0.012907,0.013103,0.013317,0.013548,0.013795,0.014056,0.014332,0.014622,0.014924,0.015239,0.015564,0.0159,0.016246,0.016601,0.016965,0.017337,0.017716,0.018103,0.018496,0.018895,0.0193,0.019711,0.020126,0.020547,0.020971,0.0214,0.021833,0.02227,0.02271,0.023154,0.0236,NaN,NaN,NaN,NaN,NaN,NaN,NaN,NaN,NaN,NaN,NaN,NaN,NaN,NaN,NaN,NaN,NaN,NaN,NaN,NaN,NaN,NaN,NaN,NaN,NaN,NaN,NaN,NaN,NaN,NaN,NaN,NaN,NaN,NaN,NaN,NaN,NaN,NaN,NaN,NaN,NaN,NaN,NaN,NaN,NaN,NaN,NaN,NaN,NaN,NaN
0.026777,0.026113,0.025456,0.024806,0.024163,0.023528,0.022902,0.022285,0.021678,0.021083,0.020499,0.019929,0.019373,0.018833,0.01831,0.017805,0.017322,0.01686,0.016423,0.016012,0.01563,0.015277,0.014958,0.014673,0.014425,0.014215,0.014045,0.013915,0.013828,0.013784,0.013781,0.013822,0.013903,0.014026,0.014189,0.014389,0.014626,0.014899,0.015204,0.01554,0.015906,0.0163,0.016719,0.017162,0.017627,0.018112,0.018617,0.019139,0.019678,0.020231,0.020799,0.021392,0.02195,0.022433,0.0228,0.023084,0.023364,0.023549,0.023623,0.023619,0.023495,0.023333,0.023143,0.023099,0.023124,0.022902,0.022556,0.022205,0.022034,0.022283,0.021725,0.021097,0.020305,0.019616,0.019062,0.018659,0.018358,0.01813,0.018062,0.018156,0.018423,0.01881,0.019329,0.019965,0.02065,0.021427,0.022176,0.022317,0.022639,0.023006,0.023431,0.023749,0.024055,0.02442,0.024872,0.025851,0.028134,0.02728,0.02604,0.024742,0.02357,0.022549,0.02171,0.021084,0.020704,0.020588,0.020741,0.021152,0.021796,0.022647,0.023679,0.024867,0.026139,0.026782,0.022273,0.022477,0.022736,0.022962,0.022929,0.023097,0.02322,0.023071,0.022771,0.022459,0.022348,0.022086,0.021858,0.02096,0.020594,0.020287,0.019955,0.019667,0.019382,0.01912,0.018857,0.018542,0.017906,0.017456,0.017076,0.016717,0.016366,0.016025,0.015694,0.015373,0.015064,0.014767,0.014482,0.014211,0.013954,0.013712,0.013486,0.013276,0.013084,0.012909,0.012753,0.012616,0.012499,0.012403,0.012328,0.012274,0.012242,0.012231,0.012243,0.012277,0.012333,0.01241,0.012509,0.012629,0.012769,0.012929,0.013109,0.013307,0.013523,0.013755,0.014004,0.014269,0.014548,0.01484,0.015146,0.015463,0.015792,0.016132,0.016481,0.01684,0.017208,0.017584,0.017968,0.018358,0.018756,0.019159,0.019569,0.019984,0.020404,0.020829,0.021258,0.021692,0.02213,0.022571,0.023016,0.023465,0.023916,NaN,NaN,NaN,NaN,NaN,NaN,NaN,NaN,NaN,NaN,NaN,NaN,NaN,NaN,NaN,NaN,NaN,NaN,NaN,NaN,NaN,NaN,NaN,NaN,NaN,NaN,NaN,NaN,NaN,NaN,NaN,NaN,NaN,NaN,NaN,NaN,NaN,NaN,NaN,NaN,NaN,NaN,NaN,NaN,NaN,NaN,NaN,NaN,NaN
0.026786,0.026117,0.025455,0.0248,0.024152,0.023513,0.022882,0.022261,0.021651,0.021053,0.020468,0.019897,0.019341,0.018802,0.018281,0.01778,0.0173,0.016843,0.016412,0.016007,0.015632,0.015287,0.014975,0.014699,0.014459,0.014258,0.014117,0.014013,0.013922,0.013873,0.013867,0.013904,0.013982,0.014102,0.014261,0.014459,0.014694,0.014964,0.015268,0.015603,0.015969,0.016362,0.016771,0.017203,0.017663,0.018144,0.018645,0.019165,0.019701,0.020252,0.020818,0.021399,0.021954,0.022503,0.022876,0.023186,0.023488,0.023735,0.023827,0.023765,0.023695,0.023561,0.023405,0.023272,0.023347,0.022979,0.022533,0.022184,0.021913,0.022076,0.02171,0.021081,0.020262,0.01953,0.019021,0.018602,0.018271,0.018084,0.01808,0.018257,0.018608,0.019074,0.019711,0.020479,0.02136,0.022312,0.023101,0.023148,0.023436,0.023748,0.024048,0.024317,0.024577,0.024928,0.025257,0.025952,0.028023,0.02724,0.026206,0.024948,0.023686,0.022569,0.021625,0.020884,0.02041,0.02014,0.020135,0.020391,0.020891,0.021615,0.022538,0.023638,0.024816,0.025653,0.022091,0.022447,0.022862,0.023366,0.023725,0.02387,0.024018,0.023788,0.023553,0.023243,0.022997,0.02272,0.022379,0.021466,0.021049,0.020719,0.020436,0.020141,0.019867,0.0196,0.01932,0.019013,0.018387,0.017921,0.017543,0.017173,0.016812,0.016459,0.016116,0.015783,0.015461,0.01515,0.014852,0.014566,0.014294,0.014036,0.013794,0.013567,0.013357,0.013164,0.012989,0.012834,0.012697,0.012581,0.012486,0.012412,0.012359,0.012329,0.012321,0.012334,0.01237,0.012429,0.012509,0.01261,0.012733,0.012876,0.013039,0.013222,0.013423,0.013642,0.013878,0.01413,0.014398,0.01468,0.014975,0.015284,0.015604,0.015936,0.016279,0.016632,0.016994,0.017364,0.017743,0.01813,0.018523,0.018924,0.01933,0.019743,0.020161,0.020584,0.021012,0.021445,0.021881,0.022322,0.022767,0.023215,0.023666,0.024121,NaN,NaN,NaN,NaN,NaN,NaN,NaN,NaN,NaN,NaN,NaN,NaN,NaN,NaN,NaN,NaN,NaN,NaN,NaN,NaN,NaN,NaN,NaN,NaN,NaN,NaN,NaN,NaN,NaN,NaN,NaN,NaN,NaN,NaN,NaN,NaN,NaN,NaN,NaN,NaN,NaN,NaN,NaN,NaN,NaN,NaN,NaN,NaN
0.026928,0.026231,0.025545,0.024873,0.02422,0.023587,0.022971,0.022369,0.021697,0.021093,0.020502,0.019926,0.019366,0.018823,0.018299,0.017796,0.017315,0.016858,0.016427,0.016024,0.01565,0.015309,0.015001,0.014728,0.014494,0.014299,0.014145,0.014154,0.014038,0.013973,0.013966,0.01402,0.01413,0.01429,0.0144,0.014601,0.01484,0.015115,0.015423,0.015762,0.016132,0.016561,0.01697,0.017404,0.017862,0.018343,0.018845,0.019369,0.019912,0.020474,0.021053,0.021649,0.022242,0.022786,0.023181,0.023481,0.023792,0.023925,0.023956,0.02394,0.023809,0.023544,0.023404,0.023211,0.023101,0.022667,0.022232,0.021895,0.021644,0.021595,0.021272,0.020671,0.019941,0.019363,0.018857,0.018467,0.018173,0.017988,0.017959,0.018083,0.018366,0.018753,0.019281,0.019931,0.020635,0.021426,0.022214,0.022534,0.022888,0.023255,0.023664,0.023932,0.024253,0.024655,0.025089,0.025927,0.028449,0.027674,0.026442,0.025083,0.02387,0.02276,0.021836,0.02113,0.020678,0.020501,0.020609,0.020988,0.021617,0.022467,0.023509,0.024716,0.026068,0.027028,0.022725,0.022774,0.023014,0.023138,0.023117,0.023261,0.023076,0.022956,0.022798,0.022393,0.022363,0.022172,0.021954,0.02098,0.020662,0.020404,0.0201,0.019851,0.019589,0.01935,0.019082,0.018768,0.018202,0.017708,0.017343,0.016988,0.016624,0.016283,0.015951,0.015628,0.015316,0.015016,0.014726,0.014449,0.014186,0.013935,0.0137,0.013479,0.013274,0.013086,0.012915,0.012762,0.012628,0.012512,0.012417,0.012341,0.012286,0.012252,0.012239,0.012247,0.012276,0.012326,0.012397,0.012489,0.012601,0.012732,0.012883,0.013053,0.013241,0.013446,0.013668,0.013906,0.014159,0.014426,0.014706,0.015,0.015305,0.015622,0.015949,0.016286,0.016633,0.016988,0.017351,0.017723,0.018101,0.018486,0.018877,0.019275,0.019678,0.020086,0.020498,0.020916,0.021375,0.021781,0.022232,0.022632,0.023061,0.023524,0.02401,NaN,NaN,NaN,NaN,NaN,NaN,NaN,NaN,NaN,NaN,NaN,NaN,NaN,NaN,NaN,NaN,NaN,NaN,NaN,NaN,NaN,NaN,NaN,NaN,NaN,NaN,NaN,NaN,NaN,NaN,NaN,NaN,NaN,NaN,NaN,NaN,NaN,NaN,NaN,NaN,NaN,NaN,NaN,NaN,NaN,NaN,NaN
0.026904,0.026227,0.025556,0.024893,0.024237,0.02359,0.022952,0.022324,0.021708,0.021103,0.020512,0.019936,0.019376,0.018833,0.01831,0.017806,0.017325,0.016868,0.016436,0.016032,0.015658,0.015316,0.015008,0.014738,0.014498,0.014297,0.014137,0.014039,0.013958,0.013921,0.013927,0.013976,0.014068,0.014201,0.014375,0.014587,0.014836,0.01512,0.015438,0.015787,0.016166,0.01656,0.016989,0.017442,0.017917,0.018439,0.018945,0.019469,0.02001,0.020567,0.021139,0.021732,0.022291,0.022797,0.02314,0.023423,0.023707,0.02395,0.023973,0.023872,0.02361,0.023413,0.023111,0.022901,0.022753,0.022353,0.021922,0.021527,0.021343,0.021255,0.02094,0.020402,0.019772,0.019359,0.019004,0.018604,0.018333,0.018155,0.018118,0.018215,0.018473,0.018865,0.019337,0.019923,0.020585,0.021306,0.022015,0.022342,0.022644,0.022983,0.023326,0.023642,0.023963,0.024402,0.024994,0.025785,0.028767,0.027891,0.02648,0.025131,0.023885,0.022763,0.021841,0.021158,0.02075,0.020643,0.020841,0.021329,0.022078,0.023053,0.024224,0.02556,0.026924,0.02789,0.022875,0.022847,0.022935,0.023097,0.023107,0.023107,0.023137,0.022912,0.022521,0.022313,0.02229,0.022149,0.021791,0.021045,0.020612,0.020309,0.02002,0.019756,0.019499,0.019248,0.01898,0.018675,0.01821,0.017711,0.01734,0.016988,0.016645,0.01631,0.015984,0.015668,0.015362,0.015067,0.014783,0.014511,0.014252,0.014007,0.013776,0.013559,0.013358,0.013173,0.013005,0.012854,0.012722,0.012608,0.012513,0.012437,0.012381,0.012346,0.012331,0.012336,0.012362,0.012408,0.012475,0.012561,0.012668,0.012793,0.012938,0.013101,0.013281,0.013479,0.013692,0.013922,0.014166,0.014425,0.014696,0.014981,0.015278,0.015585,0.015904,0.016232,0.01657,0.016916,0.017271,0.017634,0.018003,0.01838,0.018763,0.019152,0.019546,0.019946,0.020351,0.02076,0.021174,0.021673,0.02221,0.022541,0.022836,0.023255,0.023804,0.024426,NaN,NaN,NaN,NaN,NaN,NaN,NaN,NaN,NaN,NaN,NaN,NaN,NaN,NaN,NaN,NaN,NaN,NaN,NaN,NaN,NaN,NaN,NaN,NaN,NaN,NaN,NaN,NaN,NaN,NaN,NaN,NaN,NaN,NaN,NaN,NaN,NaN,NaN,NaN,NaN,NaN,NaN,NaN,NaN,NaN,NaN
0.026809,0.026143,0.025482,0.024828,0.024182,0.023544,0.022915,0.022295,0.021685,0.021087,0.020502,0.019929,0.019372,0.018831,0.018308,0.017803,0.01732,0.01686,0.016425,0.016016,0.015637,0.015288,0.014972,0.014692,0.014448,0.014244,0.014079,0.013956,0.013874,0.013836,0.01384,0.013886,0.013974,0.014094,0.014257,0.014459,0.014698,0.014971,0.015277,0.015614,0.015969,0.016359,0.016775,0.017215,0.017677,0.018159,0.018661,0.019176,0.019708,0.020255,0.020816,0.021389,0.021952,0.022478,0.022847,0.023126,0.023411,0.023608,0.023703,0.023577,0.023434,0.023282,0.023244,0.023199,0.02316,0.022807,0.022443,0.022072,0.0218,0.021886,0.021685,0.021122,0.020416,0.019944,0.019455,0.01901,0.018629,0.018407,0.018312,0.01837,0.018579,0.018949,0.019423,0.020014,0.020702,0.021495,0.02211,0.022298,0.022603,0.022845,0.02314,0.023461,0.023813,0.024178,0.024647,0.025426,0.027813,0.026983,0.025806,0.024564,0.023444,0.02247,0.021671,0.021077,0.020718,0.020614,0.020769,0.021172,0.021798,0.022623,0.02362,0.024767,0.025895,0.02685,0.022293,0.022361,0.022659,0.022778,0.022781,0.022872,0.02284,0.022719,0.022564,0.022479,0.022353,0.022251,0.022072,0.021224,0.020859,0.020586,0.020359,0.020139,0.019926,0.019715,0.019497,0.019197,0.018574,0.018091,0.017701,0.017342,0.016991,0.016648,0.016315,0.015976,0.015659,0.015352,0.015057,0.014774,0.014503,0.014246,0.014003,0.013775,0.013562,0.013366,0.013186,0.013024,0.01288,0.012755,0.012649,0.012563,0.012497,0.012451,0.012426,0.012422,0.012439,0.012477,0.012536,0.012615,0.012715,0.012835,0.012974,0.013132,0.013308,0.013502,0.013713,0.013941,0.014183,0.014441,0.014713,0.014997,0.015295,0.015604,0.015924,0.016255,0.016596,0.016946,0.017304,0.017706,0.018071,0.01854,0.018899,0.019266,0.019691,0.02006,0.020439,0.020829,0.021374,0.021969,0.022429,0.022593,0.022336,0.022424,0.023053,0.024143,0.025479,NaN,NaN,NaN,NaN,NaN,NaN,NaN,NaN,NaN,NaN,NaN,NaN,NaN,NaN,NaN,NaN,NaN,NaN,NaN,NaN,NaN,NaN,NaN,NaN,NaN,NaN,NaN,NaN,NaN,NaN,NaN,NaN,NaN,NaN,NaN,NaN,NaN,NaN,NaN,NaN,NaN,NaN,NaN,NaN,NaN
0.026769,0.026105,0.025449,0.024799,0.024156,0.023521,0.022895,0.022278,0.021672,0.021076,0.020493,0.019924,0.019369,0.018829,0.018308,0.017805,0.017323,0.016863,0.016428,0.016019,0.015639,0.015289,0.014972,0.01469,0.014444,0.014236,0.014068,0.013941,0.013856,0.013813,0.013812,0.013853,0.013936,0.014059,0.014205,0.014402,0.014635,0.014903,0.015203,0.015535,0.015896,0.016285,0.016699,0.017137,0.017597,0.018077,0.018577,0.019094,0.019627,0.020176,0.020738,0.021309,0.021872,0.022374,0.022702,0.022963,0.02322,0.023484,0.023497,0.023423,0.02327,0.023149,0.023045,0.022983,0.023016,0.022651,0.022316,0.022,0.021879,0.02181,0.021549,0.021008,0.020374,0.019777,0.019273,0.018859,0.01861,0.018321,0.018189,0.018217,0.018404,0.018749,0.019226,0.01983,0.020539,0.021306,0.022112,0.022363,0.02274,0.023071,0.023504,0.023847,0.024257,0.024696,0.025163,0.026154,0.0286,0.027809,0.026697,0.025406,0.024164,0.023027,0.022083,0.021369,0.020955,0.020776,0.020898,0.021307,0.021979,0.022882,0.023963,0.025232,0.026561,0.027362,0.02247,0.022549,0.022609,0.022873,0.022735,0.022814,0.022684,0.02261,0.022426,0.022318,0.022294,0.022039,0.021782,0.021085,0.020781,0.020493,0.020253,0.020032,0.019833,0.019641,0.019544,0.01921,0.018549,0.018098,0.017691,0.01733,0.01699,0.016669,0.016367,0.01596,0.015663,0.015379,0.015107,0.014766,0.014497,0.014241,0.013998,0.013768,0.013553,0.013353,0.013168,0.013,0.012848,0.012713,0.012597,0.012498,0.012419,0.012358,0.012318,0.012296,0.012295,0.012313,0.012351,0.012409,0.012487,0.012584,0.012699,0.012834,0.012986,0.013156,0.013342,0.013545,0.013763,0.013997,0.014244,0.014505,0.014778,0.015064,0.015361,0.015668,0.015986,0.016314,0.01665,0.016994,0.017347,0.017706,0.018073,0.018446,0.018879,0.019371,0.019723,0.020182,0.02052,0.021015,0.021494,0.021918,0.022258,0.022507,0.022903,0.023465,0.024154,0.024914,NaN,NaN,NaN,NaN,NaN,NaN,NaN,NaN,NaN,NaN,NaN,NaN,NaN,NaN,NaN,NaN,NaN,NaN,NaN,NaN,NaN,NaN,NaN,NaN,NaN,NaN,NaN,NaN,NaN,NaN,NaN,NaN,NaN,NaN,NaN,NaN,NaN,NaN,NaN,NaN,NaN,NaN,NaN,NaN
0.026806,0.026133,0.025468,0.024811,0.024163,0.023525,0.0229,0.022287,0.021688,0.021104,0.020534,0.01998,0.019442,0.018889,0.018372,0.017875,0.017399,0.016945,0.016515,0.016112,0.015737,0.015383,0.015062,0.014775,0.014524,0.01431,0.014136,0.014003,0.01391,0.01386,0.013851,0.013884,0.013958,0.014073,0.014242,0.014424,0.014643,0.014897,0.015184,0.015504,0.015854,0.016233,0.016639,0.017071,0.017527,0.018006,0.018505,0.019022,0.019557,0.020108,0.020673,0.021258,0.021788,0.022295,0.022631,0.022909,0.023175,0.023291,0.02333,0.023215,0.023097,0.02292,0.022818,0.022636,0.022496,0.022216,0.021953,0.021693,0.021786,0.022139,0.021906,0.021379,0.020641,0.019978,0.019495,0.019106,0.018768,0.018515,0.018455,0.018492,0.0186,0.018893,0.019291,0.019802,0.020407,0.021082,0.02173,0.022044,0.022355,0.022652,0.022994,0.023298,0.023655,0.024111,0.024571,0.025567,0.028087,0.027295,0.026187,0.024923,0.023731,0.022698,0.021858,0.021246,0.020934,0.020853,0.021061,0.021544,0.022275,0.023223,0.024357,0.025649,0.026835,0.027671,0.022095,0.022018,0.022247,0.022309,0.022427,0.022398,0.022368,0.022264,0.022209,0.021924,0.021823,0.021674,0.021535,0.020726,0.020361,0.020128,0.019904,0.019687,0.019491,0.019302,0.01912,0.018867,0.018261,0.01771,0.017345,0.017004,0.01667,0.016344,0.016025,0.015715,0.015414,0.015122,0.014839,0.014568,0.014307,0.014058,0.013821,0.013596,0.013386,0.013189,0.013007,0.012839,0.012688,0.012553,0.012435,0.012334,0.01225,0.012185,0.012138,0.01211,0.0121,0.012109,0.012137,0.012184,0.01225,0.012334,0.012436,0.012556,0.012693,0.012848,0.013018,0.013205,0.013406,0.013622,0.013852,0.014095,0.014351,0.014618,0.014897,0.015186,0.015486,0.015795,0.016112,0.016438,0.016772,0.017113,0.017461,0.017816,0.018226,0.018582,0.018943,0.01931,0.019683,0.020168,0.020558,0.020896,0.02125,0.021625,0.022028,0.022457,0.022909,0.023375,0.023851,NaN,NaN,NaN,NaN,NaN,NaN,NaN,NaN,NaN,NaN,NaN,NaN,NaN,NaN,NaN,NaN,NaN,NaN,NaN,NaN,NaN,NaN,NaN,NaN,NaN,NaN,NaN,NaN,NaN,NaN,NaN,NaN,NaN,NaN,NaN,NaN,NaN,NaN,NaN,NaN,NaN,NaN,NaN
0.026774,0.026102,0.025437,0.024778,0.024129,0.023488,0.022857,0.022238,0.021631,0.021038,0.02046,0.019896,0.019349,0.018819,0.018307,0.017816,0.017326,0.016869,0.016437,0.016032,0.015655,0.015309,0.014997,0.014719,0.014477,0.014274,0.014111,0.014049,0.013954,0.013901,0.013891,0.013923,0.013997,0.014111,0.014266,0.014459,0.014689,0.014955,0.015254,0.015585,0.015947,0.016337,0.016753,0.017179,0.017637,0.018116,0.018615,0.019133,0.019668,0.020218,0.020783,0.021365,0.021944,0.02242,0.022773,0.023049,0.023342,0.023501,0.023578,0.023496,0.02336,0.023231,0.023089,0.022917,0.023146,0.022846,0.022444,0.022051,0.02188,0.02206,0.021777,0.021102,0.020356,0.019742,0.019207,0.018812,0.018532,0.018246,0.018114,0.01814,0.018328,0.018655,0.01912,0.01971,0.020348,0.021121,0.021841,0.02208,0.02244,0.022815,0.02322,0.023605,0.02399,0.024446,0.024994,0.025855,0.028419,0.027568,0.026369,0.025104,0.023904,0.022858,0.022006,0.021359,0.020965,0.020844,0.021002,0.021425,0.022088,0.022963,0.02402,0.025234,0.026478,0.027392,0.022305,0.022246,0.02237,0.022494,0.022542,0.022473,0.022402,0.022118,0.022018,0.021845,0.021668,0.021533,0.02138,0.020595,0.020344,0.020162,0.019961,0.019805,0.019657,0.019517,0.019384,0.019108,0.018287,0.017789,0.017415,0.017059,0.016726,0.016401,0.016082,0.015772,0.01547,0.015177,0.014893,0.014619,0.014355,0.014102,0.013861,0.013631,0.013415,0.013211,0.013021,0.012846,0.012686,0.012541,0.012412,0.012299,0.012204,0.012126,0.012065,0.012023,0.011998,0.011992,0.012004,0.012035,0.012084,0.012152,0.012237,0.01234,0.01246,0.012597,0.012751,0.012921,0.013106,0.013305,0.013519,0.013746,0.013986,0.014239,0.014503,0.014778,0.015063,0.015358,0.015662,0.015974,0.016295,0.016624,0.016959,0.017302,0.01765,0.018005,0.018365,0.018731,0.019102,0.019477,0.019856,0.02024,0.020628,0.021019,0.021414,0.021812,0.022213,0.022617,0.023024,0.023433,NaN,NaN,NaN,NaN,NaN,NaN,NaN,NaN,NaN,NaN,NaN,NaN,NaN,NaN,NaN,NaN,NaN,NaN,NaN,NaN,NaN,NaN,NaN,NaN,NaN,NaN,NaN,NaN,NaN,NaN,NaN,NaN,NaN,NaN,NaN,NaN,NaN,NaN,NaN,NaN,NaN,NaN
0.026784,0.026116,0.025454,0.024799,0.024152,0.023514,0.022887,0.02227,0.021665,0.021074,0.020497,0.019934,0.019387,0.018857,0.018345,0.017852,0.017353,0.016894,0.01646,0.016052,0.015673,0.015324,0.015008,0.014726,0.014481,0.014273,0.014105,0.013977,0.01389,0.013846,0.013843,0.013882,0.013963,0.014065,0.014204,0.014394,0.01462,0.01488,0.015174,0.015499,0.015853,0.016235,0.016642,0.017064,0.017514,0.017985,0.018475,0.018983,0.019507,0.020046,0.020599,0.021171,0.021727,0.022168,0.022496,0.022804,0.023109,0.023334,0.023463,0.023501,0.023399,0.02321,0.023006,0.022902,0.022945,0.022601,0.022312,0.021994,0.021992,0.022165,0.021876,0.021239,0.020525,0.020049,0.019417,0.019024,0.018683,0.0184,0.018267,0.018286,0.018451,0.018756,0.019188,0.019737,0.020389,0.021128,0.021802,0.022085,0.022348,0.022665,0.023013,0.023289,0.023624,0.023953,0.024402,0.025145,0.027696,0.027096,0.026104,0.02488,0.023737,0.022732,0.021913,0.021309,0.020981,0.020879,0.021053,0.021492,0.022174,0.02307,0.02411,0.025337,0.026607,0.027636,0.022008,0.022189,0.022316,0.02245,0.022274,0.022278,0.022341,0.022257,0.021976,0.021676,0.021642,0.021399,0.02119,0.020339,0.020066,0.019846,0.019637,0.019452,0.019274,0.019103,0.018923,0.018644,0.018065,0.017454,0.017103,0.016774,0.016451,0.016135,0.015826,0.015525,0.015232,0.014947,0.014671,0.014405,0.014148,0.013902,0.013667,0.013444,0.013233,0.013034,0.012849,0.012677,0.01252,0.012378,0.012251,0.01214,0.012045,0.011967,0.011905,0.011861,0.011835,0.011826,0.011834,0.011861,0.011905,0.011966,0.012045,0.012141,0.012253,0.012382,0.012526,0.012686,0.012861,0.01305,0.013253,0.013469,0.013698,0.013938,0.01419,0.014452,0.014725,0.015007,0.015298,0.015629,0.015929,0.016237,0.016552,0.016875,0.017204,0.017539,0.017881,0.018228,0.018581,0.018989,0.019339,0.019696,0.020059,0.020429,0.020807,0.021193,0.021587,0.021987,0.022394,0.022804,0.023219,NaN,NaN,NaN,NaN,NaN,NaN,NaN,NaN,NaN,NaN,NaN,NaN,NaN,NaN,NaN,NaN,NaN,NaN,NaN,NaN,NaN,NaN,NaN,NaN,NaN,NaN,NaN,NaN,NaN,NaN,NaN,NaN,NaN,NaN,NaN,NaN,NaN,NaN,NaN,NaN,NaN
0.026878,0.026191,0.025511,0.02484,0.024178,0.023527,0.022889,0.022264,0.021655,0.021062,0.020485,0.019925,0.019383,0.018859,0.018355,0.017786,0.017304,0.016845,0.016412,0.016008,0.015635,0.015295,0.01499,0.014721,0.01449,0.014298,0.0142,0.014148,0.014059,0.014014,0.014011,0.014052,0.014135,0.014259,0.014406,0.014605,0.014842,0.015107,0.015409,0.015743,0.016094,0.016484,0.01689,0.017328,0.01779,0.018273,0.018776,0.019298,0.019837,0.020392,0.020961,0.021552,0.022117,0.022647,0.022974,0.023202,0.023475,0.023716,0.023791,0.023652,0.023471,0.023338,0.023149,0.023239,0.023113,0.022718,0.022312,0.02189,0.02166,0.021485,0.021282,0.020778,0.020106,0.019602,0.019162,0.018801,0.01857,0.018327,0.018224,0.018261,0.018468,0.018765,0.019183,0.019711,0.020332,0.021047,0.021721,0.022018,0.022296,0.02262,0.023024,0.023334,0.023735,0.024172,0.024668,0.025615,0.028239,0.027588,0.026365,0.025095,0.023936,0.022936,0.022128,0.021546,0.021259,0.021192,0.021411,0.021901,0.022638,0.023589,0.024725,0.02602,0.027349,0.027811,0.022354,0.022181,0.022018,0.022077,0.022065,0.022122,0.022142,0.021916,0.021661,0.021245,0.021224,0.021042,0.020813,0.020112,0.019844,0.019608,0.019412,0.019216,0.019046,0.018882,0.018701,0.018438,0.017671,0.017204,0.016856,0.016537,0.016225,0.015919,0.015619,0.015327,0.015043,0.014767,0.014499,0.014241,0.013992,0.013753,0.013524,0.013307,0.013101,0.012907,0.012726,0.012558,0.012403,0.012263,0.012137,0.012026,0.011931,0.011851,0.011787,0.01174,0.01171,0.011696,0.011699,0.011719,0.011756,0.011809,0.011879,0.011966,0.012069,0.012187,0.01232,0.012469,0.012632,0.012809,0.012999,0.013202,0.013417,0.013645,0.013883,0.014131,0.01439,0.014658,0.014935,0.015221,0.015514,0.015816,0.016124,0.016439,0.01676,0.017087,0.017419,0.017757,0.0181,0.018448,0.018799,0.019155,0.019515,0.019879,0.020246,0.020735,0.021073,0.021421,0.021789,0.022181,0.022592,0.023013,NaN,NaN,NaN,NaN,NaN,NaN,NaN,NaN,NaN,NaN,NaN,NaN,NaN,NaN,NaN,NaN,NaN,NaN,NaN,NaN,NaN,NaN,NaN,NaN,NaN,NaN,NaN,NaN,NaN,NaN,NaN,NaN,NaN,NaN,NaN,NaN,NaN,NaN,NaN,NaN
0.026781,0.026111,0.025449,0.024793,0.024146,0.023508,0.02288,0.022264,0.02166,0.021069,0.020492,0.01993,0.019383,0.018853,0.01834,0.017823,0.01734,0.016879,0.016443,0.016034,0.015653,0.015302,0.014985,0.014702,0.014455,0.014247,0.014079,0.013952,0.013866,0.013822,0.013821,0.013862,0.013944,0.014067,0.014229,0.01443,0.014666,0.014932,0.015232,0.015562,0.015922,0.01631,0.016713,0.017146,0.017602,0.018078,0.018574,0.019087,0.019617,0.020161,0.02072,0.021298,0.021857,0.022331,0.022658,0.022897,0.023141,0.023339,0.023431,0.023384,0.023266,0.023111,0.022992,0.022919,0.022959,0.022843,0.022458,0.022078,0.022072,0.022045,0.02184,0.021293,0.020643,0.020051,0.019555,0.019078,0.018777,0.018528,0.018423,0.018471,0.018689,0.01898,0.019392,0.019915,0.020538,0.021186,0.021735,0.02199,0.02227,0.022547,0.022903,0.023185,0.023538,0.023878,0.024294,0.025094,0.027368,0.026757,0.025923,0.024794,0.023713,0.022774,0.022002,0.021427,0.021104,0.020982,0.021112,0.021484,0.022076,0.022865,0.023825,0.024934,0.025994,0.026535,0.021744,0.021509,0.021601,0.02161,0.02181,0.021867,0.021743,0.02156,0.021558,0.021417,0.021463,0.021377,0.021226,0.020451,0.020178,0.019979,0.019869,0.019745,0.019645,0.019553,0.019434,0.019108,0.018384,0.017653,0.017299,0.016971,0.016649,0.016333,0.016024,0.015721,0.015425,0.015137,0.014857,0.014586,0.014323,0.01407,0.013826,0.013593,0.013371,0.01316,0.012961,0.012775,0.012601,0.012441,0.012295,0.012163,0.012046,0.011945,0.011859,0.011789,0.011736,0.011699,0.011679,0.011676,0.01169,0.011721,0.011769,0.011833,0.011915,0.012012,0.012126,0.012255,0.012399,0.012559,0.012732,0.012919,0.013119,0.013332,0.013557,0.013793,0.01404,0.014297,0.014564,0.01484,0.015125,0.015418,0.015718,0.016026,0.016341,0.016662,0.016989,0.017322,0.01766,0.018003,0.018351,0.018704,0.019061,0.019421,0.019786,0.020154,0.020525,0.020899,0.021277,0.021657,0.02204,0.022426,0.022814,NaN,NaN,NaN,NaN,NaN,NaN,NaN,NaN,NaN,NaN,NaN,NaN,NaN,NaN,NaN,NaN,NaN,NaN,NaN,NaN,NaN,NaN,NaN,NaN,NaN,NaN,NaN,NaN,NaN,NaN,NaN,NaN,NaN,NaN,NaN,NaN,NaN,NaN,NaN
0.02669,0.026033,0.025382,0.024738,0.024101,0.023472,0.022851,0.022239,0.021637,0.021047,0.020468,0.019902,0.01935,0.018813,0.018294,0.017792,0.017311,0.016851,0.016415,0.016005,0.015622,0.015269,0.014948,0.01466,0.014408,0.014194,0.014019,0.013884,0.01379,0.013737,0.013727,0.013758,0.013831,0.013944,0.014097,0.014287,0.014514,0.014776,0.015071,0.015398,0.015753,0.016136,0.016545,0.016978,0.017433,0.017909,0.018404,0.018917,0.019446,0.019991,0.020664,0.021195,0.021733,0.022202,0.022586,0.022927,0.023291,0.023595,0.023609,0.023665,0.023643,0.023529,0.023424,0.023332,0.023476,0.023145,0.022761,0.022345,0.022201,0.022286,0.02189,0.021425,0.020723,0.019939,0.019382,0.018957,0.018637,0.018347,0.018208,0.018222,0.018373,0.018668,0.019092,0.019633,0.02026,0.020946,0.021616,0.021866,0.022228,0.022528,0.022911,0.023278,0.023665,0.02407,0.024561,0.025456,0.027909,0.027342,0.026599,0.025439,0.024196,0.023111,0.022217,0.021562,0.021156,0.021043,0.021229,0.0217,0.022426,0.023372,0.024503,0.025791,0.027134,0.027676,0.021573,0.021301,0.021354,0.02151,0.021444,0.021439,0.021365,0.021328,0.021182,0.021144,0.021019,0.020982,0.020916,0.020043,0.019776,0.019588,0.019468,0.019355,0.019248,0.019148,0.018987,0.018735,0.01808,0.017325,0.01699,0.016676,0.016359,0.016054,0.015755,0.015463,0.015178,0.0149,0.01463,0.014367,0.014114,0.013869,0.013634,0.013409,0.013194,0.01299,0.012798,0.012617,0.012449,0.012293,0.012151,0.012023,0.011908,0.011809,0.011724,0.011654,0.0116,0.011562,0.01154,0.011534,0.011544,0.01157,0.011612,0.01167,0.011745,0.011834,0.01194,0.01206,0.012195,0.012344,0.012506,0.012682,0.012871,0.013072,0.013285,0.013508,0.013743,0.013987,0.014241,0.014504,0.014775,0.015055,0.015342,0.015636,0.015937,0.016245,0.016558,0.016877,0.017202,0.017531,0.017865,0.018204,0.018547,0.018894,0.019244,0.019599,0.019956,0.020317,0.02068,0.021047,0.021416,0.021788,0.022162,0.022538,NaN,NaN,NaN,NaN,NaN,NaN,NaN,NaN,NaN,NaN,NaN,NaN,NaN,NaN,NaN,NaN,NaN,NaN,NaN,NaN,NaN,NaN,NaN,NaN,NaN,NaN,NaN,NaN,NaN,NaN,NaN,NaN,NaN,NaN,NaN,NaN,NaN,NaN
0.026949,0.026236,0.025553,0.024916,0.02431,0.023575,0.022941,0.022318,0.021705,0.021103,0.020514,0.019938,0.019378,0.018834,0.018308,0.017801,0.017316,0.016854,0.016417,0.016007,0.015626,0.015277,0.014962,0.014682,0.01444,0.014238,0.014076,0.013956,0.013879,0.013845,0.013854,0.013907,0.014001,0.014119,0.01429,0.014501,0.014747,0.015029,0.015344,0.015691,0.016066,0.016469,0.016897,0.017348,0.017822,0.018316,0.018829,0.01936,0.019906,0.020468,0.021054,0.02164,0.022196,0.022672,0.02303,0.0233,0.02359,0.023735,0.023821,0.023746,0.023595,0.023364,0.023057,0.022849,0.022748,0.02238,0.021964,0.021532,0.021311,0.021375,0.021083,0.020641,0.020024,0.019484,0.019095,0.018731,0.018448,0.018227,0.018146,0.018205,0.01841,0.01873,0.019168,0.019713,0.020355,0.021085,0.021767,0.022007,0.022346,0.022641,0.022973,0.02332,0.023768,0.024193,0.024729,0.025767,0.028434,0.027687,0.026496,0.025238,0.024036,0.022988,0.022126,0.021485,0.021176,0.021021,0.021152,0.02156,0.022225,0.023118,0.024208,0.025462,0.026615,0.027257,0.021887,0.021981,0.021885,0.021894,0.021923,0.0218,0.021664,0.02158,0.021331,0.021087,0.021052,0.020886,0.020702,0.019793,0.019581,0.019424,0.019286,0.019156,0.019032,0.018913,0.01879,0.018581,0.017838,0.017174,0.016809,0.0165,0.016196,0.015897,0.015604,0.015318,0.015038,0.014765,0.0145,0.014243,0.013993,0.013753,0.013521,0.013299,0.013087,0.012885,0.012694,0.012515,0.012347,0.012192,0.01205,0.011921,0.011805,0.011704,0.011617,0.011544,0.011487,0.011445,0.011418,0.011407,0.011411,0.011431,0.011467,0.011518,0.011585,0.011666,0.011763,0.011875,0.012,0.01214,0.012293,0.012459,0.012637,0.012828,0.01303,0.013243,0.013466,0.013699,0.013942,0.014194,0.014454,0.014722,0.014998,0.015281,0.015571,0.015867,0.016169,0.016477,0.016791,0.017109,0.017432,0.017759,0.018091,0.018427,0.018767,0.01911,0.019456,0.019806,0.020159,0.020514,0.020873,0.021234,0.021597,0.021963,0.022331,NaN,NaN,NaN,NaN,NaN,NaN,NaN,NaN,NaN,NaN,NaN,NaN,NaN,NaN,NaN,NaN,NaN,NaN,NaN,NaN,NaN,NaN,NaN,NaN,NaN,NaN,NaN,NaN,NaN,NaN,NaN,NaN,NaN,NaN,NaN,NaN,NaN
0.026754,0.026091,0.025435,0.024785,0.024143,0.023509,0.022883,0.022267,0.021661,0.021067,0.020484,0.019915,0.01936,0.018822,0.0183,0.017798,0.017316,0.016857,0.016422,0.016014,0.015634,0.015285,0.014968,0.014686,0.01444,0.014233,0.014065,0.013937,0.013851,0.013808,0.013806,0.013847,0.013928,0.014051,0.014213,0.014402,0.014634,0.0149,0.015199,0.01553,0.015876,0.01626,0.016659,0.017088,0.01754,0.018012,0.018503,0.019012,0.019537,0.020077,0.020682,0.021245,0.021757,0.022248,0.022626,0.022954,0.023308,0.023565,0.023661,0.023708,0.023573,0.023437,0.023231,0.023191,0.023215,0.022868,0.022471,0.022105,0.022007,0.022047,0.021712,0.021113,0.020377,0.019761,0.019258,0.018911,0.018701,0.018461,0.018363,0.018407,0.018588,0.018919,0.019342,0.019875,0.020479,0.02119,0.021761,0.022036,0.022334,0.022677,0.022976,0.023297,0.023628,0.023995,0.02445,0.025121,0.027872,0.026984,0.025862,0.024708,0.023595,0.022629,0.021837,0.021252,0.020906,0.020807,0.020968,0.021375,0.022006,0.022833,0.023829,0.024971,0.02616,0.02692,0.021463,0.021326,0.021472,0.021558,0.021605,0.021546,0.021544,0.021505,0.021309,0.021258,0.021192,0.021038,0.020907,0.020016,0.019791,0.019594,0.019462,0.019349,0.019256,0.019172,0.019038,0.018646,0.01796,0.017218,0.016871,0.016563,0.016259,0.015961,0.015668,0.015382,0.015101,0.014828,0.014561,0.014302,0.014051,0.013807,0.013573,0.013347,0.013131,0.012924,0.012729,0.012544,0.01237,0.012208,0.012058,0.011921,0.011797,0.011687,0.01159,0.011507,0.011439,0.011386,0.011348,0.011325,0.011317,0.011325,0.011348,0.011386,0.01144,0.011508,0.011592,0.01169,0.011803,0.011929,0.012069,0.012223,0.012388,0.012566,0.012756,0.012957,0.013169,0.013391,0.013623,0.013863,0.014113,0.014371,0.014637,0.01491,0.01519,0.015476,0.015769,0.016068,0.016373,0.016682,0.016997,0.017316,0.017639,0.017967,0.018299,0.018634,0.018973,0.019315,0.01966,0.020009,0.02036,0.020714,0.02107,0.021429,0.02179,0.022153,NaN,NaN,NaN,NaN,NaN,NaN,NaN,NaN,NaN,NaN,NaN,NaN,NaN,NaN,NaN,NaN,NaN,NaN,NaN,NaN,NaN,NaN,NaN,NaN,NaN,NaN,NaN,NaN,NaN,NaN,NaN,NaN,NaN,NaN,NaN,NaN
0.026671,0.026013,0.025362,0.024717,0.02408,0.02345,0.02283,0.022218,0.021617,0.021027,0.02045,0.019885,0.019336,0.018802,0.018286,0.017788,0.017311,0.016856,0.016425,0.01602,0.015643,0.015295,0.014979,0.014697,0.014451,0.014262,0.014084,0.013947,0.01385,0.013795,0.013781,0.013809,0.013877,0.013986,0.014134,0.014319,0.014541,0.014798,0.015088,0.01541,0.015761,0.016139,0.016544,0.016974,0.017414,0.017879,0.018363,0.018866,0.019385,0.01992,0.020469,0.021045,0.021621,0.022079,0.022422,0.022696,0.023,0.023263,0.023364,0.023425,0.02335,0.023295,0.023199,0.023112,0.023345,0.023125,0.022718,0.022286,0.022193,0.022216,0.022004,0.021378,0.020717,0.020176,0.01962,0.019256,0.018941,0.018664,0.01853,0.018552,0.018726,0.019066,0.019514,0.020082,0.020757,0.021526,0.022253,0.02241,0.022695,0.023013,0.023346,0.023679,0.02398,0.024343,0.024718,0.025446,0.027802,0.027242,0.026085,0.024816,0.023672,0.02269,0.021901,0.021339,0.021035,0.021055,0.021289,0.021789,0.022529,0.02348,0.024613,0.025901,0.027147,0.027997,0.021554,0.02142,0.021327,0.021326,0.021047,0.021205,0.021103,0.021027,0.020704,0.02054,0.020568,0.020417,0.02028,0.019401,0.019268,0.019113,0.019009,0.018887,0.018766,0.018673,0.018562,0.018316,0.017497,0.016827,0.0165,0.016207,0.015918,0.015612,0.015332,0.015057,0.014787,0.014525,0.014269,0.01402,0.013779,0.013546,0.01332,0.013104,0.012896,0.012698,0.01251,0.012333,0.012166,0.01201,0.011866,0.011734,0.011614,0.011507,0.011414,0.011333,0.011267,0.011214,0.011176,0.011152,0.011142,0.011147,0.011167,0.011201,0.01125,0.011313,0.01139,0.011481,0.011586,0.011704,0.011835,0.011978,0.012134,0.012302,0.012481,0.01267,0.01287,0.01308,0.0133,0.013528,0.013765,0.01401,0.014263,0.014523,0.014789,0.015063,0.015342,0.015627,0.015918,0.016214,0.016514,0.01682,0.017129,0.017443,0.017761,0.018082,0.018407,0.018735,0.019066,0.0194,0.019737,0.020077,0.020419,0.020763,0.02111,0.021459,0.02181,NaN,NaN,NaN,NaN,NaN,NaN,NaN,NaN,NaN,NaN,NaN,NaN,NaN,NaN,NaN,NaN,NaN,NaN,NaN,NaN,NaN,NaN,NaN,NaN,NaN,NaN,NaN,NaN,NaN,NaN,NaN,NaN,NaN,NaN,NaN
0.026803,0.026127,0.025457,0.024796,0.024143,0.023499,0.022866,0.022245,0.021637,0.021044,0.020465,0.019902,0.019355,0.018826,0.018317,0.017808,0.017331,0.016878,0.016451,0.016051,0.01568,0.015341,0.015035,0.014763,0.014529,0.014333,0.014201,0.014077,0.013996,0.013956,0.013935,0.013975,0.014056,0.01416,0.014285,0.014462,0.014681,0.014934,0.015222,0.01554,0.015888,0.016264,0.016666,0.017093,0.017542,0.018012,0.018501,0.019009,0.019529,0.020065,0.020616,0.021179,0.021722,0.022209,0.022568,0.022859,0.023167,0.023393,0.023555,0.023543,0.023472,0.023283,0.023268,0.023218,0.023366,0.02301,0.022608,0.022199,0.022014,0.022103,0.021784,0.02116,0.020461,0.019913,0.01935,0.018909,0.018587,0.018331,0.018215,0.018246,0.018403,0.018655,0.019042,0.01954,0.020137,0.020789,0.021408,0.021686,0.021989,0.022351,0.022686,0.023054,0.02345,0.024039,0.024633,0.025432,0.028102,0.02731,0.026217,0.025067,0.023893,0.022865,0.022032,0.021431,0.021131,0.021072,0.02131,0.021818,0.022575,0.02355,0.024711,0.026027,0.027335,0.028068,0.021164,0.021106,0.021051,0.02115,0.02118,0.021235,0.021218,0.02096,0.020783,0.020473,0.020459,0.020308,0.020035,0.019325,0.019146,0.019005,0.018872,0.018721,0.018617,0.018519,0.018403,0.018129,0.017316,0.016632,0.016337,0.016047,0.015761,0.01548,0.015205,0.014936,0.014672,0.014414,0.014163,0.013918,0.013681,0.013451,0.01323,0.013016,0.012811,0.012616,0.012429,0.012253,0.012087,0.011932,0.011788,0.011655,0.011535,0.011426,0.011331,0.011248,0.011178,0.011122,0.01108,0.011051,0.011037,0.011036,0.011049,0.011077,0.011119,0.011174,0.011244,0.011327,0.011423,0.011532,0.011654,0.011789,0.011935,0.012093,0.012262,0.012442,0.012632,0.012832,0.013041,0.013259,0.013486,0.01372,0.013963,0.014212,0.014469,0.014732,0.015001,0.015276,0.015556,0.015842,0.016133,0.016428,0.016727,0.017031,0.017339,0.01765,0.017965,0.018283,0.018605,0.018929,0.019256,0.019586,0.019919,0.020254,0.020591,0.02093,0.021272,0.021615,NaN,NaN,NaN,NaN,NaN,NaN,NaN,NaN,NaN,NaN,NaN,NaN,NaN,NaN,NaN,NaN,NaN,NaN,NaN,NaN,NaN,NaN,NaN,NaN,NaN,NaN,NaN,NaN,NaN,NaN,NaN,NaN,NaN,NaN
0.026726,0.026065,0.02541,0.024762,0.024121,0.023488,0.022864,0.02225,0.021646,0.021053,0.020473,0.019906,0.019353,0.018817,0.018299,0.017799,0.01732,0.016863,0.016431,0.016024,0.015646,0.015297,0.014981,0.014699,0.014453,0.01427,0.014093,0.013957,0.013862,0.01381,0.013799,0.01383,0.013903,0.014017,0.014169,0.01436,0.014588,0.014851,0.015147,0.015474,0.015831,0.016216,0.016628,0.017063,0.017521,0.018001,0.018499,0.019016,0.019549,0.020097,0.020673,0.021249,0.021821,0.022332,0.022723,0.023001,0.023264,0.023429,0.023559,0.023483,0.023387,0.023157,0.023042,0.023005,0.022958,0.022632,0.022236,0.021868,0.021883,0.021905,0.021733,0.021139,0.020493,0.019875,0.019354,0.019026,0.018747,0.018485,0.018363,0.018382,0.01854,0.018848,0.019256,0.019777,0.020385,0.021079,0.021707,0.022034,0.022462,0.022828,0.023173,0.023476,0.023849,0.024285,0.024906,0.025523,0.028126,0.027277,0.026192,0.024948,0.023814,0.022828,0.022019,0.021417,0.021051,0.021071,0.021168,0.02152,0.022114,0.022928,0.023932,0.025097,0.026126,0.026539,0.021257,0.021159,0.021269,0.021267,0.021036,0.021018,0.021047,0.021009,0.020933,0.020769,0.020758,0.020579,0.020453,0.019778,0.019636,0.019529,0.019449,0.019412,0.019382,0.019359,0.019327,0.019078,0.018247,0.017216,0.016892,0.016592,0.016297,0.016006,0.01572,0.01544,0.015164,0.014895,0.014632,0.014375,0.014126,0.013883,0.013648,0.01342,0.013201,0.012991,0.012789,0.012598,0.012416,0.012244,0.012083,0.011933,0.011795,0.011669,0.011555,0.011454,0.011365,0.01129,0.011229,0.011181,0.011147,0.011128,0.011123,0.011132,0.011155,0.011193,0.011245,0.011311,0.011391,0.011485,0.011592,0.011712,0.011844,0.011989,0.012146,0.012315,0.012494,0.012684,0.012885,0.013094,0.013313,0.013541,0.013777,0.014021,0.014273,0.014531,0.014797,0.015068,0.015346,0.015629,0.015917,0.016211,0.016509,0.016812,0.017119,0.017431,0.017746,0.018064,0.018386,0.018711,0.01904,0.019371,0.019705,0.020041,0.02038,0.020721,0.021065,0.021411,0.021758,NaN,NaN,NaN,NaN,NaN,NaN,NaN,NaN,NaN,NaN,NaN,NaN,NaN,NaN,NaN,NaN,NaN,NaN,NaN,NaN,NaN,NaN,NaN,NaN,NaN,NaN,NaN,NaN,NaN,NaN,NaN,NaN,NaN
0.026648,0.025991,0.02534,0.024696,0.024059,0.02343,0.02281,0.022199,0.021599,0.021011,0.020435,0.019872,0.019325,0.018794,0.018281,0.017787,0.017314,0.016863,0.016437,0.016036,0.015664,0.015321,0.01501,0.014733,0.014491,0.014286,0.014133,0.014022,0.013922,0.013863,0.013845,0.013868,0.013931,0.014034,0.014159,0.014334,0.014545,0.014791,0.01507,0.015379,0.015706,0.01607,0.016459,0.016874,0.017311,0.01777,0.018249,0.018746,0.01926,0.019797,0.020333,0.02088,0.021408,0.021832,0.022168,0.022459,0.022763,0.023002,0.023102,0.02315,0.023102,0.02294,0.022867,0.022808,0.023035,0.022746,0.022449,0.02215,0.0221,0.022539,0.022281,0.021853,0.021149,0.020479,0.019976,0.019552,0.019165,0.018818,0.018569,0.018476,0.018556,0.018724,0.019017,0.019424,0.019935,0.020526,0.020982,0.021255,0.021587,0.021934,0.022396,0.022794,0.023223,0.023712,0.02436,0.025041,0.027835,0.027064,0.025956,0.024776,0.023704,0.02278,0.022034,0.021505,0.021212,0.021239,0.021456,0.02193,0.022636,0.023547,0.024634,0.025868,0.027093,0.027705,0.020712,0.020659,0.020815,0.020936,0.02075,0.02071,0.020677,0.02058,0.020455,0.020209,0.020252,0.020257,0.020075,0.019336,0.019171,0.019085,0.018957,0.018887,0.01883,0.018786,0.018753,0.018509,0.017582,0.016726,0.016405,0.016119,0.015837,0.01556,0.015288,0.015021,0.014759,0.014503,0.014253,0.014009,0.013772,0.013541,0.013318,0.013103,0.012895,0.012696,0.012506,0.012324,0.012153,0.011991,0.011839,0.011698,0.011568,0.011449,0.011342,0.011247,0.011165,0.011095,0.011038,0.010993,0.010962,0.010945,0.010941,0.01095,0.010973,0.01101,0.011059,0.011122,0.011199,0.011288,0.011389,0.011503,0.011629,0.011767,0.011916,0.012075,0.012246,0.012426,0.012616,0.012815,0.013023,0.01324,0.013464,0.013696,0.013935,0.014181,0.014434,0.014692,0.014956,0.015226,0.015501,0.015781,0.016066,0.016355,0.016648,0.016945,0.017246,0.01755,0.017858,0.018168,0.018482,0.018799,0.019118,0.01944,0.019764,0.020091,0.02042,0.020751,0.021084,0.021419,NaN,NaN,NaN,NaN,NaN,NaN,NaN,NaN,NaN,NaN,NaN,NaN,NaN,NaN,NaN,NaN,NaN,NaN,NaN,NaN,NaN,NaN,NaN,NaN,NaN,NaN,NaN,NaN,NaN,NaN,NaN,NaN
0.026677,0.026019,0.025369,0.024724,0.024087,0.023458,0.022838,0.022227,0.021626,0.021037,0.020459,0.019895,0.019346,0.018812,0.018296,0.017798,0.017321,0.016867,0.016436,0.016031,0.015654,0.015307,0.014992,0.01471,0.014464,0.014255,0.014084,0.013991,0.013893,0.013836,0.013821,0.013846,0.013913,0.01402,0.01415,0.014329,0.014546,0.014797,0.015081,0.015398,0.015744,0.016118,0.016518,0.016944,0.017392,0.017861,0.01835,0.018857,0.019381,0.019921,0.020474,0.02104,0.021585,0.022065,0.022389,0.022649,0.022948,0.023165,0.023219,0.023229,0.023152,0.023037,0.022893,0.02294,0.022971,0.022762,0.022484,0.02218,0.022135,0.022339,0.021995,0.021419,0.020711,0.020174,0.019645,0.019259,0.018969,0.018698,0.01857,0.018584,0.018735,0.019034,0.019408,0.019891,0.020471,0.021099,0.021692,0.021896,0.022215,0.022549,0.022821,0.023103,0.023436,0.023832,0.024294,0.025227,0.027553,0.026919,0.025838,0.024795,0.02365,0.02266,0.021871,0.021287,0.020947,0.020878,0.021093,0.021577,0.022303,0.023236,0.024345,0.025603,0.026764,0.027425,0.021173,0.020824,0.020995,0.020963,0.021075,0.020995,0.020785,0.020657,0.020525,0.020427,0.02046,0.020437,0.020228,0.019456,0.019253,0.019158,0.019091,0.019031,0.018976,0.018928,0.018885,0.018575,0.017509,0.016887,0.01659,0.016308,0.01603,0.015757,0.015489,0.015192,0.014929,0.01467,0.014418,0.014172,0.013932,0.013699,0.013472,0.013253,0.013042,0.012839,0.012644,0.012458,0.012281,0.012114,0.011956,0.011809,0.011673,0.011547,0.011433,0.011331,0.01124,0.011162,0.011097,0.011044,0.011005,0.010978,0.010965,0.010965,0.010978,0.011005,0.011045,0.011098,0.011165,0.011244,0.011336,0.01144,0.011557,0.011685,0.011825,0.011976,0.012137,0.012309,0.012491,0.012682,0.012882,0.013091,0.013308,0.013533,0.013765,0.014005,0.014251,0.014503,0.014761,0.015025,0.015295,0.015569,0.015849,0.016132,0.016421,0.016713,0.017009,0.017309,0.017612,0.017919,0.018229,0.018541,0.018857,0.019175,0.019496,0.019819,0.020144,0.020472,0.020801,0.021133,0.021466,NaN,NaN,NaN,NaN,NaN,NaN,NaN,NaN,NaN,NaN,NaN,NaN,NaN,NaN,NaN,NaN,NaN,NaN,NaN,NaN,NaN,NaN,NaN,NaN,NaN,NaN,NaN,NaN,NaN,NaN,NaN
0.026677,0.026019,0.025367,0.024722,0.024084,0.023454,0.022833,0.022221,0.02162,0.021029,0.020451,0.019887,0.019337,0.018803,0.018286,0.017789,0.017311,0.016856,0.016425,0.01602,0.015643,0.015295,0.01498,0.014698,0.014451,0.014242,0.01409,0.013952,0.013856,0.013801,0.013788,0.013816,0.013885,0.013994,0.014126,0.014309,0.014527,0.01478,0.015067,0.015384,0.015731,0.016106,0.016507,0.016932,0.01738,0.017848,0.018337,0.018843,0.019366,0.019904,0.020457,0.021034,0.021571,0.022052,0.022446,0.022745,0.023063,0.02327,0.023388,0.023354,0.023264,0.023146,0.023016,0.023052,0.023084,0.022834,0.022468,0.022173,0.02203,0.022215,0.021973,0.02134,0.020621,0.020001,0.019528,0.019132,0.018828,0.0185,0.01832,0.01829,0.018406,0.018661,0.019045,0.019542,0.020068,0.020734,0.021377,0.021614,0.021883,0.022212,0.022633,0.023014,0.023425,0.023868,0.024639,0.025675,0.027858,0.026947,0.025873,0.024718,0.023664,0.022748,0.021997,0.02144,0.021104,0.021006,0.021148,0.021515,0.022086,0.022836,0.023741,0.024785,0.025621,0.026233,0.020671,0.020389,0.020534,0.02065,0.020757,0.020788,0.020873,0.020819,0.020709,0.02071,0.020833,0.020869,0.020932,0.01993,0.019807,0.019683,0.019646,0.019621,0.019623,0.019633,0.019649,0.019485,0.018472,0.017407,0.017058,0.016763,0.016473,0.016188,0.015906,0.015629,0.015358,0.015091,0.01483,0.014575,0.014325,0.014082,0.013846,0.013617,0.013395,0.013181,0.012975,0.012777,0.012588,0.012408,0.012238,0.012078,0.011928,0.011789,0.011661,0.011544,0.011439,0.011346,0.011266,0.011198,0.011143,0.011101,0.011072,0.011057,0.011056,0.011067,0.011093,0.011132,0.011184,0.011249,0.011328,0.01142,0.011524,0.01164,0.011768,0.011908,0.01206,0.012222,0.012395,0.012577,0.012769,0.012971,0.013181,0.0134,0.013626,0.01386,0.014101,0.014349,0.014604,0.014864,0.01513,0.015402,0.015679,0.015961,0.016247,0.016538,0.016833,0.017132,0.017435,0.017741,0.01805,0.018363,0.018678,0.018997,0.019318,0.019642,0.019968,0.020296,0.020627,0.02096,0.021295,0.021631,NaN,NaN,NaN,NaN,NaN,NaN,NaN,NaN,NaN,NaN,NaN,NaN,NaN,NaN,NaN,NaN,NaN,NaN,NaN,NaN,NaN,NaN,NaN,NaN,NaN,NaN,NaN,NaN,NaN,NaN
0.026622,0.025972,0.025327,0.024689,0.024058,0.023435,0.02282,0.022214,0.021618,0.021033,0.02046,0.019899,0.019352,0.01882,0.018305,0.017808,0.017331,0.016875,0.016442,0.016034,0.015653,0.015302,0.014981,0.014693,0.014439,0.014222,0.014043,0.013903,0.013804,0.013744,0.013726,0.013749,0.013812,0.013891,0.014029,0.014204,0.014415,0.014661,0.014939,0.015249,0.015587,0.015954,0.016346,0.016762,0.017201,0.01766,0.018139,0.018635,0.019149,0.019677,0.02022,0.020774,0.02132,0.021845,0.022239,0.022601,0.022951,0.023255,0.023367,0.023409,0.023352,0.023268,0.023137,0.023175,0.023275,0.023006,0.022668,0.02232,0.022172,0.02219,0.022028,0.021594,0.020889,0.020283,0.019786,0.019309,0.019017,0.018695,0.018505,0.01845,0.018544,0.018745,0.019066,0.019497,0.020029,0.02063,0.021161,0.021485,0.021848,0.022243,0.02267,0.023089,0.023485,0.023912,0.02437,0.025146,0.027544,0.026744,0.025684,0.024591,0.023531,0.02261,0.021898,0.021325,0.020977,0.020885,0.021022,0.021395,0.021981,0.022753,0.023685,0.024755,0.025723,0.026159,0.020732,0.020647,0.020678,0.020625,0.020727,0.020537,0.020563,0.020559,0.020471,0.020409,0.020567,0.020504,0.020516,0.019729,0.019657,0.019678,0.019707,0.019727,0.019769,0.019805,0.019832,0.019626,0.018336,0.017439,0.017095,0.016751,0.016463,0.01618,0.015901,0.015627,0.015357,0.015092,0.014833,0.014578,0.01433,0.014088,0.013852,0.013623,0.013401,0.013187,0.01298,0.012781,0.01259,0.012409,0.012236,0.012073,0.01192,0.011778,0.011645,0.011524,0.011414,0.011316,0.01123,0.011156,0.011094,0.011045,0.011009,0.010986,0.010976,0.010979,0.010996,0.011025,0.011068,0.011124,0.011193,0.011275,0.011369,0.011475,0.011593,0.011723,0.011864,0.012016,0.012179,0.012352,0.012534,0.012726,0.012926,0.013136,0.013353,0.013578,0.01381,0.014049,0.014294,0.014546,0.014804,0.015068,0.015336,0.01561,0.015888,0.016171,0.016458,0.01675,0.017061,0.017353,0.017647,0.017946,0.018248,0.018555,0.018865,0.01918,0.019499,0.019823,0.02015,0.02048,0.020813,0.021148,0.021486,NaN,NaN,NaN,NaN,NaN,NaN,NaN,NaN,NaN,NaN,NaN,NaN,NaN,NaN,NaN,NaN,NaN,NaN,NaN,NaN,NaN,NaN,NaN,NaN,NaN,NaN,NaN,NaN,NaN
0.026599,0.025938,0.025283,0.024636,0.023996,0.023365,0.022743,0.022132,0.021532,0.020944,0.020371,0.019813,0.019271,0.018748,0.018244,0.017761,0.017299,0.016861,0.016448,0.01606,0.0157,0.01537,0.015071,0.014805,0.014581,0.01439,0.014233,0.014335,0.014159,0.014039,0.01399,0.014012,0.014091,0.014045,0.014165,0.014327,0.014528,0.014767,0.015041,0.015349,0.015688,0.015982,0.016363,0.016771,0.017202,0.017656,0.018131,0.018626,0.019138,0.019667,0.020211,0.020775,0.021305,0.021779,0.022201,0.022556,0.022915,0.023169,0.023332,0.023358,0.023343,0.023263,0.023172,0.023176,0.023503,0.023211,0.022865,0.022588,0.022492,0.022579,0.022144,0.021488,0.020761,0.020119,0.01959,0.019108,0.018704,0.018369,0.018142,0.018066,0.018123,0.018317,0.018639,0.01906,0.019596,0.020228,0.020872,0.021208,0.02162,0.022066,0.022575,0.023045,0.023536,0.024088,0.024687,0.025452,0.028006,0.027432,0.02636,0.025281,0.024142,0.023143,0.022312,0.021681,0.02128,0.021128,0.021232,0.021576,0.022136,0.022883,0.02379,0.024836,0.025973,0.026304,0.02008,0.019918,0.019989,0.020086,0.020089,0.020041,0.019948,0.019991,0.020123,0.020128,0.02027,0.020414,0.020479,0.019673,0.019664,0.019741,0.019775,0.019863,0.019959,0.020063,0.020174,0.019971,0.018572,0.017395,0.017074,0.016789,0.016508,0.016219,0.015944,0.015658,0.01539,0.015126,0.014867,0.014613,0.014365,0.014123,0.013887,0.013657,0.013433,0.013217,0.013008,0.012807,0.012613,0.012428,0.012252,0.012084,0.011927,0.011779,0.011641,0.011513,0.011396,0.011291,0.011197,0.011114,0.011044,0.010986,0.01094,0.010907,0.010886,0.010879,0.010884,0.010903,0.010934,0.010978,0.011035,0.011105,0.011187,0.011281,0.011388,0.011506,0.011635,0.011775,0.011927,0.012088,0.012259,0.01244,0.01263,0.012828,0.013035,0.01325,0.013472,0.013701,0.013937,0.01418,0.014428,0.014683,0.014943,0.015208,0.015478,0.015752,0.016031,0.016314,0.016601,0.016892,0.017187,0.017484,0.017785,0.018089,0.018396,0.018705,0.019017,0.019332,0.019649,0.019968,0.020289,0.020612,0.020937,0.021264,NaN,NaN,NaN,NaN,NaN,NaN,NaN,NaN,NaN,NaN,NaN,NaN,NaN,NaN,NaN,NaN,NaN,NaN,NaN,NaN,NaN,NaN,NaN,NaN,NaN,NaN,NaN,NaN
0.026718,0.026054,0.025396,0.024746,0.024103,0.023469,0.022844,0.022229,0.021626,0.021035,0.020458,0.019895,0.019349,0.018819,0.018308,0.017816,0.017345,0.016897,0.016473,0.016064,0.015686,0.015339,0.015024,0.014743,0.014497,0.014299,0.014124,0.013988,0.013894,0.013841,0.013829,0.013859,0.01393,0.014041,0.014175,0.014359,0.014579,0.014833,0.01512,0.015439,0.015787,0.016163,0.016564,0.01699,0.017439,0.017908,0.018397,0.018905,0.019428,0.019968,0.020522,0.021088,0.021617,0.022059,0.02237,0.022638,0.022927,0.023131,0.023192,0.023204,0.023113,0.022979,0.022894,0.022877,0.02299,0.02277,0.022478,0.022115,0.022083,0.022241,0.02197,0.021411,0.020711,0.020146,0.019598,0.019221,0.018847,0.01853,0.018341,0.018282,0.018357,0.018552,0.018853,0.019259,0.019764,0.020333,0.020946,0.021202,0.021569,0.021992,0.022377,0.022753,0.023201,0.023674,0.024147,0.025075,0.027632,0.026915,0.02593,0.024787,0.023751,0.022838,0.022091,0.02154,0.021251,0.021154,0.021303,0.021683,0.022269,0.023034,0.023953,0.025004,0.025991,0.026347,0.0204,0.020244,0.020135,0.020256,0.020165,0.020176,0.020143,0.02,0.020019,0.019873,0.019988,0.020014,0.020076,0.019405,0.019394,0.019433,0.019498,0.019571,0.019653,0.019742,0.019812,0.019475,0.018203,0.017143,0.016787,0.01651,0.016236,0.015965,0.015699,0.015437,0.015179,0.014926,0.014653,0.014406,0.014166,0.01393,0.013701,0.013477,0.01326,0.01305,0.012847,0.012651,0.012463,0.012283,0.012111,0.011948,0.011795,0.01165,0.011515,0.01139,0.011276,0.011172,0.011079,0.010998,0.010928,0.010869,0.010823,0.010788,0.010766,0.010756,0.010759,0.010774,0.010801,0.010841,0.010893,0.010957,0.011034,0.011122,0.011221,0.011332,0.011454,0.011587,0.01173,0.011883,0.012045,0.012217,0.012398,0.012587,0.012784,0.012989,0.013202,0.013421,0.013648,0.01388,0.014119,0.014363,0.014613,0.014868,0.015127,0.015392,0.01566,0.015933,0.01621,0.016491,0.016775,0.017062,0.017353,0.017646,0.017943,0.018242,0.018544,0.018848,0.019154,0.019463,0.019774,0.020087,0.020402,0.020718,0.021037,NaN,NaN,NaN,NaN,NaN,NaN,NaN,NaN,NaN,NaN,NaN,NaN,NaN,NaN,NaN,NaN,NaN,NaN,NaN,NaN,NaN,NaN,NaN,NaN,NaN,NaN,NaN
0.026697,0.026041,0.025391,0.024748,0.024112,0.023484,0.022865,0.022254,0.021653,0.021064,0.020486,0.019921,0.019371,0.018836,0.018317,0.017817,0.017338,0.01688,0.016445,0.016037,0.015656,0.015305,0.014985,0.0147,0.01445,0.014237,0.014064,0.01393,0.013836,0.013785,0.013774,0.013805,0.013877,0.013989,0.014139,0.014327,0.014552,0.01481,0.015102,0.015425,0.015776,0.016143,0.016545,0.01697,0.017475,0.017922,0.01839,0.018877,0.019383,0.019907,0.02045,0.021011,0.021542,0.022015,0.022392,0.022711,0.023031,0.023148,0.023288,0.023236,0.023174,0.023054,0.022936,0.022901,0.022896,0.022733,0.022445,0.022126,0.022038,0.022136,0.021771,0.021202,0.020546,0.019946,0.019435,0.019067,0.018825,0.018514,0.01831,0.018239,0.018319,0.018459,0.01874,0.019128,0.019613,0.020198,0.020789,0.021164,0.021542,0.021934,0.022384,0.022834,0.023334,0.023838,0.024452,0.025297,0.027845,0.027195,0.026161,0.025044,0.02403,0.023116,0.022355,0.021774,0.021431,0.021258,0.021314,0.021619,0.022069,0.022695,0.023478,0.024334,0.025313,0.025496,0.019997,0.019791,0.019904,0.019849,0.019826,0.019816,0.019832,0.019875,0.019993,0.020011,0.020228,0.020401,0.020432,0.019813,0.019818,0.019771,0.019892,0.020023,0.020162,0.02031,0.020398,0.020363,0.018654,0.017472,0.01706,0.016786,0.016516,0.01625,0.015987,0.015648,0.015383,0.015123,0.014867,0.014616,0.01437,0.014129,0.013894,0.013665,0.013442,0.013225,0.013015,0.012812,0.012616,0.012428,0.012248,0.012077,0.011914,0.011759,0.011615,0.01148,0.011355,0.01124,0.011136,0.011042,0.01096,0.010889,0.01083,0.010783,0.010748,0.010725,0.010715,0.010716,0.010731,0.010757,0.010796,0.010848,0.010911,0.010986,0.011074,0.011173,0.011283,0.011404,0.011536,0.011678,0.011831,0.011993,0.012164,0.012344,0.012533,0.01273,0.012934,0.013146,0.013365,0.013604,0.013832,0.014066,0.014306,0.014551,0.014826,0.015076,0.015331,0.015591,0.015855,0.016124,0.016398,0.016676,0.016959,0.017245,0.017537,0.017832,0.018132,0.018435,0.018742,0.019052,0.019364,0.01968,0.019998,0.020318,0.020641,0.020965,NaN,NaN,NaN,NaN,NaN,NaN,NaN,NaN,NaN,NaN,NaN,NaN,NaN,NaN,NaN,NaN,NaN,NaN,NaN,NaN,NaN,NaN,NaN,NaN,NaN,NaN
0.026779,0.026113,0.025455,0.024803,0.024158,0.023522,0.022894,0.022276,0.021668,0.021071,0.020486,0.019915,0.019359,0.018819,0.018296,0.017793,0.01731,0.01685,0.016415,0.016006,0.015626,0.015277,0.014961,0.01468,0.014435,0.014229,0.014063,0.013939,0.013856,0.013816,0.013818,0.013863,0.013949,0.014076,0.014226,0.014426,0.014663,0.014935,0.01524,0.015575,0.01594,0.016333,0.01675,0.017192,0.017656,0.01814,0.018643,0.01916,0.019694,0.020243,0.020805,0.021384,0.021933,0.022392,0.02269,0.02295,0.023228,0.023413,0.023461,0.023416,0.023343,0.023228,0.023124,0.023016,0.023018,0.022656,0.022327,0.021979,0.021885,0.021814,0.021438,0.020973,0.02036,0.019815,0.019378,0.018919,0.018627,0.018347,0.018193,0.018168,0.018239,0.01845,0.018774,0.019203,0.019727,0.020322,0.020901,0.021277,0.021626,0.021981,0.022405,0.022805,0.023217,0.023672,0.024201,0.025154,0.027498,0.026961,0.025915,0.024807,0.023755,0.022833,0.022068,0.021488,0.021134,0.020994,0.021091,0.02141,0.02193,0.022623,0.023465,0.024438,0.025465,0.025981,0.01982,0.019833,0.01978,0.01973,0.019859,0.019804,0.019887,0.01991,0.019834,0.019778,0.01995,0.020149,0.02029,0.019548,0.019585,0.019606,0.019709,0.019822,0.019944,0.020076,0.020199,0.02003,0.018367,0.017203,0.016829,0.016561,0.016297,0.016038,0.015784,0.015534,0.015255,0.015009,0.014708,0.014462,0.014222,0.013987,0.013757,0.013532,0.013314,0.013102,0.012896,0.012697,0.012505,0.01232,0.012143,0.011974,0.011813,0.011661,0.011518,0.011385,0.01126,0.011146,0.011042,0.010948,0.010866,0.010794,0.010733,0.010684,0.010646,0.01062,0.010606,0.010604,0.010614,0.010636,0.01067,0.010715,0.010773,0.010842,0.010922,0.011014,0.011117,0.011231,0.011355,0.011489,0.011633,0.011787,0.01195,0.012121,0.012301,0.012489,0.012684,0.012887,0.013097,0.013323,0.013541,0.013766,0.013997,0.014233,0.014474,0.014721,0.014972,0.015228,0.015488,0.015753,0.016021,0.016294,0.01657,0.01685,0.017133,0.017457,0.017736,0.018018,0.018305,0.018596,0.018893,0.019195,0.019503,0.019815,0.020132,0.020452,0.020774,NaN,NaN,NaN,NaN,NaN,NaN,NaN,NaN,NaN,NaN,NaN,NaN,NaN,NaN,NaN,NaN,NaN,NaN,NaN,NaN,NaN,NaN,NaN,NaN,NaN
0.026799,0.026128,0.025462,0.024804,0.024154,0.023512,0.02288,0.022257,0.021646,0.021047,0.020461,0.019891,0.019336,0.018799,0.018281,0.017784,0.017309,0.016859,0.016435,0.016038,0.015671,0.015335,0.015033,0.014766,0.014536,0.014345,0.014223,0.014192,0.014081,0.01402,0.014017,0.014065,0.014154,0.0143,0.014387,0.014569,0.014787,0.015041,0.015328,0.015648,0.015985,0.016359,0.016761,0.01718,0.017628,0.018099,0.018591,0.019102,0.019627,0.02017,0.020727,0.021306,0.021841,0.022312,0.022659,0.022933,0.023214,0.023331,0.023341,0.023259,0.023143,0.022985,0.022872,0.022798,0.022917,0.022606,0.022305,0.021974,0.021797,0.021873,0.021635,0.021138,0.020496,0.019926,0.019414,0.019019,0.018722,0.018395,0.018232,0.018197,0.018297,0.018508,0.018831,0.019257,0.019758,0.020304,0.020885,0.021286,0.021651,0.022035,0.022427,0.022812,0.023262,0.023736,0.024347,0.025058,0.027328,0.027035,0.026083,0.024991,0.02397,0.023069,0.022317,0.021746,0.021376,0.021178,0.021227,0.021487,0.021937,0.022556,0.02332,0.024214,0.024885,0.024977,0.020324,0.019966,0.019882,0.019939,0.019706,0.019711,0.01977,0.019734,0.019735,0.019891,0.020049,0.02011,0.020171,0.019587,0.019672,0.019745,0.019895,0.020056,0.020226,0.020406,0.020594,0.020415,0.018583,0.017296,0.016957,0.016698,0.016443,0.016136,0.015882,0.015577,0.015324,0.015033,0.014783,0.014538,0.014296,0.01406,0.013829,0.013603,0.013382,0.013168,0.012959,0.012757,0.012562,0.012373,0.012192,0.012019,0.011853,0.011696,0.011547,0.011407,0.011276,0.011155,0.011043,0.010942,0.010851,0.01077,0.010701,0.010642,0.010595,0.010559,0.010535,0.010522,0.010521,0.010532,0.010555,0.01059,0.010636,0.010694,0.010764,0.010845,0.010936,0.011039,0.011152,0.011276,0.011409,0.011552,0.011705,0.011866,0.012036,0.012215,0.012401,0.012594,0.012795,0.013003,0.013217,0.013438,0.013664,0.013896,0.014133,0.014376,0.014623,0.014874,0.01513,0.01539,0.015654,0.015922,0.016193,0.016467,0.016745,0.017026,0.017309,0.017595,0.017883,0.018175,0.018468,0.018763,0.019061,0.019361,0.019662,0.019966,0.020271,0.020577,NaN,NaN,NaN,NaN,NaN,NaN,NaN,NaN,NaN,NaN,NaN,NaN,NaN,NaN,NaN,NaN,NaN,NaN,NaN,NaN,NaN,NaN,NaN,NaN
0.026666,0.026009,0.025358,0.024713,0.024076,0.023447,0.022826,0.022215,0.021615,0.021026,0.020449,0.019885,0.019337,0.018805,0.01829,0.017794,0.017319,0.016866,0.016437,0.016033,0.015658,0.015312,0.014997,0.014717,0.014471,0.014263,0.014111,0.013995,0.013892,0.013831,0.013811,0.013832,0.013895,0.013997,0.014138,0.014317,0.014533,0.014783,0.015067,0.015382,0.015727,0.016099,0.016498,0.016913,0.017356,0.01782,0.018304,0.018807,0.019327,0.019861,0.020408,0.020968,0.021519,0.021992,0.022399,0.022738,0.023106,0.023408,0.023516,0.023483,0.023378,0.023281,0.023165,0.023131,0.023071,0.022782,0.022403,0.02206,0.021894,0.022044,0.021744,0.021194,0.020544,0.019937,0.019488,0.019145,0.018905,0.01859,0.018419,0.018368,0.018445,0.018655,0.018935,0.019316,0.019762,0.020309,0.02093,0.021316,0.021676,0.022075,0.022484,0.022858,0.023254,0.023731,0.024251,0.025118,0.026943,0.026536,0.025588,0.024584,0.023592,0.022719,0.021986,0.021418,0.021036,0.020856,0.020881,0.021101,0.0215,0.022055,0.022748,0.023562,0.024288,0.024454,0.019536,0.019361,0.019432,0.019568,0.01944,0.0194,0.019516,0.019642,0.01973,0.019804,0.020111,0.020435,0.02064,0.019996,0.020087,0.020258,0.020412,0.020591,0.020805,0.02103,0.021237,0.021113,0.019297,0.01768,0.017262,0.016968,0.016706,0.016448,0.016194,0.015919,0.015671,0.015428,0.01507,0.014819,0.014572,0.01433,0.014092,0.01386,0.013633,0.013411,0.013196,0.012986,0.012783,0.012587,0.012398,0.012216,0.012042,0.011876,0.011718,0.011569,0.011428,0.011297,0.011176,0.011064,0.010963,0.010871,0.010791,0.010722,0.010663,0.010616,0.010581,0.010557,0.010545,0.010545,0.010557,0.010581,0.010616,0.010664,0.010723,0.010793,0.010875,0.010968,0.011072,0.011187,0.011311,0.011446,0.011591,0.011745,0.011907,0.012079,0.012259,0.012446,0.012641,0.012844,0.013053,0.013276,0.013493,0.013717,0.013946,0.014195,0.014429,0.014669,0.014914,0.015163,0.015417,0.015675,0.015938,0.016205,0.016476,0.016752,0.017031,0.017314,0.017602,0.017892,0.018187,0.018484,0.018784,0.019086,0.019391,0.019699,0.020008,0.02032,0.020633,NaN,NaN,NaN,NaN,NaN,NaN,NaN,NaN,NaN,NaN,NaN,NaN,NaN,NaN,NaN,NaN,NaN,NaN,NaN,NaN,NaN,NaN,NaN
0.026609,0.02596,0.025318,0.024681,0.024052,0.023431,0.022817,0.022213,0.021618,0.021034,0.020462,0.019902,0.019356,0.018824,0.018309,0.017812,0.017334,0.016877,0.016443,0.016034,0.015651,0.015298,0.014975,0.014684,0.014429,0.014209,0.014027,0.013885,0.013782,0.01372,0.013699,0.013718,0.013778,0.013878,0.014016,0.014192,0.014403,0.01465,0.014929,0.015239,0.015579,0.015946,0.016339,0.016756,0.017196,0.017656,0.018132,0.018627,0.019138,0.019665,0.020205,0.020759,0.021284,0.021753,0.022159,0.022513,0.022854,0.023099,0.023227,0.023233,0.023218,0.023105,0.023049,0.023016,0.023162,0.023026,0.02271,0.022383,0.022275,0.022287,0.02204,0.021534,0.02084,0.020226,0.019689,0.019314,0.018884,0.018532,0.018294,0.01818,0.018228,0.01835,0.018554,0.018879,0.019302,0.01978,0.020275,0.020603,0.021022,0.021457,0.02194,0.0224,0.022948,0.023486,0.02413,0.025019,0.027244,0.026713,0.025845,0.024859,0.023937,0.023067,0.022324,0.02173,0.021308,0.021072,0.021028,0.021168,0.021477,0.021935,0.022452,0.023147,0.023693,0.023976,0.019461,0.019317,0.01941,0.01931,0.019253,0.019359,0.019452,0.019571,0.019673,0.019837,0.020171,0.020451,0.020614,0.020214,0.020396,0.020581,0.020849,0.02113,0.02142,0.021721,0.021958,0.021772,0.019948,0.018144,0.01771,0.017363,0.017085,0.016811,0.016525,0.016242,0.015974,0.01571,0.015449,0.015192,0.01494,0.014692,0.014449,0.014211,0.013978,0.01375,0.013528,0.013312,0.013102,0.012899,0.012703,0.012513,0.012331,0.012157,0.011991,0.011834,0.011684,0.011544,0.011414,0.011293,0.011181,0.01108,0.01099,0.01091,0.010842,0.010784,0.010738,0.010704,0.010681,0.01067,0.010671,0.010684,0.01071,0.010747,0.010795,0.010856,0.010928,0.011012,0.011107,0.011212,0.011329,0.011455,0.011592,0.011739,0.011895,0.012059,0.012233,0.012415,0.012611,0.012805,0.013005,0.013213,0.013428,0.013648,0.013875,0.014107,0.014345,0.014588,0.014836,0.015089,0.015347,0.015608,0.015897,0.016161,0.016429,0.0167,0.016976,0.017255,0.017539,0.017826,0.018117,0.018412,0.018711,0.019014,0.019319,0.019628,0.019939,0.020252,0.020567,0.020885,NaN,NaN,NaN,NaN,NaN,NaN,NaN,NaN,NaN,NaN,NaN,NaN,NaN,NaN,NaN,NaN,NaN,NaN,NaN,NaN,NaN,NaN
0.026785,0.026121,0.025464,0.024813,0.02417,0.023534,0.022907,0.02229,0.021683,0.021087,0.020503,0.019932,0.019376,0.018836,0.018314,0.01781,0.017327,0.016866,0.01643,0.01602,0.015638,0.015287,0.014968,0.014685,0.014437,0.014228,0.014059,0.01393,0.013844,0.013799,0.013798,0.013838,0.013921,0.014044,0.01419,0.014387,0.014621,0.01489,0.015192,0.015525,0.015887,0.016277,0.016693,0.017132,0.017594,0.018077,0.018578,0.019097,0.019632,0.02018,0.020741,0.021316,0.021889,0.022398,0.022798,0.023109,0.023409,0.023599,0.023677,0.023708,0.023582,0.023391,0.023256,0.023087,0.023009,0.022763,0.022388,0.022122,0.021898,0.021834,0.021251,0.020569,0.019888,0.019312,0.018841,0.018491,0.018202,0.017994,0.01788,0.017889,0.018019,0.018272,0.018631,0.019082,0.019626,0.02025,0.020754,0.021176,0.021601,0.022062,0.022537,0.02299,0.0235,0.02412,0.024715,0.025544,0.027729,0.026958,0.026015,0.02496,0.023955,0.023057,0.022286,0.021663,0.021222,0.020943,0.02084,0.02091,0.021138,0.021508,0.022004,0.022613,0.023127,0.023249,0.019058,0.018857,0.018957,0.019064,0.019027,0.019156,0.019345,0.019595,0.019527,0.019775,0.020119,0.020374,0.020716,0.020479,0.020703,0.021003,0.021338,0.02166,0.02202,0.022394,0.022727,0.022732,0.02063,0.018447,0.017969,0.017678,0.017418,0.017163,0.016913,0.016573,0.01632,0.016072,0.015735,0.015424,0.015167,0.014914,0.014665,0.014421,0.014183,0.013949,0.01372,0.013498,0.013281,0.01307,0.012866,0.012668,0.012478,0.012294,0.012119,0.011952,0.011792,0.011642,0.0115,0.011368,0.011246,0.011133,0.01103,0.010938,0.010857,0.010787,0.010728,0.01068,0.010644,0.01062,0.010608,0.010608,0.010619,0.010643,0.010679,0.010727,0.010786,0.010857,0.01094,0.011033,0.011138,0.011253,0.011379,0.011515,0.011661,0.011816,0.01198,0.012152,0.012333,0.012522,0.012719,0.012923,0.013133,0.013351,0.013574,0.013803,0.014038,0.014281,0.014522,0.014781,0.015043,0.015288,0.015537,0.015791,0.01605,0.016313,0.01658,0.016853,0.01713,0.017412,0.017698,0.01799,0.018286,0.018586,0.01889,0.019197,0.019507,0.01982,0.020135,0.020452,0.020772,NaN,NaN,NaN,NaN,NaN,NaN,NaN,NaN,NaN,NaN,NaN,NaN,NaN,NaN,NaN,NaN,NaN,NaN,NaN,NaN,NaN
0.026652,0.025999,0.025352,0.024711,0.024077,0.023452,0.022834,0.022227,0.021629,0.021042,0.020467,0.019905,0.019358,0.018826,0.018311,0.017814,0.017338,0.016883,0.016451,0.016045,0.015666,0.015317,0.014998,0.014713,0.014463,0.014249,0.014089,0.013947,0.013846,0.013785,0.013766,0.013787,0.013849,0.01395,0.014091,0.014269,0.014483,0.014732,0.015013,0.015326,0.015668,0.016037,0.016433,0.016852,0.017294,0.017758,0.01824,0.018741,0.019259,0.019792,0.02034,0.020905,0.021447,0.021916,0.022294,0.022606,0.022927,0.02317,0.02329,0.023288,0.023199,0.023071,0.022938,0.02285,0.022879,0.022728,0.022482,0.022256,0.022198,0.022362,0.0221,0.021588,0.020921,0.020257,0.019725,0.019337,0.018983,0.018667,0.018474,0.018407,0.018468,0.018638,0.018916,0.019296,0.019776,0.020272,0.020798,0.021078,0.021415,0.021783,0.02215,0.022509,0.02293,0.023328,0.023771,0.024683,0.02632,0.025727,0.024865,0.024063,0.023201,0.022426,0.021774,0.021262,0.020976,0.02077,0.020739,0.020876,0.021169,0.021601,0.02216,0.022834,0.02338,0.023546,0.019039,0.019053,0.01916,0.019223,0.019376,0.01951,0.019705,0.01977,0.020002,0.020165,0.020381,0.020592,0.020758,0.020273,0.020372,0.02051,0.020723,0.020972,0.02124,0.021524,0.021779,0.021733,0.01955,0.017825,0.017497,0.0172,0.016933,0.016669,0.016408,0.016121,0.015863,0.015581,0.015328,0.015078,0.014832,0.01459,0.014353,0.01412,0.013891,0.013668,0.01345,0.013238,0.013031,0.01283,0.012636,0.012448,0.012267,0.012093,0.011926,0.011767,0.011616,0.011474,0.01134,0.011215,0.011099,0.010993,0.010896,0.01081,0.010734,0.010668,0.010613,0.010569,0.010536,0.010514,0.010503,0.010504,0.010516,0.01054,0.010574,0.01062,0.010678,0.010746,0.010825,0.010915,0.011015,0.011125,0.011245,0.011375,0.011514,0.011662,0.011819,0.011984,0.012156,0.012337,0.012524,0.012719,0.01292,0.013128,0.013342,0.013561,0.013786,0.014016,0.014251,0.01449,0.014734,0.014983,0.015235,0.015491,0.015751,0.016014,0.01628,0.01655,0.016822,0.017098,0.017375,0.017656,0.017939,0.018224,0.018511,0.018801,0.019092,0.019385,0.019681,0.019977,0.020276,0.020576,NaN,NaN,NaN,NaN,NaN,NaN,NaN,NaN,NaN,NaN,NaN,NaN,NaN,NaN,NaN,NaN,NaN,NaN,NaN,NaN
0.02668,0.026025,0.025377,0.024735,0.0241,0.023474,0.022855,0.022246,0.021646,0.021057,0.02048,0.019916,0.019366,0.018831,0.018313,0.017813,0.017333,0.016874,0.016439,0.016029,0.015646,0.015293,0.014972,0.014684,0.014431,0.014216,0.014039,0.013902,0.013806,0.013751,0.013738,0.013766,0.013835,0.013944,0.014092,0.014278,0.0145,0.014757,0.015047,0.015368,0.015718,0.016096,0.016499,0.016926,0.017376,0.017846,0.018336,0.018843,0.019367,0.019906,0.020459,0.021024,0.021583,0.022049,0.022411,0.02274,0.023072,0.023308,0.023415,0.023466,0.023329,0.023169,0.023038,0.022942,0.022971,0.022699,0.022362,0.021966,0.021801,0.021726,0.021348,0.020859,0.020222,0.019692,0.01919,0.018801,0.018655,0.018373,0.018215,0.018194,0.018288,0.018492,0.018793,0.019207,0.019715,0.020242,0.0208,0.021208,0.021628,0.022069,0.022517,0.023017,0.023528,0.024036,0.024708,0.025669,0.027858,0.027174,0.026236,0.025094,0.024021,0.023092,0.022259,0.021591,0.021115,0.020873,0.020784,0.020898,0.021197,0.021661,0.022271,0.02301,0.023802,0.023914,0.019221,0.019065,0.018811,0.018847,0.018921,0.019045,0.019173,0.019349,0.019402,0.019642,0.019939,0.020268,0.020574,0.020193,0.020481,0.020726,0.021055,0.021397,0.021751,0.022116,0.022387,0.022324,0.020178,0.018035,0.017603,0.017337,0.017073,0.016812,0.016554,0.016209,0.015947,0.015688,0.015433,0.015181,0.014934,0.01469,0.01445,0.014215,0.013984,0.013758,0.013538,0.013322,0.013113,0.012909,0.012711,0.01252,0.012335,0.012158,0.011987,0.011825,0.01167,0.011523,0.011384,0.011255,0.011134,0.011022,0.01092,0.010828,0.010746,0.010674,0.010612,0.010561,0.010521,0.010492,0.010474,0.010467,0.010471,0.010487,0.010514,0.010552,0.010601,0.010655,0.010722,0.010801,0.010889,0.010988,0.011097,0.011216,0.011344,0.011481,0.011627,0.011782,0.011948,0.012115,0.01229,0.012472,0.012661,0.012857,0.013059,0.013267,0.013481,0.013701,0.013926,0.014156,0.014391,0.014631,0.014876,0.015124,0.015377,0.015634,0.015895,0.016159,0.016426,0.016697,0.016971,0.017248,0.017527,0.01781,0.018094,0.018381,0.01867,0.018961,0.019254,0.019549,0.019846,0.020145,0.020445,NaN,NaN,NaN,NaN,NaN,NaN,NaN,NaN,NaN,NaN,NaN,NaN,NaN,NaN,NaN,NaN,NaN,NaN,NaN
0.026675,0.02602,0.025371,0.024729,0.024095,0.023468,0.022849,0.02224,0.02164,0.021051,0.020474,0.01991,0.01936,0.018825,0.018307,0.017807,0.017328,0.016869,0.016434,0.016025,0.015643,0.015291,0.01497,0.014683,0.014431,0.014216,0.01404,0.013904,0.013809,0.013755,0.013743,0.013772,0.013842,0.013952,0.014101,0.014288,0.014511,0.014768,0.015058,0.015379,0.01573,0.016107,0.016511,0.016938,0.017388,0.017859,0.018348,0.018856,0.01938,0.019919,0.020472,0.021038,0.021591,0.022051,0.02239,0.022678,0.022978,0.023139,0.02323,0.023201,0.023132,0.023026,0.022862,0.02282,0.022885,0.022588,0.022299,0.021945,0.021754,0.021757,0.021506,0.02106,0.020455,0.019891,0.019396,0.019025,0.018699,0.018411,0.018246,0.018204,0.018299,0.018467,0.018757,0.01915,0.019638,0.02019,0.020766,0.021131,0.021518,0.021981,0.022433,0.022905,0.023432,0.02398,0.024543,0.025372,0.027176,0.02655,0.025616,0.024625,0.023636,0.022749,0.021969,0.021329,0.020848,0.020514,0.020348,0.020344,0.020489,0.020769,0.021171,0.021685,0.022191,0.022123,0.018587,0.01868,0.018711,0.018888,0.019097,0.019245,0.019548,0.019883,0.020119,0.020329,0.020768,0.021129,0.021568,0.02079,0.02105,0.021403,0.021745,0.022125,0.022517,0.022921,0.023268,0.023238,0.020881,0.018741,0.018266,0.017985,0.017722,0.017473,0.017233,0.01687,0.016571,0.016307,0.016046,0.015755,0.015498,0.015245,0.014996,0.014751,0.014511,0.014275,0.014044,0.013818,0.013597,0.013382,0.013173,0.01297,0.012773,0.012583,0.012399,0.012223,0.012055,0.011894,0.011741,0.011597,0.011462,0.011336,0.011219,0.011111,0.011014,0.010927,0.01085,0.010784,0.010728,0.010684,0.010652,0.01063,0.01062,0.010622,0.010635,0.010659,0.010696,0.010743,0.010802,0.010879,0.010957,0.011047,0.011146,0.011256,0.011376,0.011506,0.011645,0.011793,0.01195,0.012115,0.012289,0.01247,0.012658,0.012854,0.013056,0.013265,0.013481,0.013702,0.013928,0.01416,0.01442,0.014657,0.014899,0.015145,0.015396,0.015651,0.01591,0.016173,0.01644,0.016711,0.016985,0.017263,0.017545,0.01783,0.018118,0.018409,0.018702,0.018999,0.019297,0.019598,0.019901,0.020206,0.020513,0.020822,NaN,NaN,NaN,NaN,NaN,NaN,NaN,NaN,NaN,NaN,NaN,NaN,NaN,NaN,NaN,NaN,NaN,NaN
0.026719,0.026058,0.025404,0.024757,0.024118,0.023486,0.022864,0.022253,0.021652,0.021064,0.020488,0.019927,0.019381,0.018851,0.018338,0.017844,0.017369,0.016917,0.016478,0.016065,0.01568,0.015325,0.015001,0.01471,0.014455,0.014237,0.014058,0.013919,0.013821,0.013764,0.013749,0.013776,0.013844,0.013952,0.0141,0.014286,0.014508,0.014765,0.015056,0.015378,0.01573,0.016109,0.016515,0.016944,0.017396,0.017869,0.018362,0.018872,0.019399,0.019934,0.020487,0.021063,0.021593,0.022052,0.022471,0.022828,0.023179,0.023452,0.023557,0.023588,0.023479,0.023319,0.023199,0.023103,0.02302,0.02275,0.022405,0.022031,0.021873,0.021796,0.021447,0.020939,0.020245,0.019669,0.019118,0.0187,0.018373,0.018099,0.017961,0.017958,0.018094,0.018307,0.018662,0.019123,0.01963,0.020231,0.020898,0.021194,0.021633,0.022117,0.022634,0.023123,0.023614,0.024157,0.024685,0.025489,0.027386,0.026784,0.025847,0.024824,0.023868,0.022986,0.02221,0.021556,0.021051,0.020674,0.020448,0.020367,0.020422,0.0206,0.020891,0.021287,0.021686,0.02177,0.01847,0.018416,0.01857,0.018655,0.018768,0.018855,0.019145,0.019461,0.019708,0.02001,0.020419,0.020887,0.021296,0.020973,0.021385,0.02179,0.022208,0.022667,0.023141,0.023628,0.024083,0.02407,0.021436,0.019232,0.018711,0.01841,0.018137,0.017881,0.01763,0.01724,0.017008,0.016757,0.016305,0.016041,0.015779,0.015522,0.015268,0.015019,0.014774,0.014533,0.014297,0.014066,0.01384,0.01362,0.013405,0.013196,0.012993,0.012797,0.012608,0.012425,0.01225,0.012082,0.011922,0.011771,0.011628,0.011493,0.011368,0.011253,0.011147,0.011051,0.010965,0.01089,0.010825,0.010771,0.010729,0.010698,0.010678,0.01067,0.010673,0.010688,0.010715,0.010753,0.010801,0.010859,0.010928,0.011008,0.01111,0.011209,0.011317,0.011436,0.011565,0.011703,0.01185,0.012005,0.01217,0.012342,0.012522,0.01271,0.012905,0.013107,0.013315,0.01353,0.013751,0.013977,0.014209,0.014446,0.014689,0.014936,0.015188,0.015471,0.015759,0.01601,0.016265,0.016524,0.016787,0.017054,0.017326,0.017603,0.017885,0.018171,0.018463,0.01876,0.01906,0.019365,0.019672,0.019983,0.020296,0.020612,0.020929,NaN,NaN,NaN,NaN,NaN,NaN,NaN,NaN,NaN,NaN,NaN,NaN,NaN,NaN,NaN,NaN,NaN
0.026625,0.025975,0.02533,0.024692,0.024062,0.023439,0.022824,0.022218,0.021622,0.021037,0.020464,0.019903,0.019356,0.018825,0.01831,0.017813,0.017336,0.01688,0.016448,0.01604,0.01566,0.015309,0.014989,0.014701,0.014449,0.014233,0.014055,0.013916,0.013817,0.013759,0.013741,0.013764,0.013828,0.013931,0.014056,0.014231,0.014442,0.014687,0.014965,0.015274,0.015612,0.015978,0.016369,0.016784,0.017222,0.017681,0.018158,0.018654,0.019173,0.019697,0.020234,0.020783,0.021295,0.021755,0.022126,0.022466,0.022838,0.023057,0.02313,0.023085,0.023006,0.02284,0.022782,0.022722,0.022796,0.022623,0.022291,0.022049,0.02194,0.021975,0.021717,0.021119,0.020495,0.019921,0.019448,0.019118,0.018836,0.018511,0.018301,0.018209,0.018238,0.018369,0.018607,0.018944,0.019374,0.019857,0.020313,0.020581,0.020978,0.021427,0.021904,0.022406,0.022924,0.023544,0.024118,0.024991,0.026582,0.026153,0.025391,0.024478,0.023569,0.022735,0.021991,0.021358,0.020854,0.020439,0.020157,0.020004,0.019972,0.020052,0.020236,0.020454,0.020655,0.020668,0.018113,0.01813,0.018194,0.018341,0.018568,0.01881,0.019114,0.019457,0.019806,0.020164,0.02059,0.021095,0.021576,0.021365,0.021788,0.022254,0.022762,0.023287,0.023827,0.024379,0.024876,0.024946,0.02251,0.019527,0.018969,0.018661,0.018348,0.018063,0.017793,0.017495,0.017242,0.016997,0.016676,0.016338,0.016071,0.015808,0.015549,0.015295,0.015044,0.014798,0.014557,0.014321,0.01409,0.013864,0.013644,0.01343,0.013223,0.013022,0.012827,0.01264,0.01246,0.012287,0.012122,0.011966,0.011818,0.011678,0.011548,0.011427,0.011316,0.011214,0.011123,0.011042,0.010971,0.010912,0.010864,0.010826,0.010801,0.010787,0.010773,0.010779,0.010797,0.010828,0.010866,0.010915,0.010977,0.011046,0.011126,0.011217,0.011318,0.01143,0.011552,0.011689,0.011827,0.011973,0.012145,0.012302,0.012468,0.012641,0.012823,0.013011,0.013207,0.013409,0.013627,0.013838,0.014056,0.01428,0.014528,0.014759,0.015018,0.015254,0.015496,0.015743,0.015996,0.016254,0.016518,0.016788,0.017063,0.0174,0.017674,0.017953,0.018239,0.018531,0.018829,0.019135,0.019448,0.019766,0.020091,0.020419,0.020751,0.021086,NaN,NaN,NaN,NaN,NaN,NaN,NaN,NaN,NaN,NaN,NaN,NaN,NaN,NaN,NaN,NaN
0.02666,0.026006,0.025358,0.024717,0.024083,0.023457,0.022839,0.022231,0.021632,0.021045,0.02047,0.019908,0.019361,0.018829,0.018314,0.017818,0.017342,0.016888,0.016458,0.016053,0.015676,0.015328,0.015011,0.014728,0.014479,0.014268,0.014094,0.013983,0.013882,0.013822,0.013804,0.013826,0.013888,0.013991,0.014115,0.01429,0.0145,0.014745,0.015023,0.015332,0.015671,0.016037,0.016429,0.016846,0.017285,0.017746,0.018226,0.018724,0.01924,0.019771,0.020316,0.020879,0.0214,0.021892,0.022235,0.022528,0.022834,0.023036,0.023154,0.023224,0.023158,0.023037,0.022924,0.022768,0.022835,0.022622,0.022346,0.022049,0.021835,0.02183,0.021396,0.020853,0.020279,0.019731,0.01928,0.018955,0.018643,0.018365,0.018204,0.018162,0.018262,0.018445,0.018724,0.019102,0.019557,0.020051,0.02062,0.020942,0.021317,0.021748,0.022194,0.022681,0.023212,0.02378,0.024468,0.025342,0.026916,0.026328,0.025488,0.024536,0.023598,0.022738,0.021969,0.021306,0.020807,0.020376,0.020085,0.019895,0.019832,0.019886,0.020051,0.020289,0.020614,0.020639,0.018269,0.018185,0.018326,0.018429,0.018506,0.018662,0.01901,0.019363,0.019719,0.020143,0.020667,0.021146,0.021632,0.021634,0.022017,0.02245,0.022969,0.023511,0.024075,0.02466,0.02523,0.025354,0.02283,0.019849,0.019227,0.018954,0.018684,0.018416,0.018125,0.017719,0.017442,0.01714,0.016837,0.016564,0.016296,0.016031,0.015771,0.015515,0.015264,0.015017,0.014776,0.01454,0.014309,0.014084,0.013865,0.013652,0.013446,0.013246,0.013053,0.012868,0.012689,0.012519,0.012356,0.012202,0.012056,0.011918,0.011767,0.011644,0.011532,0.011429,0.011336,0.011253,0.011181,0.01112,0.01107,0.01103,0.011002,0.010974,0.010966,0.010969,0.010984,0.011011,0.011052,0.011094,0.011149,0.011216,0.011293,0.011381,0.01148,0.011603,0.01172,0.011853,0.011995,0.012164,0.012304,0.012439,0.012582,0.012734,0.012894,0.013076,0.013248,0.013428,0.013616,0.013823,0.014031,0.014232,0.014456,0.014689,0.014925,0.015167,0.015385,0.01561,0.015883,0.016117,0.016361,0.016613,0.016874,0.017144,0.017423,0.017712,0.01801,0.018317,0.018633,0.019076,0.019374,0.019684,0.020086,0.020393,0.020739,0.02113,0.021549,NaN,NaN,NaN,NaN,NaN,NaN,NaN,NaN,NaN,NaN,NaN,NaN,NaN,NaN,NaN
0.026667,0.02601,0.025359,0.024716,0.024079,0.02345,0.022831,0.02222,0.02162,0.021031,0.020454,0.019891,0.019343,0.018811,0.018296,0.0178,0.017325,0.016872,0.016443,0.01604,0.015664,0.015318,0.015004,0.014723,0.014478,0.01427,0.0141,0.014085,0.013954,0.013872,0.013845,0.013879,0.013967,0.014102,0.014155,0.014335,0.01455,0.014801,0.015084,0.015399,0.015743,0.016114,0.016512,0.016934,0.017379,0.017845,0.018331,0.018834,0.019351,0.019884,0.020432,0.020991,0.021499,0.021937,0.022303,0.022602,0.022897,0.023071,0.023158,0.023107,0.022953,0.022844,0.022749,0.022609,0.022661,0.022481,0.022204,0.021854,0.021643,0.021604,0.021407,0.02084,0.020223,0.019652,0.019148,0.018789,0.018512,0.018186,0.017974,0.017878,0.017905,0.018036,0.018275,0.018616,0.01905,0.019544,0.020084,0.020504,0.020966,0.021484,0.02203,0.022613,0.023203,0.023927,0.024605,0.025424,0.027093,0.026743,0.025878,0.02489,0.023945,0.023066,0.022264,0.021552,0.020942,0.020455,0.020061,0.019781,0.019611,0.019546,0.019582,0.019696,0.019787,0.019789,0.018132,0.018124,0.018232,0.018417,0.018581,0.018821,0.019172,0.019517,0.019882,0.020288,0.020794,0.021281,0.021796,0.021893,0.022401,0.022915,0.023497,0.024099,0.024718,0.025352,0.025949,0.026056,0.023132,0.020173,0.019649,0.019378,0.019111,0.018847,0.018559,0.018089,0.017812,0.017538,0.017177,0.016872,0.016597,0.016326,0.01606,0.015799,0.015544,0.015294,0.015049,0.014811,0.014579,0.014353,0.014134,0.013922,0.013716,0.013519,0.013328,0.013146,0.012971,0.012805,0.012647,0.012497,0.012357,0.012225,0.012103,0.01199,0.011887,0.011794,0.011711,0.011627,0.011562,0.011509,0.011466,0.011434,0.011414,0.011405,0.011384,0.011387,0.011403,0.011422,0.011454,0.011491,0.01154,0.011606,0.011675,0.011755,0.011857,0.011971,0.012074,0.012196,0.012339,0.012467,0.012593,0.012713,0.012843,0.012982,0.01313,0.013287,0.013452,0.013651,0.013833,0.014018,0.014237,0.014438,0.014671,0.014871,0.015114,0.015291,0.01545,0.01562,0.015838,0.016064,0.01626,0.016471,0.016698,0.016983,0.017283,0.017544,0.017824,0.018124,0.018444,0.018782,0.019138,0.019512,0.0199,0.020368,0.020722,0.021115,0.021564,0.02205,NaN,NaN,NaN,NaN,NaN,NaN,NaN,NaN,NaN,NaN,NaN,NaN,NaN,NaN
0.026716,0.026058,0.025406,0.024761,0.024123,0.023493,0.022872,0.022259,0.021657,0.021067,0.020488,0.019922,0.019371,0.018836,0.018318,0.017818,0.017339,0.016882,0.016449,0.016041,0.015661,0.015311,0.014993,0.014708,0.014459,0.014247,0.014074,0.013961,0.013862,0.013806,0.013791,0.013818,0.013886,0.013994,0.014141,0.014327,0.014548,0.014805,0.015095,0.015416,0.015753,0.016128,0.016528,0.016953,0.0174,0.017868,0.018356,0.018861,0.019384,0.019921,0.020473,0.021038,0.02158,0.022081,0.022482,0.022882,0.023261,0.023554,0.023651,0.023543,0.023476,0.023243,0.023122,0.023007,0.022862,0.022652,0.022332,0.022035,0.021744,0.021626,0.021148,0.02064,0.020069,0.019525,0.019037,0.018699,0.018412,0.018146,0.018,0.017975,0.018084,0.018289,0.018603,0.019018,0.019525,0.020093,0.02067,0.021031,0.021434,0.021871,0.022356,0.022857,0.023395,0.023991,0.024512,0.025232,0.027035,0.026437,0.02568,0.024674,0.023715,0.022817,0.022014,0.021324,0.020772,0.020344,0.020061,0.01992,0.019913,0.020031,0.020264,0.020607,0.020811,0.021059,0.01886,0.018822,0.019005,0.019181,0.019455,0.019692,0.019977,0.020281,0.020455,0.020816,0.021247,0.021657,0.021997,0.02188,0.022197,0.022548,0.02294,0.023351,0.023778,0.02422,0.024662,0.024679,0.021952,0.019845,0.019311,0.018998,0.018701,0.018422,0.018136,0.017837,0.017598,0.01737,0.016921,0.01648,0.016208,0.015943,0.015686,0.015436,0.015194,0.014961,0.014736,0.01452,0.014313,0.014116,0.013928,0.013751,0.013583,0.013425,0.013278,0.013142,0.013016,0.0129,0.012796,0.012703,0.01262,0.012549,0.012489,0.01244,0.012403,0.012376,0.012361,0.012358,0.012366,0.012385,0.012415,0.012457,0.01251,0.012575,0.012638,0.012704,0.012777,0.012871,0.012951,0.013026,0.013111,0.013188,0.013276,0.013365,0.013546,0.013669,0.013771,0.013884,0.01401,0.014179,0.014293,0.014428,0.014523,0.014648,0.014775,0.014942,0.01511,0.015255,0.015409,0.015524,0.015633,0.015745,0.015923,0.016075,0.016209,0.016308,0.016442,0.016616,0.016776,0.01687,0.016918,0.016954,0.017104,0.017286,0.017462,0.017689,0.01808,0.018384,0.018746,0.019075,0.019467,0.019924,0.020943,0.022019,0.021993,0.022199,0.022925,0.024143,0.025631,NaN,NaN,NaN,NaN,NaN,NaN,NaN,NaN,NaN,NaN,NaN,NaN,NaN
0.02671,0.02605,0.025396,0.024749,0.024109,0.023478,0.022855,0.022241,0.021638,0.021046,0.020467,0.019901,0.01935,0.018815,0.018298,0.0178,0.017323,0.016868,0.016437,0.016033,0.015657,0.015311,0.014997,0.014717,0.014473,0.014266,0.014098,0.014002,0.013907,0.013854,0.013842,0.013872,0.013943,0.014053,0.014166,0.014346,0.014563,0.014815,0.015099,0.015416,0.015762,0.016136,0.016536,0.016961,0.017409,0.017878,0.018366,0.018873,0.019397,0.019936,0.020489,0.021058,0.021598,0.02207,0.022442,0.022746,0.023066,0.023285,0.02336,0.023318,0.023179,0.02307,0.022952,0.022846,0.022924,0.022779,0.022506,0.022218,0.022107,0.022264,0.02195,0.021497,0.020675,0.019987,0.019423,0.018873,0.018441,0.018139,0.017993,0.018008,0.018146,0.018419,0.018844,0.01939,0.02001,0.020745,0.021353,0.02172,0.022069,0.022464,0.022885,0.023306,0.023765,0.024236,0.024817,0.025626,0.027532,0.026991,0.026052,0.024885,0.023827,0.022889,0.022061,0.021395,0.020912,0.020627,0.020544,0.020656,0.020948,0.021402,0.022002,0.022702,0.023382,0.023813,0.020407,0.020465,0.020608,0.020667,0.020702,0.020776,0.02092,0.021055,0.021141,0.021307,0.021411,0.021582,0.021739,0.021249,0.021247,0.021309,0.021404,0.021558,0.021726,0.021881,0.022061,0.021795,0.020516,0.018671,0.018244,0.017936,0.01764,0.017358,0.017089,0.016769,0.016515,0.01627,0.01579,0.015526,0.015272,0.015027,0.014791,0.014567,0.014353,0.01415,0.013958,0.013778,0.013611,0.013456,0.013313,0.013183,0.013066,0.012962,0.012872,0.012794,0.01273,0.012678,0.01264,0.012615,0.012603,0.012604,0.012601,0.012624,0.01266,0.012708,0.012769,0.012841,0.012925,0.01302,0.013128,0.013246,0.013367,0.013471,0.01361,0.013737,0.013874,0.013984,0.014112,0.014235,0.014364,0.014491,0.014615,0.014745,0.014873,0.015002,0.015124,0.01528,0.015443,0.015607,0.015768,0.015917,0.015975,0.016048,0.016162,0.01634,0.016532,0.01667,0.016878,0.016986,0.017089,0.017093,0.017171,0.017381,0.017309,0.017206,0.017132,0.017128,0.017063,0.016929,0.017014,0.017003,0.016961,0.017016,0.017171,0.017301,0.017504,0.017847,0.018131,0.018572,0.019005,0.019519,0.020411,0.021974,0.02172,0.021685,0.022062,0.023179,0.024892,0.02693,NaN,NaN,NaN,NaN,NaN,NaN,NaN,NaN,NaN,NaN,NaN,NaN
0.026779,0.026112,0.025452,0.024799,0.024154,0.023516,0.022888,0.022269,0.021661,0.021064,0.020481,0.019911,0.019357,0.018819,0.018299,0.0178,0.017322,0.016867,0.016437,0.016034,0.015661,0.015318,0.015009,0.014734,0.014496,0.014296,0.014135,0.014046,0.01396,0.013917,0.013916,0.013956,0.014038,0.014161,0.014269,0.014457,0.014681,0.01494,0.015232,0.015556,0.015909,0.016289,0.016696,0.017127,0.017572,0.018043,0.018534,0.019042,0.019567,0.020107,0.020661,0.021248,0.021787,0.02225,0.022599,0.0229,0.023202,0.0234,0.023427,0.0234,0.023273,0.023034,0.0229,0.02273,0.022664,0.022344,0.022008,0.021643,0.021471,0.021458,0.02108,0.020517,0.019899,0.019314,0.018856,0.018532,0.018301,0.018052,0.01793,0.017937,0.01809,0.018306,0.018645,0.019089,0.01963,0.020256,0.02082,0.02121,0.021665,0.022128,0.022637,0.023107,0.023673,0.024198,0.024769,0.025763,0.027659,0.027158,0.026192,0.025028,0.023944,0.022956,0.022081,0.02134,0.020753,0.020333,0.020089,0.020018,0.020108,0.020349,0.020728,0.021233,0.02185,0.022113,0.019741,0.019958,0.020089,0.020308,0.020513,0.020719,0.020849,0.021091,0.021245,0.021454,0.021679,0.021969,0.022146,0.021854,0.02201,0.0222,0.022447,0.02271,0.02299,0.023284,0.02352,0.023529,0.021281,0.019419,0.018957,0.018659,0.018369,0.018086,0.01781,0.017346,0.017064,0.016776,0.016394,0.016124,0.01583,0.015576,0.015333,0.0151,0.01488,0.014671,0.014475,0.014291,0.014121,0.013963,0.013818,0.013687,0.01357,0.013466,0.013375,0.013298,0.013234,0.013184,0.013147,0.013123,0.013113,0.013115,0.013129,0.013156,0.013196,0.013247,0.013291,0.013342,0.013422,0.013514,0.013618,0.013721,0.013844,0.013966,0.014072,0.014193,0.014278,0.014359,0.014429,0.014506,0.014605,0.014687,0.014776,0.014858,0.014952,0.015076,0.015191,0.01531,0.015491,0.015588,0.015672,0.015728,0.015768,0.0158,0.015846,0.015948,0.016072,0.016158,0.016265,0.016335,0.016321,0.016365,0.016411,0.016425,0.016461,0.01649,0.016512,0.016495,0.0164,0.016307,0.016314,0.016288,0.016329,0.016417,0.016563,0.016716,0.016928,0.017148,0.017565,0.017895,0.018441,0.018871,0.019475,0.020225,0.020805,0.02138,0.022048,0.022822,0.023691,0.024628,0.025608,NaN,NaN,NaN,NaN,NaN,NaN,NaN,NaN,NaN,NaN,NaN
0.026721,0.026059,0.025404,0.024756,0.024115,0.023482,0.022857,0.022243,0.021638,0.021045,0.020465,0.019898,0.019346,0.018811,0.018293,0.017794,0.017316,0.016861,0.016429,0.016024,0.015647,0.0153,0.014985,0.014705,0.01446,0.014252,0.014084,0.014115,0.013967,0.013872,0.013842,0.013884,0.013993,0.014158,0.014244,0.014359,0.014584,0.014844,0.015138,0.015462,0.015816,0.016197,0.016604,0.017034,0.017487,0.017961,0.018453,0.018964,0.019494,0.020032,0.020595,0.021154,0.021702,0.02221,0.022584,0.022913,0.023241,0.023509,0.023604,0.023538,0.023405,0.023201,0.023083,0.023092,0.023005,0.022648,0.02226,0.02194,0.021797,0.021814,0.02146,0.020959,0.020209,0.019516,0.018954,0.018548,0.01827,0.018013,0.017908,0.017956,0.018188,0.018516,0.018972,0.019543,0.020216,0.020981,0.021667,0.021997,0.022325,0.022696,0.023133,0.02351,0.023892,0.024377,0.024836,0.025715,0.027926,0.027291,0.026098,0.02499,0.023906,0.022931,0.0221,0.02144,0.020982,0.020716,0.020663,0.020811,0.021144,0.021641,0.022283,0.023054,0.023897,0.024356,0.020922,0.020698,0.020754,0.020886,0.020977,0.021033,0.021223,0.021153,0.021265,0.021278,0.021473,0.021611,0.021744,0.02126,0.021311,0.021349,0.021459,0.021582,0.021718,0.021862,0.021986,0.021903,0.020715,0.018782,0.018388,0.018063,0.017747,0.017439,0.017141,0.016741,0.01642,0.016136,0.015792,0.015495,0.015237,0.014993,0.014761,0.014544,0.014342,0.014154,0.013983,0.013827,0.013687,0.013564,0.013458,0.013369,0.013297,0.013242,0.013204,0.013183,0.013179,0.013191,0.013219,0.013263,0.013322,0.013396,0.013485,0.013589,0.013706,0.013836,0.01398,0.014136,0.014286,0.014443,0.014621,0.014804,0.014971,0.015175,0.015316,0.015478,0.015628,0.01569,0.015775,0.015857,0.015946,0.016036,0.016103,0.016198,0.016294,0.016395,0.01647,0.016558,0.01668,0.016774,0.016799,0.016799,0.016792,0.016787,0.016831,0.016937,0.01709,0.017114,0.01719,0.017272,0.017295,0.017214,0.017188,0.017233,0.01721,0.017092,0.017008,0.016981,0.016775,0.01654,0.016358,0.016244,0.016257,0.016157,0.01616,0.016152,0.016225,0.016487,0.016712,0.017091,0.017478,0.01795,0.01863,0.019521,0.020167,0.020764,0.021455,0.022255,0.023169,0.024179,0.025255,0.026375,NaN,NaN,NaN,NaN,NaN,NaN,NaN,NaN,NaN,NaN
0.026779,0.026111,0.025448,0.024793,0.024146,0.023506,0.022876,0.022256,0.021647,0.021049,0.020465,0.019895,0.01934,0.018803,0.018284,0.017785,0.017307,0.016853,0.016424,0.016023,0.01565,0.015308,0.014999,0.014726,0.014514,0.014307,0.014141,0.014103,0.013986,0.013919,0.013908,0.013958,0.014064,0.014219,0.014297,0.014497,0.014733,0.015004,0.015309,0.015632,0.015994,0.016384,0.0168,0.01723,0.017689,0.018169,0.018668,0.019184,0.019713,0.020256,0.020811,0.021384,0.021936,0.022428,0.022753,0.022958,0.023188,0.023385,0.023404,0.023336,0.023197,0.023027,0.022878,0.022851,0.022982,0.022691,0.02231,0.021977,0.021941,0.021999,0.021604,0.020964,0.020335,0.019782,0.019245,0.01888,0.018569,0.018348,0.018269,0.018308,0.018465,0.018774,0.019207,0.019755,0.02039,0.020989,0.021652,0.022038,0.022309,0.022623,0.022962,0.023314,0.023661,0.024096,0.024552,0.025342,0.027829,0.027149,0.026232,0.025043,0.023909,0.02293,0.022084,0.021428,0.02099,0.020851,0.020876,0.021143,0.021631,0.02232,0.023188,0.024212,0.025283,0.025963,0.021409,0.021465,0.021591,0.021907,0.022151,0.022281,0.022231,0.02207,0.02183,0.021714,0.021741,0.021645,0.021462,0.020935,0.0208,0.020617,0.02052,0.020433,0.020355,0.020287,0.020209,0.019923,0.018898,0.017953,0.017555,0.017216,0.016886,0.016564,0.016253,0.015937,0.015616,0.015332,0.015031,0.014769,0.01452,0.014285,0.014064,0.013859,0.013669,0.013496,0.013339,0.0132,0.013077,0.012973,0.012886,0.012818,0.012767,0.012735,0.012721,0.012725,0.012747,0.012786,0.012843,0.012917,0.013007,0.013114,0.013236,0.013375,0.013528,0.013696,0.013878,0.014033,0.014236,0.014452,0.014679,0.014918,0.015169,0.015415,0.015607,0.015791,0.015966,0.016119,0.016233,0.016359,0.016495,0.016638,0.016794,0.016957,0.01714,0.017314,0.017452,0.017593,0.017783,0.01798,0.018129,0.018169,0.018168,0.018235,0.018359,0.018572,0.018799,0.018895,0.01896,0.01904,0.018954,0.018867,0.018828,0.018743,0.018621,0.018521,0.018171,0.017909,0.017694,0.017396,0.017035,0.016688,0.016451,0.01641,0.016177,0.015999,0.015958,0.016295,0.016407,0.016687,0.016945,0.017318,0.018269,0.019105,0.019762,0.020235,0.020863,0.02167,0.022673,0.02386,0.02519,0.026617,0.028108,NaN,NaN,NaN,NaN,NaN,NaN,NaN,NaN,NaN
0.026897,0.026212,0.025535,0.024866,0.024207,0.023558,0.022921,0.022297,0.021689,0.021096,0.020519,0.019958,0.019414,0.018888,0.01838,0.017807,0.017319,0.016854,0.016415,0.016003,0.015622,0.015273,0.014959,0.014682,0.014442,0.014243,0.014084,0.014033,0.013949,0.013909,0.013912,0.013959,0.014047,0.014159,0.014326,0.014531,0.014774,0.015052,0.015364,0.015709,0.016071,0.01647,0.016896,0.017346,0.017819,0.018313,0.018826,0.019357,0.019904,0.020467,0.021042,0.021632,0.022214,0.022659,0.022992,0.023254,0.023544,0.023792,0.023861,0.023753,0.023536,0.023308,0.023156,0.02306,0.023088,0.022682,0.022283,0.021968,0.021678,0.021722,0.021301,0.0208,0.020053,0.019369,0.018859,0.01845,0.01818,0.017994,0.017952,0.018071,0.018328,0.018723,0.01924,0.019872,0.020579,0.021372,0.022145,0.022308,0.022684,0.023026,0.023378,0.023774,0.024156,0.024515,0.024895,0.02552,0.028171,0.027512,0.026448,0.025156,0.023944,0.022882,0.022001,0.021332,0.02093,0.020751,0.020843,0.021196,0.021782,0.022564,0.023537,0.024679,0.025811,0.026431,0.02183,0.02182,0.021891,0.02211,0.022028,0.022017,0.02206,0.021951,0.021811,0.021694,0.021566,0.021573,0.021554,0.020707,0.020501,0.020339,0.020195,0.020064,0.019951,0.019848,0.019752,0.019425,0.018565,0.01785,0.017496,0.017161,0.016814,0.016492,0.01615,0.015825,0.015525,0.015236,0.014926,0.014656,0.014398,0.014153,0.013921,0.013704,0.013502,0.013316,0.013145,0.012991,0.012855,0.012735,0.012634,0.012551,0.012486,0.01244,0.012412,0.012404,0.012414,0.012442,0.012489,0.012553,0.012636,0.012736,0.012822,0.012951,0.013097,0.013258,0.013434,0.013624,0.013829,0.014046,0.014277,0.01452,0.014774,0.015033,0.01527,0.015532,0.015747,0.015921,0.016085,0.016277,0.016511,0.016702,0.0169,0.017097,0.017309,0.017494,0.0177,0.017902,0.018118,0.018348,0.018519,0.018651,0.01872,0.018835,0.019014,0.019252,0.019523,0.019622,0.01973,0.019847,0.019857,0.019839,0.019785,0.019727,0.019522,0.019299,0.018871,0.018634,0.018133,0.017711,0.017208,0.016827,0.01641,0.016142,0.015863,0.015639,0.015514,0.015538,0.015666,0.015898,0.016175,0.016511,0.017368,0.018575,0.018911,0.019303,0.019815,0.02044,0.02128,0.022346,0.023614,0.025033,0.026556,0.02815,NaN,NaN,NaN,NaN,NaN,NaN,NaN,NaN
0.026844,0.026172,0.025507,0.024848,0.024198,0.023555,0.022922,0.022298,0.021685,0.021084,0.020497,0.019923,0.019365,0.018823,0.0183,0.017798,0.017317,0.016859,0.016427,0.016022,0.015647,0.015303,0.014992,0.014717,0.014479,0.01431,0.014143,0.014018,0.013935,0.013895,0.013898,0.013944,0.014026,0.014149,0.014313,0.014516,0.014756,0.015031,0.01534,0.015681,0.016035,0.016425,0.016842,0.017284,0.017741,0.018222,0.018723,0.019241,0.019776,0.020327,0.020891,0.021469,0.022039,0.022565,0.022955,0.023257,0.023561,0.023807,0.023945,0.023913,0.023786,0.023577,0.023354,0.023262,0.023027,0.022754,0.022339,0.021913,0.021695,0.021695,0.021171,0.020596,0.019886,0.019385,0.018902,0.018592,0.018339,0.018152,0.018115,0.01823,0.018498,0.018896,0.019421,0.020063,0.020747,0.021564,0.02228,0.022537,0.022955,0.023341,0.023751,0.02406,0.024353,0.024724,0.025162,0.02599,0.028183,0.027333,0.026289,0.024975,0.023762,0.022693,0.021798,0.021106,0.020648,0.020442,0.020495,0.020795,0.021323,0.022051,0.022957,0.024018,0.025131,0.02571,0.021488,0.021727,0.021975,0.022127,0.022155,0.022506,0.022565,0.02251,0.02234,0.022278,0.022231,0.022094,0.021888,0.021068,0.020737,0.020549,0.020371,0.020233,0.020104,0.019983,0.019851,0.019612,0.01867,0.01798,0.017627,0.017281,0.016942,0.016612,0.01629,0.015977,0.015674,0.015366,0.015078,0.014801,0.014536,0.014284,0.014044,0.013818,0.013607,0.01341,0.013229,0.013064,0.012915,0.012783,0.012669,0.012572,0.012493,0.012433,0.012391,0.012368,0.012363,0.012377,0.012409,0.01246,0.012529,0.012616,0.01272,0.012841,0.012979,0.013134,0.013304,0.013476,0.013673,0.013885,0.01411,0.014348,0.014598,0.014853,0.015085,0.015319,0.015557,0.015777,0.015979,0.016203,0.016473,0.016697,0.016923,0.017156,0.01739,0.017637,0.017856,0.018084,0.018345,0.018642,0.018863,0.018992,0.019125,0.019299,0.019553,0.019858,0.020147,0.0202,0.020216,0.020292,0.020197,0.020035,0.01995,0.019801,0.019579,0.019178,0.01886,0.018464,0.018044,0.017594,0.017199,0.016778,0.016348,0.015958,0.015655,0.015437,0.015206,0.015041,0.015183,0.0152,0.01538,0.015621,0.016245,0.017086,0.017514,0.017949,0.018464,0.019114,0.01991,0.020858,0.02195,0.02316,0.024458,0.025819,0.027228,NaN,NaN,NaN,NaN,NaN,NaN,NaN
0.026915,0.026236,0.025563,0.024898,0.024241,0.023593,0.022955,0.022328,0.021714,0.021112,0.020524,0.019952,0.019396,0.018857,0.018336,0.017836,0.017358,0.01688,0.016441,0.01603,0.015649,0.015299,0.014984,0.014704,0.014462,0.01426,0.0141,0.013981,0.013906,0.013874,0.013886,0.013941,0.014038,0.014177,0.014369,0.014579,0.014825,0.015107,0.015422,0.015768,0.016144,0.016548,0.016978,0.017432,0.017908,0.018406,0.018923,0.019459,0.020011,0.020579,0.021161,0.021761,0.02234,0.022817,0.023191,0.023419,0.023671,0.023879,0.023979,0.023754,0.023524,0.023237,0.022998,0.022746,0.022526,0.022215,0.021831,0.021473,0.021273,0.021473,0.021275,0.020617,0.019866,0.019241,0.018762,0.018382,0.018157,0.017975,0.017943,0.018061,0.018337,0.018736,0.019261,0.019899,0.020628,0.021435,0.022257,0.022575,0.02298,0.023314,0.02372,0.024019,0.024376,0.024744,0.025193,0.026038,0.028584,0.027616,0.026258,0.024955,0.023737,0.022671,0.021787,0.021119,0.020697,0.020542,0.020656,0.021027,0.021631,0.02244,0.023404,0.024545,0.025742,0.026377,0.021835,0.021853,0.022156,0.022331,0.02251,0.022552,0.022556,0.022433,0.022193,0.021953,0.022022,0.021995,0.02176,0.020889,0.020596,0.02033,0.020123,0.01994,0.019766,0.0196,0.01943,0.01913,0.018351,0.01774,0.017374,0.017044,0.016722,0.016409,0.016078,0.015754,0.015465,0.015186,0.014867,0.014596,0.014337,0.014092,0.013861,0.013644,0.013443,0.013258,0.01309,0.012939,0.012807,0.012692,0.012597,0.01252,0.012461,0.012422,0.012401,0.012399,0.012415,0.012449,0.012464,0.012528,0.012609,0.012707,0.012822,0.012953,0.013101,0.013264,0.013442,0.013634,0.01384,0.01406,0.014293,0.014538,0.014795,0.015026,0.015234,0.015465,0.015724,0.015873,0.016022,0.016208,0.016404,0.01662,0.016841,0.017067,0.017293,0.017527,0.017763,0.018049,0.018325,0.01858,0.018791,0.018961,0.019038,0.019258,0.019443,0.019738,0.020105,0.020265,0.020084,0.02003,0.019956,0.019839,0.019694,0.019525,0.019259,0.019002,0.018571,0.018134,0.017669,0.017193,0.016646,0.016146,0.015754,0.015408,0.015057,0.014885,0.014702,0.014575,0.014539,0.014599,0.014717,0.014937,0.015591,0.016316,0.016622,0.016966,0.017382,0.017914,0.018572,0.019365,0.020291,0.021335,0.022474,0.023682,0.024943,0.026243,NaN,NaN,NaN,NaN,NaN,NaN
0.026682,0.026024,0.025373,0.024728,0.02409,0.023461,0.022839,0.022228,0.021626,0.021035,0.020457,0.019892,0.019341,0.018806,0.018289,0.01779,0.017311,0.016854,0.016422,0.016015,0.015636,0.015286,0.014968,0.014685,0.014436,0.014226,0.014053,0.013954,0.013855,0.013798,0.013783,0.013809,0.013876,0.013984,0.014131,0.014316,0.014538,0.014795,0.015085,0.015407,0.015759,0.016138,0.016534,0.016961,0.017411,0.017882,0.018373,0.018882,0.019408,0.019949,0.020504,0.021082,0.021646,0.022162,0.022561,0.02287,0.023194,0.023411,0.023539,0.023574,0.023462,0.023368,0.023239,0.023217,0.023353,0.023146,0.022749,0.022362,0.022228,0.022344,0.022075,0.021462,0.020726,0.020125,0.019598,0.019167,0.018842,0.018586,0.018477,0.018517,0.018654,0.018928,0.019336,0.019857,0.02048,0.021158,0.021787,0.021922,0.022229,0.022601,0.022898,0.023158,0.023489,0.023845,0.024445,0.025282,0.02751,0.02685,0.025804,0.024727,0.023588,0.022598,0.021788,0.02119,0.020839,0.020756,0.020949,0.021405,0.022098,0.022997,0.024072,0.025296,0.026632,0.027552,0.021916,0.021934,0.022052,0.022032,0.021825,0.021962,0.022069,0.021887,0.021722,0.021466,0.021388,0.021346,0.021247,0.020503,0.020232,0.019999,0.019804,0.019619,0.019467,0.019329,0.019205,0.019011,0.018137,0.017472,0.017094,0.016775,0.016464,0.016141,0.015844,0.015536,0.015253,0.014953,0.014686,0.01443,0.014185,0.013953,0.013734,0.013527,0.013335,0.013157,0.012993,0.012845,0.012713,0.012596,0.012496,0.012413,0.012346,0.012296,0.012264,0.012248,0.01225,0.012269,0.012284,0.012334,0.012401,0.012484,0.012583,0.012698,0.012829,0.012974,0.013134,0.013308,0.013496,0.013697,0.013911,0.014137,0.014365,0.014611,0.014868,0.015049,0.015282,0.015538,0.015779,0.015985,0.016189,0.016408,0.016626,0.016844,0.017065,0.017286,0.017505,0.017728,0.017955,0.018233,0.018462,0.018703,0.018877,0.019074,0.019313,0.019596,0.019885,0.020014,0.020097,0.020091,0.019935,0.019814,0.019662,0.019387,0.019164,0.018885,0.018406,0.018056,0.017582,0.017182,0.016732,0.016235,0.015812,0.015408,0.015085,0.014851,0.01479,0.01462,0.014596,0.014549,0.014597,0.014742,0.015317,0.016133,0.016238,0.016449,0.016735,0.017137,0.017665,0.018331,0.019139,0.020079,0.021132,0.022272,0.023479,0.024735,0.026029,NaN,NaN,NaN,NaN,NaN
0.026812,0.026139,0.025472,0.024813,0.024161,0.023519,0.022886,0.022263,0.021652,0.021055,0.020471,0.019903,0.019351,0.018817,0.018302,0.017807,0.017335,0.016886,0.016463,0.016064,0.015688,0.015344,0.015033,0.014756,0.014517,0.014316,0.014169,0.014043,0.013958,0.013916,0.013917,0.01396,0.014044,0.014113,0.014266,0.014457,0.014684,0.014947,0.015242,0.01557,0.015926,0.016311,0.016721,0.017156,0.017613,0.018092,0.018589,0.019104,0.019636,0.020184,0.020745,0.021319,0.021917,0.022401,0.022741,0.023028,0.023349,0.023571,0.023728,0.023673,0.023556,0.023307,0.023204,0.023136,0.023159,0.02283,0.022436,0.021995,0.021852,0.021951,0.021494,0.020891,0.020193,0.019568,0.019018,0.01863,0.01839,0.018164,0.018086,0.018158,0.018394,0.018752,0.019226,0.019815,0.020507,0.02127,0.022023,0.022286,0.022676,0.023038,0.023543,0.0239,0.024218,0.024631,0.025082,0.026011,0.028158,0.027281,0.026148,0.0249,0.02373,0.022719,0.021897,0.0213,0.020962,0.020879,0.021069,0.021515,0.02209,0.022922,0.023932,0.0251,0.026317,0.027094,0.021823,0.021755,0.021909,0.021987,0.021913,0.021999,0.022027,0.021831,0.021782,0.021562,0.021514,0.021388,0.021258,0.02035,0.020131,0.019936,0.01977,0.019628,0.019474,0.019343,0.019189,0.018919,0.018208,0.01747,0.01713,0.016797,0.01647,0.016152,0.015841,0.015538,0.015245,0.014961,0.014687,0.014424,0.014171,0.013931,0.013703,0.013487,0.013285,0.013097,0.012924,0.012765,0.012623,0.012496,0.012385,0.012291,0.012214,0.012155,0.012112,0.012087,0.01208,0.01209,0.012117,0.012162,0.012224,0.012302,0.012397,0.012508,0.012635,0.012777,0.012934,0.013106,0.013292,0.013491,0.013703,0.013928,0.014164,0.014412,0.014645,0.014864,0.015115,0.015312,0.015498,0.015705,0.015923,0.016136,0.01635,0.016577,0.016792,0.017014,0.017246,0.01748,0.017778,0.017988,0.018267,0.018522,0.018762,0.01895,0.019194,0.019497,0.019811,0.020122,0.020253,0.020413,0.020498,0.020585,0.020662,0.020749,0.020572,0.020372,0.020134,0.019829,0.019467,0.019054,0.018578,0.018178,0.017756,0.017355,0.01691,0.016573,0.016154,0.015893,0.015829,0.015597,0.015471,0.015503,0.016109,0.016671,0.016869,0.017057,0.01737,0.01781,0.01838,0.019081,0.019913,0.02087,0.021937,0.023093,0.024322,0.025606,0.026934,0.028297,NaN,NaN,NaN,NaN
0.026747,0.026087,0.025433,0.024786,0.024146,0.023514,0.02289,0.022276,0.021672,0.021078,0.020497,0.019929,0.019375,0.018837,0.018316,0.017814,0.017331,0.016871,0.016435,0.016025,0.015643,0.015291,0.014971,0.014686,0.014437,0.014225,0.014053,0.013922,0.013832,0.013784,0.013778,0.013814,0.013891,0.014008,0.014165,0.014361,0.014592,0.014858,0.015158,0.015488,0.015848,0.016235,0.016638,0.017071,0.017527,0.018003,0.018498,0.019012,0.019541,0.020086,0.020667,0.021231,0.021772,0.022245,0.022592,0.022878,0.023172,0.023427,0.023473,0.023494,0.023378,0.023255,0.023294,0.023103,0.023056,0.022684,0.022373,0.022105,0.021951,0.021988,0.021792,0.021273,0.020669,0.020102,0.019462,0.01896,0.018615,0.018325,0.018185,0.018197,0.018334,0.018633,0.019066,0.01962,0.020244,0.020957,0.021631,0.021975,0.022335,0.02276,0.023259,0.023691,0.024088,0.02453,0.025099,0.026067,0.028418,0.027884,0.026607,0.025287,0.024082,0.023028,0.022156,0.021498,0.021086,0.020941,0.021066,0.021448,0.022061,0.022877,0.023868,0.025201,0.026311,0.027169,0.021674,0.021588,0.021423,0.021553,0.021644,0.021633,0.021674,0.021628,0.021459,0.021314,0.021276,0.02123,0.02114,0.02037,0.020184,0.020036,0.019919,0.019821,0.01974,0.019667,0.019583,0.019292,0.018325,0.017536,0.017198,0.016881,0.01657,0.016265,0.015968,0.015628,0.015339,0.015059,0.014786,0.014523,0.014269,0.014025,0.013792,0.01357,0.013359,0.013159,0.012973,0.012799,0.012639,0.012492,0.01236,0.012242,0.012139,0.012051,0.011979,0.011923,0.011882,0.011858,0.011849,0.011857,0.011881,0.011921,0.011976,0.012047,0.012134,0.012236,0.012352,0.012483,0.012628,0.012786,0.012958,0.013143,0.013339,0.013548,0.013767,0.013998,0.014226,0.014457,0.014667,0.0149,0.01514,0.015388,0.015646,0.015909,0.016174,0.016449,0.016713,0.016984,0.017313,0.01756,0.01783,0.018099,0.018328,0.018609,0.018909,0.019246,0.019605,0.01982,0.020084,0.020352,0.020579,0.020669,0.020761,0.020912,0.020857,0.020864,0.020655,0.020508,0.020108,0.019705,0.019334,0.018844,0.018435,0.018081,0.017734,0.017279,0.016978,0.016646,0.016504,0.016239,0.016008,0.015843,0.016297,0.016984,0.016948,0.017002,0.017188,0.017457,0.017871,0.018435,0.01915,0.020014,0.021016,0.022138,0.023357,0.024653,0.026009,0.027413,0.028855,NaN,NaN,NaN
0.02678,0.026108,0.025443,0.024785,0.024135,0.023493,0.022861,0.022239,0.021628,0.021029,0.020444,0.019873,0.019319,0.018783,0.018266,0.01777,0.017296,0.016846,0.016423,0.016026,0.01566,0.015324,0.015022,0.014754,0.014524,0.014332,0.01418,0.014219,0.014116,0.014055,0.014037,0.014062,0.014128,0.014217,0.014361,0.014545,0.014767,0.015025,0.015319,0.015646,0.01598,0.016362,0.016773,0.01721,0.017664,0.018139,0.018637,0.019154,0.019688,0.020239,0.020804,0.021383,0.021874,0.022351,0.022715,0.023016,0.023354,0.02358,0.023667,0.023706,0.023574,0.02343,0.023239,0.02303,0.023201,0.022855,0.022483,0.022162,0.02196,0.021995,0.021593,0.020896,0.020223,0.019665,0.019113,0.018652,0.018442,0.018189,0.018082,0.018123,0.01831,0.018645,0.019091,0.019652,0.020289,0.021038,0.021743,0.021978,0.02234,0.022758,0.023148,0.023509,0.023892,0.02436,0.024856,0.025706,0.027922,0.027153,0.026105,0.024902,0.023787,0.022813,0.022009,0.021402,0.021026,0.020881,0.020983,0.021321,0.021872,0.022614,0.023523,0.024578,0.025726,0.026317,0.021613,0.021215,0.021215,0.021423,0.021441,0.021621,0.021675,0.021572,0.021471,0.021418,0.021584,0.021667,0.021672,0.020514,0.02027,0.020132,0.019982,0.019878,0.019788,0.019712,0.019592,0.019402,0.018539,0.017653,0.017276,0.016952,0.016633,0.01632,0.016014,0.015714,0.015422,0.015138,0.014862,0.014595,0.014337,0.014088,0.01385,0.013622,0.013406,0.013201,0.013008,0.012828,0.012661,0.012508,0.012368,0.012244,0.012134,0.012039,0.01196,0.011896,0.011848,0.011817,0.011801,0.011802,0.011819,0.011852,0.011901,0.011966,0.012046,0.012142,0.012253,0.012378,0.012517,0.012671,0.012837,0.013017,0.013209,0.013413,0.013628,0.013854,0.014091,0.014309,0.014525,0.014757,0.014997,0.015243,0.0155,0.015767,0.016032,0.016294,0.016563,0.016839,0.017177,0.017432,0.017711,0.017975,0.01834,0.01858,0.018865,0.019205,0.019597,0.019862,0.02006,0.020265,0.02039,0.020438,0.020585,0.020718,0.020691,0.020542,0.020472,0.02022,0.019908,0.019628,0.019192,0.018747,0.018384,0.017988,0.017582,0.017172,0.016938,0.016645,0.016319,0.016,0.015722,0.015507,0.015877,0.016385,0.016311,0.016254,0.016325,0.016527,0.016864,0.017337,0.017949,0.018697,0.019573,0.020564,0.021652,0.022819,0.024049,0.025329,0.026649,0.028002,NaN,NaN
0.026843,0.026169,0.025502,0.024842,0.02419,0.023547,0.022914,0.022293,0.021683,0.021087,0.020505,0.019938,0.019386,0.018851,0.018334,0.017836,0.017345,0.016881,0.016441,0.016028,0.015644,0.015291,0.014971,0.014687,0.01444,0.014233,0.014066,0.01394,0.013858,0.013818,0.013822,0.013869,0.013959,0.014089,0.01426,0.014469,0.014716,0.014998,0.015312,0.015659,0.016034,0.016438,0.016867,0.017319,0.017794,0.01829,0.018804,0.019336,0.019884,0.020447,0.021024,0.021613,0.022161,0.022651,0.022952,0.023229,0.02345,0.023687,0.023736,0.023678,0.023531,0.023325,0.023151,0.022974,0.022861,0.022519,0.022104,0.021699,0.021521,0.021756,0.021528,0.020972,0.020231,0.019578,0.019041,0.018747,0.018499,0.018295,0.018246,0.018354,0.018614,0.019016,0.019547,0.020193,0.02092,0.021723,0.022359,0.022625,0.022929,0.023229,0.023484,0.02374,0.024068,0.024526,0.024873,0.025693,0.028192,0.027251,0.026138,0.024888,0.023676,0.022606,0.02173,0.021082,0.020698,0.020601,0.020851,0.021299,0.021996,0.022913,0.024021,0.025294,0.026567,0.027117,0.021922,0.021937,0.021907,0.021881,0.021998,0.02208,0.021862,0.021744,0.02157,0.021383,0.021447,0.021308,0.021085,0.020355,0.020198,0.02002,0.019932,0.019778,0.019632,0.019495,0.019351,0.019003,0.018227,0.01754,0.017175,0.016865,0.01656,0.016264,0.015873,0.015574,0.015283,0.015001,0.014729,0.014466,0.014214,0.013972,0.013742,0.013524,0.013318,0.013125,0.012945,0.01278,0.012629,0.012493,0.012372,0.012267,0.012178,0.012105,0.012049,0.012009,0.011986,0.01198,0.011991,0.012018,0.012063,0.012123,0.012201,0.012294,0.012403,0.012527,0.012667,0.012821,0.012989,0.013171,0.013366,0.013573,0.013793,0.014024,0.014252,0.014489,0.014733,0.014972,0.01519,0.015428,0.015676,0.015933,0.016193,0.016464,0.016739,0.017018,0.017292,0.017572,0.017859,0.018146,0.018447,0.018732,0.019034,0.019299,0.019587,0.019923,0.020276,0.020491,0.020743,0.020867,0.020968,0.021017,0.021044,0.020976,0.020874,0.020699,0.020284,0.019795,0.019415,0.018976,0.018561,0.018278,0.017823,0.017396,0.016889,0.016463,0.016192,0.015832,0.015471,0.015153,0.014988,0.014874,0.014986,0.015358,0.015505,0.015633,0.015865,0.016196,0.016568,0.017041,0.017614,0.018286,0.019051,0.019904,0.020835,0.021833,0.022887,0.023986,0.025121,0.026287,0.027477,NaN
0.026669,0.025987,0.025317,0.024666,0.024036,0.023428,0.022836,0.02219,0.021599,0.021021,0.020457,0.019908,0.019373,0.018821,0.018307,0.017812,0.017337,0.016884,0.016455,0.016051,0.015673,0.015325,0.015008,0.014723,0.014473,0.01426,0.014084,0.014033,0.013907,0.013823,0.013785,0.013795,0.013854,0.01396,0.01411,0.0143,0.014451,0.014677,0.014948,0.01525,0.015583,0.015944,0.016331,0.016743,0.017179,0.017635,0.018112,0.018607,0.019118,0.019646,0.020188,0.02075,0.021314,0.021844,0.022277,0.022607,0.022927,0.023161,0.023309,0.023383,0.023357,0.023304,0.023313,0.02332,0.023617,0.023445,0.023022,0.022711,0.022499,0.022657,0.02256,0.021914,0.021116,0.020435,0.0198,0.019385,0.018989,0.018703,0.01858,0.018621,0.018852,0.019204,0.019664,0.020248,0.020874,0.021565,0.022241,0.02238,0.022638,0.02288,0.023204,0.023464,0.023758,0.024172,0.024564,0.025347,0.027407,0.02679,0.025617,0.024475,0.023403,0.022474,0.021713,0.021149,0.020844,0.020725,0.020854,0.021224,0.021816,0.022606,0.023571,0.024687,0.02588,0.026417,0.021747,0.021771,0.021882,0.022038,0.022186,0.022296,0.022207,0.022166,0.021935,0.021774,0.021805,0.021622,0.021436,0.020482,0.020264,0.020048,0.019847,0.019662,0.019511,0.019374,0.01925,0.01901,0.018321,0.017656,0.017211,0.016879,0.016554,0.016236,0.015926,0.015623,0.015328,0.015042,0.014765,0.014498,0.01424,0.013994,0.013759,0.013536,0.013325,0.013127,0.012943,0.012773,0.012617,0.012477,0.012352,0.012242,0.012149,0.012073,0.012014,0.011971,0.011946,0.011937,0.011946,0.011973,0.012016,0.012076,0.012152,0.012245,0.012354,0.012479,0.012619,0.012773,0.012942,0.013125,0.013321,0.01353,0.013751,0.013976,0.014209,0.014385,0.014629,0.014852,0.015081,0.015337,0.015601,0.015875,0.016142,0.016415,0.0167,0.016977,0.017252,0.017528,0.017814,0.018122,0.018413,0.018724,0.018958,0.01921,0.0195,0.019831,0.020182,0.020452,0.020584,0.020746,0.020882,0.020951,0.020941,0.020871,0.02079,0.020766,0.02048,0.020229,0.019847,0.019344,0.018897,0.018377,0.017773,0.017227,0.016775,0.016328,0.015894,0.015525,0.015211,0.014902,0.014636,0.014494,0.014637,0.014886,0.014948,0.015,0.015151,0.0154,0.015744,0.016181,0.016709,0.017325,0.018023,0.018799,0.019645,0.02055,0.021507,0.022505,0.023539,0.024603,0.025691,0.026801
