0.028288,0.027435,0.026593,0.025761,0.024941,0.024134,0.023342,0.022566,0.021808,0.021069,0.020352,0.019659,0.018994,0.018358,0.017755,0.017188,0.016662,0.01618,0.015746,0.015364,0.015038,0.014773,0.014571,0.014434,0.014365,0.014365,0.014434,0.014571,0.014773,0.015038,0.015364,0.015746,0.01618,0.016662,0.017188,0.017755,0.018358,0.018994,0.019659,0.020352,0.021069,0.021808,0.022566,0.023342,0.024134,0.024941,0.025761,0.026593,0.027435,0.028288,NaN,NaN,NaN,NaN,NaN,NaN,NaN,NaN,NaN,NaN,NaN,NaN,NaN,NaN,NaN,NaN,NaN,NaN,NaN,NaN,NaN,NaN,NaN,NaN,NaN,NaN,NaN,NaN,NaN,NaN,NaN,NaN,NaN,NaN,NaN,NaN,NaN,NaN,NaN,NaN,NaN,NaN,NaN,NaN,NaN,NaN,NaN,NaN,NaN,NaN,NaN,NaN,NaN,NaN,NaN,NaN,NaN,NaN,NaN,NaN,NaN,NaN,NaN,NaN,NaN,NaN,NaN,NaN,NaN,NaN,NaN,NaN,NaN,NaN,NaN,NaN,NaN,NaN,NaN,NaN,NaN,NaN,NaN,NaN,NaN,NaN,NaN,NaN,NaN,NaN,NaN,NaN,NaN,NaN,NaN,NaN,NaN,NaN,NaN,NaN,NaN,NaN,NaN,NaN,NaN,NaN,NaN,NaN,NaN,NaN,NaN,NaN,NaN,NaN,NaN,NaN,NaN,NaN,NaN,NaN,NaN,NaN,NaN,NaN,NaN,NaN,NaN,NaN,NaN,NaN,NaN,NaN,NaN,NaN,NaN,NaN,NaN,NaN,NaN,NaN,NaN,NaN,NaN,NaN,NaN,NaN,NaN,NaN,NaN,NaN,NaN,NaN,NaN,NaN,NaN,NaN,NaN,NaN,NaN,NaN,NaN,NaN,NaN,NaN,NaN,NaN,NaN,NaN,NaN,NaN,NaN,NaN,NaN,NaN,NaN,NaN,NaN,NaN,NaN,NaN,NaN,NaN,NaN,NaN,NaN,NaN,NaN,NaN,NaN,NaN,NaN,NaN,NaN,NaN,NaN,NaN,NaN,NaN,NaN,NaN,NaN
0.027885,0.027047,0.026227,0.025431,0.024655,0.02388,0.023112,0.02236,0.021624,0.020906,0.020209,0.019534,0.018884,0.018262,0.01767,0.017111,0.01659,0.016109,0.015672,0.015283,0.014947,0.014665,0.014442,0.014281,0.014183,0.01415,0.014183,0.01428,0.01444,0.014662,0.014943,0.015279,0.015667,0.016103,0.016583,0.017104,0.017663,0.018254,0.018876,0.019526,0.020201,0.020898,0.021615,0.022351,0.023103,0.023871,0.024651,0.025445,0.026249,0.027064,0.027888,NaN,NaN,NaN,NaN,NaN,NaN,NaN,NaN,NaN,NaN,NaN,NaN,NaN,NaN,NaN,NaN,NaN,NaN,NaN,NaN,NaN,NaN,NaN,NaN,NaN,NaN,NaN,NaN,NaN,NaN,NaN,NaN,NaN,NaN,NaN,NaN,NaN,NaN,NaN,NaN,NaN,NaN,NaN,NaN,NaN,NaN,NaN,NaN,NaN,NaN,NaN,NaN,NaN,NaN,NaN,NaN,NaN,NaN,NaN,NaN,NaN,NaN,NaN,NaN,NaN,NaN,NaN,NaN,NaN,NaN,NaN,NaN,NaN,NaN,NaN,NaN,NaN,NaN,NaN,NaN,NaN,NaN,NaN,NaN,NaN,NaN,NaN,NaN,NaN,NaN,NaN,NaN,NaN,NaN,NaN,NaN,NaN,NaN,NaN,NaN,NaN,NaN,NaN,NaN,NaN,NaN,NaN,NaN,NaN,NaN,NaN,NaN,NaN,NaN,NaN,NaN,NaN,NaN,NaN,NaN,NaN,NaN,NaN,NaN,NaN,NaN,NaN,NaN,NaN,NaN,NaN,NaN,NaN,NaN,NaN,NaN,NaN,NaN,NaN,NaN,NaN,NaN,NaN,NaN,NaN,NaN,NaN,NaN,NaN,NaN,NaN,NaN,NaN,NaN,NaN,NaN,NaN,NaN,NaN,NaN,NaN,NaN,NaN,NaN,NaN,NaN,NaN,NaN,NaN,NaN,NaN,NaN,NaN,NaN,NaN,NaN,NaN,NaN,NaN,NaN,NaN,NaN,NaN,NaN,NaN,NaN,NaN,NaN,NaN,NaN,NaN,NaN,NaN,NaN,NaN,NaN,NaN,NaN,NaN,NaN
0.0276,0.026801,0.02601,0.025229,0.024458,0.023699,0.022953,0.022221,0.021505,0.020806,0.020126,0.019466,0.01883,0.018219,0.017637,0.017086,0.016569,0.016089,0.01565,0.015256,0.01491,0.014615,0.014375,0.014193,0.014069,0.014008,0.014008,0.014069,0.014193,0.014375,0.014615,0.01491,0.015256,0.01565,0.016089,0.016569,0.017086,0.017637,0.018219,0.01883,0.019466,0.020126,0.020806,0.021505,0.022221,0.022953,0.023699,0.024458,0.025229,0.02601,0.026801,0.0276,NaN,NaN,NaN,NaN,NaN,NaN,NaN,NaN,NaN,NaN,NaN,NaN,NaN,NaN,NaN,NaN,NaN,NaN,NaN,NaN,NaN,NaN,NaN,NaN,NaN,NaN,NaN,NaN,NaN,NaN,NaN,NaN,NaN,NaN,NaN,NaN,NaN,NaN,NaN,NaN,NaN,NaN,NaN,NaN,NaN,NaN,NaN,NaN,NaN,NaN,NaN,NaN,NaN,NaN,NaN,NaN,NaN,NaN,NaN,NaN,NaN,NaN,NaN,NaN,NaN,NaN,NaN,NaN,NaN,NaN,NaN,NaN,NaN,NaN,NaN,NaN,NaN,NaN,NaN,NaN,NaN,NaN,NaN,NaN,NaN,NaN,NaN,NaN,NaN,NaN,NaN,NaN,NaN,NaN,NaN,NaN,NaN,NaN,NaN,NaN,NaN,NaN,NaN,NaN,NaN,NaN,NaN,NaN,NaN,NaN,NaN,NaN,NaN,NaN,NaN,NaN,NaN,NaN,NaN,NaN,NaN,NaN,NaN,NaN,NaN,NaN,NaN,NaN,NaN,NaN,NaN,NaN,NaN,NaN,NaN,NaN,NaN,NaN,NaN,NaN,NaN,NaN,NaN,NaN,NaN,NaN,NaN,NaN,NaN,NaN,NaN,NaN,NaN,NaN,NaN,NaN,NaN,NaN,NaN,NaN,NaN,NaN,NaN,NaN,NaN,NaN,NaN,NaN,NaN,NaN,NaN,NaN,NaN,NaN,NaN,NaN,NaN,NaN,NaN,NaN,NaN,NaN,NaN,NaN,NaN,NaN,NaN,NaN,NaN,NaN,NaN,NaN,NaN,NaN,NaN,NaN,NaN,NaN,NaN
0.027116,0.026345,0.025583,0.024829,0.024086,0.023353,0.022633,0.021925,0.021232,0.020556,0.019896,0.019257,0.018638,0.018043,0.017475,0.016935,0.016426,0.015952,0.015516,0.01512,0.014769,0.014465,0.014212,0.014012,0.013867,0.01378,0.013751,0.013781,0.013869,0.014014,0.014215,0.014469,0.014773,0.015125,0.015521,0.015958,0.016432,0.016941,0.017482,0.018051,0.018646,0.019264,0.019904,0.020564,0.021241,0.021934,0.022641,0.023362,0.024097,0.024821,0.025565,0.026333,0.02712,NaN,NaN,NaN,NaN,NaN,NaN,NaN,NaN,NaN,NaN,NaN,NaN,NaN,NaN,NaN,NaN,NaN,NaN,NaN,NaN,NaN,NaN,NaN,NaN,NaN,NaN,NaN,NaN,NaN,NaN,NaN,NaN,NaN,NaN,NaN,NaN,NaN,NaN,NaN,NaN,NaN,NaN,NaN,NaN,NaN,NaN,NaN,NaN,NaN,NaN,NaN,NaN,NaN,NaN,NaN,NaN,NaN,NaN,NaN,NaN,NaN,NaN,NaN,NaN,NaN,NaN,NaN,NaN,NaN,NaN,NaN,NaN,NaN,NaN,NaN,NaN,NaN,NaN,NaN,NaN,NaN,NaN,NaN,NaN,NaN,NaN,NaN,NaN,NaN,NaN,NaN,NaN,NaN,NaN,NaN,NaN,NaN,NaN,NaN,NaN,NaN,NaN,NaN,NaN,NaN,NaN,NaN,NaN,NaN,NaN,NaN,NaN,NaN,NaN,NaN,NaN,NaN,NaN,NaN,NaN,NaN,NaN,NaN,NaN,NaN,NaN,NaN,NaN,NaN,NaN,NaN,NaN,NaN,NaN,NaN,NaN,NaN,NaN,NaN,NaN,NaN,NaN,NaN,NaN,NaN,NaN,NaN,NaN,NaN,NaN,NaN,NaN,NaN,NaN,NaN,NaN,NaN,NaN,NaN,NaN,NaN,NaN,NaN,NaN,NaN,NaN,NaN,NaN,NaN,NaN,NaN,NaN,NaN,NaN,NaN,NaN,NaN,NaN,NaN,NaN,NaN,NaN,NaN,NaN,NaN,NaN,NaN,NaN,NaN,NaN,NaN,NaN,NaN,NaN,NaN,NaN,NaN,NaN
0.026616,0.025859,0.025119,0.024402,0.023702,0.022998,0.022303,0.021619,0.02095,0.020295,0.019657,0.019036,0.018436,0.017857,0.017302,0.016774,0.016275,0.015807,0.015374,0.014978,0.014623,0.014312,0.014047,0.013832,0.013668,0.013557,0.013501,0.013501,0.013556,0.013666,0.013829,0.014044,0.014308,0.014619,0.014973,0.015369,0.015801,0.016269,0.016768,0.017296,0.01785,0.018429,0.019029,0.019649,0.020288,0.020942,0.021612,0.022295,0.02299,0.023696,0.024413,0.025139,0.025874,0.026617,NaN,NaN,NaN,NaN,NaN,NaN,NaN,NaN,NaN,NaN,NaN,NaN,NaN,NaN,NaN,NaN,NaN,NaN,NaN,NaN,NaN,NaN,NaN,NaN,NaN,NaN,NaN,NaN,NaN,NaN,NaN,NaN,NaN,NaN,NaN,NaN,NaN,NaN,NaN,NaN,NaN,NaN,NaN,NaN,NaN,NaN,NaN,NaN,NaN,NaN,NaN,NaN,NaN,NaN,NaN,NaN,NaN,NaN,NaN,NaN,NaN,NaN,NaN,NaN,NaN,NaN,NaN,NaN,NaN,NaN,NaN,NaN,NaN,NaN,NaN,NaN,NaN,NaN,NaN,NaN,NaN,NaN,NaN,NaN,NaN,NaN,NaN,NaN,NaN,NaN,NaN,NaN,NaN,NaN,NaN,NaN,NaN,NaN,NaN,NaN,NaN,NaN,NaN,NaN,NaN,NaN,NaN,NaN,NaN,NaN,NaN,NaN,NaN,NaN,NaN,NaN,NaN,NaN,NaN,NaN,NaN,NaN,NaN,NaN,NaN,NaN,NaN,NaN,NaN,NaN,NaN,NaN,NaN,NaN,NaN,NaN,NaN,NaN,NaN,NaN,NaN,NaN,NaN,NaN,NaN,NaN,NaN,NaN,NaN,NaN,NaN,NaN,NaN,NaN,NaN,NaN,NaN,NaN,NaN,NaN,NaN,NaN,NaN,NaN,NaN,NaN,NaN,NaN,NaN,NaN,NaN,NaN,NaN,NaN,NaN,NaN,NaN,NaN,NaN,NaN,NaN,NaN,NaN,NaN,NaN,NaN,NaN,NaN,NaN,NaN,NaN,NaN,NaN,NaN,NaN,NaN,NaN
0.026134,0.025418,0.02471,0.024009,0.023317,0.022635,0.021964,0.021304,0.020657,0.020024,0.019405,0.018804,0.018221,0.017658,0.017118,0.016602,0.016112,0.015652,0.015224,0.01483,0.014474,0.014159,0.013886,0.013659,0.01348,0.013351,0.013273,0.013247,0.013274,0.013353,0.013483,0.013664,0.013892,0.014165,0.014482,0.014839,0.015233,0.015662,0.016123,0.016613,0.01713,0.01767,0.018234,0.018817,0.019419,0.020037,0.020671,0.021312,0.02196,0.022622,0.023297,0.023987,0.024691,0.025406,0.02613,NaN,NaN,NaN,NaN,NaN,NaN,NaN,NaN,NaN,NaN,NaN,NaN,NaN,NaN,NaN,NaN,NaN,NaN,NaN,NaN,NaN,NaN,NaN,NaN,NaN,NaN,NaN,NaN,NaN,NaN,NaN,NaN,NaN,NaN,NaN,NaN,NaN,NaN,NaN,NaN,NaN,NaN,NaN,NaN,NaN,NaN,NaN,NaN,NaN,NaN,NaN,NaN,NaN,NaN,NaN,NaN,NaN,NaN,NaN,NaN,NaN,NaN,NaN,NaN,NaN,NaN,NaN,NaN,NaN,NaN,NaN,NaN,NaN,NaN,NaN,NaN,NaN,NaN,NaN,NaN,NaN,NaN,NaN,NaN,NaN,NaN,NaN,NaN,NaN,NaN,NaN,NaN,NaN,NaN,NaN,NaN,NaN,NaN,NaN,NaN,NaN,NaN,NaN,NaN,NaN,NaN,NaN,NaN,NaN,NaN,NaN,NaN,NaN,NaN,NaN,NaN,NaN,NaN,NaN,NaN,NaN,NaN,NaN,NaN,NaN,NaN,NaN,NaN,NaN,NaN,NaN,NaN,NaN,NaN,NaN,NaN,NaN,NaN,NaN,NaN,NaN,NaN,NaN,NaN,NaN,NaN,NaN,NaN,NaN,NaN,NaN,NaN,NaN,NaN,NaN,NaN,NaN,NaN,NaN,NaN,NaN,NaN,NaN,NaN,NaN,NaN,NaN,NaN,NaN,NaN,NaN,NaN,NaN,NaN,NaN,NaN,NaN,NaN,NaN,NaN,NaN,NaN,NaN,NaN,NaN,NaN,NaN,NaN,NaN,NaN,NaN,NaN,NaN,NaN,NaN,NaN
0.025665,0.024975,0.024292,0.023616,0.022949,0.02229,0.021642,0.021004,0.020379,0.019766,0.019167,0.018584,0.018018,0.017471,0.016944,0.01644,0.015961,0.015508,0.015085,0.014693,0.014337,0.014017,0.013737,0.013499,0.013306,0.013159,0.013061,0.013011,0.013011,0.013061,0.013159,0.013306,0.013499,0.013737,0.014017,0.014337,0.014693,0.015085,0.015508,0.015961,0.01644,0.016944,0.017471,0.018018,0.018584,0.019167,0.019766,0.020379,0.021004,0.021642,0.02229,0.022949,0.023616,0.024292,0.024975,0.025665,NaN,NaN,NaN,NaN,NaN,NaN,NaN,NaN,NaN,NaN,NaN,NaN,NaN,NaN,NaN,NaN,NaN,NaN,NaN,NaN,NaN,NaN,NaN,NaN,NaN,NaN,NaN,NaN,NaN,NaN,NaN,NaN,NaN,NaN,NaN,NaN,NaN,NaN,NaN,NaN,NaN,NaN,NaN,NaN,NaN,NaN,NaN,NaN,NaN,NaN,NaN,NaN,NaN,NaN,NaN,NaN,NaN,NaN,NaN,NaN,NaN,NaN,NaN,NaN,NaN,NaN,NaN,NaN,NaN,NaN,NaN,NaN,NaN,NaN,NaN,NaN,NaN,NaN,NaN,NaN,NaN,NaN,NaN,NaN,NaN,NaN,NaN,NaN,NaN,NaN,NaN,NaN,NaN,NaN,NaN,NaN,NaN,NaN,NaN,NaN,NaN,NaN,NaN,NaN,NaN,NaN,NaN,NaN,NaN,NaN,NaN,NaN,NaN,NaN,NaN,NaN,NaN,NaN,NaN,NaN,NaN,NaN,NaN,NaN,NaN,NaN,NaN,NaN,NaN,NaN,NaN,NaN,NaN,NaN,NaN,NaN,NaN,NaN,NaN,NaN,NaN,NaN,NaN,NaN,NaN,NaN,NaN,NaN,NaN,NaN,NaN,NaN,NaN,NaN,NaN,NaN,NaN,NaN,NaN,NaN,NaN,NaN,NaN,NaN,NaN,NaN,NaN,NaN,NaN,NaN,NaN,NaN,NaN,NaN,NaN,NaN,NaN,NaN,NaN,NaN,NaN,NaN,NaN,NaN,NaN,NaN,NaN,NaN,NaN,NaN,NaN,NaN,NaN,NaN,NaN
0.025293,0.02461,0.023943,0.023297,0.022668,0.022029,0.0214,0.020781,0.020174,0.019578,0.018996,0.018429,0.017877,0.017343,0.016828,0.016334,0.015862,0.015416,0.014997,0.014607,0.014249,0.013926,0.01364,0.013393,0.013187,0.013025,0.012907,0.012836,0.012813,0.012836,0.012906,0.013023,0.013185,0.01339,0.013637,0.013923,0.014245,0.014603,0.014992,0.015411,0.015857,0.016328,0.016822,0.017337,0.017871,0.018422,0.01899,0.019572,0.020167,0.020774,0.021393,0.022021,0.022659,0.023306,0.023961,0.024622,0.025291,NaN,NaN,NaN,NaN,NaN,NaN,NaN,NaN,NaN,NaN,NaN,NaN,NaN,NaN,NaN,NaN,NaN,NaN,NaN,NaN,NaN,NaN,NaN,NaN,NaN,NaN,NaN,NaN,NaN,NaN,NaN,NaN,NaN,NaN,NaN,NaN,NaN,NaN,NaN,NaN,NaN,NaN,NaN,NaN,NaN,NaN,NaN,NaN,NaN,NaN,NaN,NaN,NaN,NaN,NaN,NaN,NaN,NaN,NaN,NaN,NaN,NaN,NaN,NaN,NaN,NaN,NaN,NaN,NaN,NaN,NaN,NaN,NaN,NaN,NaN,NaN,NaN,NaN,NaN,NaN,NaN,NaN,NaN,NaN,NaN,NaN,NaN,NaN,NaN,NaN,NaN,NaN,NaN,NaN,NaN,NaN,NaN,NaN,NaN,NaN,NaN,NaN,NaN,NaN,NaN,NaN,NaN,NaN,NaN,NaN,NaN,NaN,NaN,NaN,NaN,NaN,NaN,NaN,NaN,NaN,NaN,NaN,NaN,NaN,NaN,NaN,NaN,NaN,NaN,NaN,NaN,NaN,NaN,NaN,NaN,NaN,NaN,NaN,NaN,NaN,NaN,NaN,NaN,NaN,NaN,NaN,NaN,NaN,NaN,NaN,NaN,NaN,NaN,NaN,NaN,NaN,NaN,NaN,NaN,NaN,NaN,NaN,NaN,NaN,NaN,NaN,NaN,NaN,NaN,NaN,NaN,NaN,NaN,NaN,NaN,NaN,NaN,NaN,NaN,NaN,NaN,NaN,NaN,NaN,NaN,NaN,NaN,NaN,NaN,NaN,NaN,NaN,NaN,NaN
0.0249,0.024253,0.023613,0.022979,0.022353,0.021735,0.021126,0.020526,0.019937,0.019359,0.018794,0.018242,0.017706,0.017185,0.016682,0.016199,0.015737,0.015298,0.014885,0.014499,0.014142,0.013818,0.013527,0.013273,0.013058,0.012883,0.012751,0.012662,0.012617,0.012618,0.012663,0.012753,0.012886,0.013061,0.013277,0.013532,0.013823,0.014148,0.014505,0.014891,0.015305,0.015744,0.016207,0.01669,0.017193,0.017714,0.018251,0.018803,0.019368,0.019946,0.020536,0.021135,0.021735,0.022339,0.022956,0.023588,0.024235,0.024892,NaN,NaN,NaN,NaN,NaN,NaN,NaN,NaN,NaN,NaN,NaN,NaN,NaN,NaN,NaN,NaN,NaN,NaN,NaN,NaN,NaN,NaN,NaN,NaN,NaN,NaN,NaN,NaN,NaN,NaN,NaN,NaN,NaN,NaN,NaN,NaN,NaN,NaN,NaN,NaN,NaN,NaN,NaN,NaN,NaN,NaN,NaN,NaN,NaN,NaN,NaN,NaN,NaN,NaN,NaN,NaN,NaN,NaN,NaN,NaN,NaN,NaN,NaN,NaN,NaN,NaN,NaN,NaN,NaN,NaN,NaN,NaN,NaN,NaN,NaN,NaN,NaN,NaN,NaN,NaN,NaN,NaN,NaN,NaN,NaN,NaN,NaN,NaN,NaN,NaN,NaN,NaN,NaN,NaN,NaN,NaN,NaN,NaN,NaN,NaN,NaN,NaN,NaN,NaN,NaN,NaN,NaN,NaN,NaN,NaN,NaN,NaN,NaN,NaN,NaN,NaN,NaN,NaN,NaN,NaN,NaN,NaN,NaN,NaN,NaN,NaN,NaN,NaN,NaN,NaN,NaN,NaN,NaN,NaN,NaN,NaN,NaN,NaN,NaN,NaN,NaN,NaN,NaN,NaN,NaN,NaN,NaN,NaN,NaN,NaN,NaN,NaN,NaN,NaN,NaN,NaN,NaN,NaN,NaN,NaN,NaN,NaN,NaN,NaN,NaN,NaN,NaN,NaN,NaN,NaN,NaN,NaN,NaN,NaN,NaN,NaN,NaN,NaN,NaN,NaN,NaN,NaN,NaN,NaN,NaN,NaN,NaN,NaN,NaN,NaN,NaN,NaN,NaN
0.024485,0.02386,0.023241,0.022629,0.022023,0.021425,0.020836,0.020255,0.019685,0.019125,0.018576,0.018041,0.017519,0.017012,0.016522,0.01605,0.015598,0.015167,0.01476,0.014378,0.014023,0.013698,0.013405,0.013146,0.012922,0.012736,0.012589,0.012484,0.01242,0.012398,0.01242,0.012484,0.012589,0.012736,0.012922,0.013146,0.013405,0.013698,0.014023,0.014378,0.01476,0.015167,0.015598,0.01605,0.016522,0.017012,0.017519,0.018041,0.018576,0.019125,0.019685,0.020255,0.020836,0.021425,0.022023,0.022629,0.023241,0.02386,0.024485,NaN,NaN,NaN,NaN,NaN,NaN,NaN,NaN,NaN,NaN,NaN,NaN,NaN,NaN,NaN,NaN,NaN,NaN,NaN,NaN,NaN,NaN,NaN,NaN,NaN,NaN,NaN,NaN,NaN,NaN,NaN,NaN,NaN,NaN,NaN,NaN,NaN,NaN,NaN,NaN,NaN,NaN,NaN,NaN,NaN,NaN,NaN,NaN,NaN,NaN,NaN,NaN,NaN,NaN,NaN,NaN,NaN,NaN,NaN,NaN,NaN,NaN,NaN,NaN,NaN,NaN,NaN,NaN,NaN,NaN,NaN,NaN,NaN,NaN,NaN,NaN,NaN,NaN,NaN,NaN,NaN,NaN,NaN,NaN,NaN,NaN,NaN,NaN,NaN,NaN,NaN,NaN,NaN,NaN,NaN,NaN,NaN,NaN,NaN,NaN,NaN,NaN,NaN,NaN,NaN,NaN,NaN,NaN,NaN,NaN,NaN,NaN,NaN,NaN,NaN,NaN,NaN,NaN,NaN,NaN,NaN,NaN,NaN,NaN,NaN,NaN,NaN,NaN,NaN,NaN,NaN,NaN,NaN,NaN,NaN,NaN,NaN,NaN,NaN,NaN,NaN,NaN,NaN,NaN,NaN,NaN,NaN,NaN,NaN,NaN,NaN,NaN,NaN,NaN,NaN,NaN,NaN,NaN,NaN,NaN,NaN,NaN,NaN,NaN,NaN,NaN,NaN,NaN,NaN,NaN,NaN,NaN,NaN,NaN,NaN,NaN,NaN,NaN,NaN,NaN,NaN,NaN,NaN,NaN,NaN,NaN,NaN,NaN,NaN,NaN,NaN,NaN
0.024522,0.023906,0.023297,0.022693,0.022097,0.021507,0.020926,0.020354,0.01979,0.019237,0.018695,0.018166,0.017649,0.017147,0.016661,0.016191,0.015741,0.01531,0.014902,0.014518,0.01416,0.013829,0.013529,0.01326,0.013025,0.012827,0.012665,0.012543,0.012461,0.01242,0.01242,0.012461,0.012543,0.012665,0.012827,0.013025,0.01326,0.013529,0.013829,0.01416,0.014518,0.014902,0.01531,0.015741,0.016191,0.016661,0.017147,0.017649,0.018166,0.018695,0.019237,0.01979,0.020354,0.020926,0.021507,0.022097,0.022693,0.023297,0.023906,0.024522,NaN,NaN,NaN,NaN,NaN,NaN,NaN,NaN,NaN,NaN,NaN,NaN,NaN,NaN,NaN,NaN,NaN,NaN,NaN,NaN,NaN,NaN,NaN,NaN,NaN,NaN,NaN,NaN,NaN,NaN,NaN,NaN,NaN,NaN,NaN,NaN,NaN,NaN,NaN,NaN,NaN,NaN,NaN,NaN,NaN,NaN,NaN,NaN,NaN,NaN,NaN,NaN,NaN,NaN,NaN,NaN,NaN,NaN,NaN,NaN,NaN,NaN,NaN,NaN,NaN,NaN,NaN,NaN,NaN,NaN,NaN,NaN,NaN,NaN,NaN,NaN,NaN,NaN,NaN,NaN,NaN,NaN,NaN,NaN,NaN,NaN,NaN,NaN,NaN,NaN,NaN,NaN,NaN,NaN,NaN,NaN,NaN,NaN,NaN,NaN,NaN,NaN,NaN,NaN,NaN,NaN,NaN,NaN,NaN,NaN,NaN,NaN,NaN,NaN,NaN,NaN,NaN,NaN,NaN,NaN,NaN,NaN,NaN,NaN,NaN,NaN,NaN,NaN,NaN,NaN,NaN,NaN,NaN,NaN,NaN,NaN,NaN,NaN,NaN,NaN,NaN,NaN,NaN,NaN,NaN,NaN,NaN,NaN,NaN,NaN,NaN,NaN,NaN,NaN,NaN,NaN,NaN,NaN,NaN,NaN,NaN,NaN,NaN,NaN,NaN,NaN,NaN,NaN,NaN,NaN,NaN,NaN,NaN,NaN,NaN,NaN,NaN,NaN,NaN,NaN,NaN,NaN,NaN,NaN,NaN,NaN,NaN,NaN,NaN,NaN,NaN
0.026428,0.025776,0.02513,0.02449,0.023857,0.023232,0.022615,0.022007,0.021409,0.020821,0.020245,0.019681,0.01913,0.018595,0.018075,0.017573,0.01709,0.016628,0.016189,0.015773,0.015384,0.015023,0.014693,0.014395,0.014132,0.013906,0.013718,0.01357,0.013463,0.013399,0.013377,0.013399,0.013463,0.01357,0.013718,0.013906,0.014132,0.014395,0.014693,0.015023,0.015384,0.015773,0.016189,0.016628,0.01709,0.017573,0.018075,0.018595,0.01913,0.019681,0.020245,0.020821,0.021409,0.022007,0.022615,0.023232,0.023857,0.02449,0.02513,0.025776,0.026428,NaN,NaN,NaN,NaN,NaN,NaN,NaN,NaN,NaN,NaN,NaN,NaN,NaN,NaN,NaN,NaN,NaN,NaN,NaN,NaN,NaN,NaN,NaN,NaN,NaN,NaN,NaN,NaN,NaN,NaN,NaN,NaN,NaN,NaN,NaN,NaN,NaN,NaN,NaN,NaN,NaN,NaN,NaN,NaN,NaN,NaN,NaN,NaN,NaN,NaN,NaN,NaN,NaN,NaN,NaN,NaN,NaN,NaN,NaN,NaN,NaN,NaN,NaN,NaN,NaN,NaN,NaN,NaN,NaN,NaN,NaN,NaN,NaN,NaN,NaN,NaN,NaN,NaN,NaN,NaN,NaN,NaN,NaN,NaN,NaN,NaN,NaN,NaN,NaN,NaN,NaN,NaN,NaN,NaN,NaN,NaN,NaN,NaN,NaN,NaN,NaN,NaN,NaN,NaN,NaN,NaN,NaN,NaN,NaN,NaN,NaN,NaN,NaN,NaN,NaN,NaN,NaN,NaN,NaN,NaN,NaN,NaN,NaN,NaN,NaN,NaN,NaN,NaN,NaN,NaN,NaN,NaN,NaN,NaN,NaN,NaN,NaN,NaN,NaN,NaN,NaN,NaN,NaN,NaN,NaN,NaN,NaN,NaN,NaN,NaN,NaN,NaN,NaN,NaN,NaN,NaN,NaN,NaN,NaN,NaN,NaN,NaN,NaN,NaN,NaN,NaN,NaN,NaN,NaN,NaN,NaN,NaN,NaN,NaN,NaN,NaN,NaN,NaN,NaN,NaN,NaN,NaN,NaN,NaN,NaN,NaN,NaN,NaN,NaN,NaN
0.026952,0.026287,0.02563,0.02498,0.02434,0.023712,0.023097,0.022494,0.021904,0.021325,0.020759,0.020164,0.019609,0.019068,0.018543,0.018035,0.017546,0.017076,0.016628,0.016204,0.015804,0.015433,0.01509,0.014779,0.014501,0.014259,0.014053,0.013887,0.013761,0.013676,0.013633,0.013633,0.013675,0.013759,0.013885,0.014051,0.014256,0.014498,0.014775,0.015086,0.015428,0.015799,0.016198,0.016622,0.01707,0.017539,0.018029,0.018537,0.019061,0.019602,0.020156,0.020724,0.021304,0.021895,0.022593,0.023174,0.023768,0.02438,0.025014,0.025669,0.026339,0.027021,NaN,NaN,NaN,NaN,NaN,NaN,NaN,NaN,NaN,NaN,NaN,NaN,NaN,NaN,NaN,NaN,NaN,NaN,NaN,NaN,NaN,NaN,NaN,NaN,NaN,NaN,NaN,NaN,NaN,NaN,NaN,NaN,NaN,NaN,NaN,NaN,NaN,NaN,NaN,NaN,NaN,NaN,NaN,NaN,NaN,NaN,NaN,NaN,NaN,NaN,NaN,NaN,NaN,NaN,NaN,NaN,NaN,NaN,NaN,NaN,NaN,NaN,NaN,NaN,NaN,NaN,NaN,NaN,NaN,NaN,NaN,NaN,NaN,NaN,NaN,NaN,NaN,NaN,NaN,NaN,NaN,NaN,NaN,NaN,NaN,NaN,NaN,NaN,NaN,NaN,NaN,NaN,NaN,NaN,NaN,NaN,NaN,NaN,NaN,NaN,NaN,NaN,NaN,NaN,NaN,NaN,NaN,NaN,NaN,NaN,NaN,NaN,NaN,NaN,NaN,NaN,NaN,NaN,NaN,NaN,NaN,NaN,NaN,NaN,NaN,NaN,NaN,NaN,NaN,NaN,NaN,NaN,NaN,NaN,NaN,NaN,NaN,NaN,NaN,NaN,NaN,NaN,NaN,NaN,NaN,NaN,NaN,NaN,NaN,NaN,NaN,NaN,NaN,NaN,NaN,NaN,NaN,NaN,NaN,NaN,NaN,NaN,NaN,NaN,NaN,NaN,NaN,NaN,NaN,NaN,NaN,NaN,NaN,NaN,NaN,NaN,NaN,NaN,NaN,NaN,NaN,NaN,NaN,NaN,NaN,NaN,NaN,NaN,NaN
0.026497,0.025849,0.025216,0.024602,0.024004,0.023398,0.022797,0.022205,0.021622,0.021048,0.020485,0.019934,0.019394,0.018868,0.018357,0.017861,0.017383,0.016923,0.016484,0.016066,0.015672,0.015303,0.014961,0.014649,0.014367,0.014119,0.013905,0.013728,0.013589,0.013488,0.013427,0.013407,0.013427,0.013487,0.013587,0.013726,0.013903,0.014116,0.014364,0.014645,0.014957,0.015299,0.015667,0.016061,0.016479,0.016918,0.017378,0.017856,0.018351,0.018862,0.019388,0.019927,0.020479,0.021042,0.021615,0.022198,0.022791,0.023391,0.023999,0.024614,0.025236,0.025863,0.026497,NaN,NaN,NaN,NaN,NaN,NaN,NaN,NaN,NaN,NaN,NaN,NaN,NaN,NaN,NaN,NaN,NaN,NaN,NaN,NaN,NaN,NaN,NaN,NaN,NaN,NaN,NaN,NaN,NaN,NaN,NaN,NaN,NaN,NaN,NaN,NaN,NaN,NaN,NaN,NaN,NaN,NaN,NaN,NaN,NaN,NaN,NaN,NaN,NaN,NaN,NaN,NaN,NaN,NaN,NaN,NaN,NaN,NaN,NaN,NaN,NaN,NaN,NaN,NaN,NaN,NaN,NaN,NaN,NaN,NaN,NaN,NaN,NaN,NaN,NaN,NaN,NaN,NaN,NaN,NaN,NaN,NaN,NaN,NaN,NaN,NaN,NaN,NaN,NaN,NaN,NaN,NaN,NaN,NaN,NaN,NaN,NaN,NaN,NaN,NaN,NaN,NaN,NaN,NaN,NaN,NaN,NaN,NaN,NaN,NaN,NaN,NaN,NaN,NaN,NaN,NaN,NaN,NaN,NaN,NaN,NaN,NaN,NaN,NaN,NaN,NaN,NaN,NaN,NaN,NaN,NaN,NaN,NaN,NaN,NaN,NaN,NaN,NaN,NaN,NaN,NaN,NaN,NaN,NaN,NaN,NaN,NaN,NaN,NaN,NaN,NaN,NaN,NaN,NaN,NaN,NaN,NaN,NaN,NaN,NaN,NaN,NaN,NaN,NaN,NaN,NaN,NaN,NaN,NaN,NaN,NaN,NaN,NaN,NaN,NaN,NaN,NaN,NaN,NaN,NaN,NaN,NaN,NaN,NaN,NaN,NaN,NaN,NaN
0.026139,0.025523,0.024912,0.024308,0.02371,0.023118,0.022534,0.021957,0.02139,0.020831,0.020282,0.019744,0.019218,0.018705,0.018205,0.017721,0.017252,0.016802,0.01637,0.015959,0.01557,0.015205,0.014866,0.014554,0.014271,0.014019,0.0138,0.013615,0.013466,0.013353,0.013278,0.013241,0.013243,0.013284,0.013363,0.01348,0.013633,0.013822,0.014045,0.0143,0.014597,0.014905,0.01524,0.0156,0.015985,0.016392,0.016819,0.017266,0.01773,0.018211,0.018708,0.019219,0.019744,0.020281,0.020829,0.021388,0.021957,0.022534,0.02312,0.023713,0.024314,0.02492,0.025533,0.026151,NaN,NaN,NaN,NaN,NaN,NaN,NaN,NaN,NaN,NaN,NaN,NaN,NaN,NaN,NaN,NaN,NaN,NaN,NaN,NaN,NaN,NaN,NaN,NaN,NaN,NaN,NaN,NaN,NaN,NaN,NaN,NaN,NaN,NaN,NaN,NaN,NaN,NaN,NaN,NaN,NaN,NaN,NaN,NaN,NaN,NaN,NaN,NaN,NaN,NaN,NaN,NaN,NaN,NaN,NaN,NaN,NaN,NaN,NaN,NaN,NaN,NaN,NaN,NaN,NaN,NaN,NaN,NaN,NaN,NaN,NaN,NaN,NaN,NaN,NaN,NaN,NaN,NaN,NaN,NaN,NaN,NaN,NaN,NaN,NaN,NaN,NaN,NaN,NaN,NaN,NaN,NaN,NaN,NaN,NaN,NaN,NaN,NaN,NaN,NaN,NaN,NaN,NaN,NaN,NaN,NaN,NaN,NaN,NaN,NaN,NaN,NaN,NaN,NaN,NaN,NaN,NaN,NaN,NaN,NaN,NaN,NaN,NaN,NaN,NaN,NaN,NaN,NaN,NaN,NaN,NaN,NaN,NaN,NaN,NaN,NaN,NaN,NaN,NaN,NaN,NaN,NaN,NaN,NaN,NaN,NaN,NaN,NaN,NaN,NaN,NaN,NaN,NaN,NaN,NaN,NaN,NaN,NaN,NaN,NaN,NaN,NaN,NaN,NaN,NaN,NaN,NaN,NaN,NaN,NaN,NaN,NaN,NaN,NaN,NaN,NaN,NaN,NaN,NaN,NaN,NaN,NaN,NaN,NaN,NaN,NaN,NaN
0.026166,0.0255,0.024869,0.024293,0.023763,0.023217,0.022563,0.021996,0.021437,0.020887,0.020347,0.019816,0.019297,0.01879,0.018295,0.017815,0.01735,0.016902,0.016471,0.01606,0.01567,0.015301,0.014957,0.014639,0.014348,0.014086,0.013856,0.013657,0.013492,0.013363,0.013269,0.013212,0.013193,0.013211,0.013266,0.013358,0.013487,0.01365,0.013847,0.014077,0.014338,0.014628,0.014945,0.015288,0.015655,0.016045,0.016456,0.016886,0.017333,0.017798,0.018277,0.018771,0.019278,0.019797,0.020327,0.020867,0.021417,0.021975,0.022542,0.023116,0.023697,0.024285,0.024878,0.025477,0.026082,NaN,NaN,NaN,NaN,NaN,NaN,NaN,NaN,NaN,NaN,NaN,NaN,NaN,NaN,NaN,NaN,NaN,NaN,NaN,NaN,NaN,NaN,NaN,NaN,NaN,NaN,NaN,NaN,NaN,NaN,NaN,NaN,NaN,NaN,NaN,NaN,NaN,NaN,NaN,NaN,NaN,NaN,NaN,NaN,NaN,NaN,NaN,NaN,NaN,NaN,NaN,NaN,NaN,NaN,NaN,NaN,NaN,NaN,NaN,NaN,NaN,NaN,NaN,NaN,NaN,NaN,NaN,NaN,NaN,NaN,NaN,NaN,NaN,NaN,NaN,NaN,NaN,NaN,NaN,NaN,NaN,NaN,NaN,NaN,NaN,NaN,NaN,NaN,NaN,NaN,NaN,NaN,NaN,NaN,NaN,NaN,NaN,NaN,NaN,NaN,NaN,NaN,NaN,NaN,NaN,NaN,NaN,NaN,NaN,NaN,NaN,NaN,NaN,NaN,NaN,NaN,NaN,NaN,NaN,NaN,NaN,NaN,NaN,NaN,NaN,NaN,NaN,NaN,NaN,NaN,NaN,NaN,NaN,NaN,NaN,NaN,NaN,NaN,NaN,NaN,NaN,NaN,NaN,NaN,NaN,NaN,NaN,NaN,NaN,NaN,NaN,NaN,NaN,NaN,NaN,NaN,NaN,NaN,NaN,NaN,NaN,NaN,NaN,NaN,NaN,NaN,NaN,NaN,NaN,NaN,NaN,NaN,NaN,NaN,NaN,NaN,NaN,NaN,NaN,NaN,NaN,NaN,NaN,NaN,NaN,NaN
0.025728,0.025141,0.02456,0.023983,0.023412,0.022848,0.02229,0.021739,0.021196,0.020661,0.020135,0.019618,0.019113,0.018618,0.018136,0.017667,0.017212,0.016773,0.016351,0.015946,0.015561,0.015197,0.014856,0.014539,0.014247,0.013983,0.013747,0.013542,0.013369,0.013228,0.013122,0.013051,0.013015,0.013015,0.013051,0.013122,0.013228,0.013369,0.013542,0.013747,0.013983,0.014247,0.014539,0.014856,0.015197,0.015561,0.015946,0.016351,0.016773,0.017212,0.017667,0.018136,0.018618,0.019113,0.019618,0.020135,0.020661,0.021196,0.021739,0.02229,0.022848,0.023412,0.023983,0.02456,0.025141,0.025728,NaN,NaN,NaN,NaN,NaN,NaN,NaN,NaN,NaN,NaN,NaN,NaN,NaN,NaN,NaN,NaN,NaN,NaN,NaN,NaN,NaN,NaN,NaN,NaN,NaN,NaN,NaN,NaN,NaN,NaN,NaN,NaN,NaN,NaN,NaN,NaN,NaN,NaN,NaN,NaN,NaN,NaN,NaN,NaN,NaN,NaN,NaN,NaN,NaN,NaN,NaN,NaN,NaN,NaN,NaN,NaN,NaN,NaN,NaN,NaN,NaN,NaN,NaN,NaN,NaN,NaN,NaN,NaN,NaN,NaN,NaN,NaN,NaN,NaN,NaN,NaN,NaN,NaN,NaN,NaN,NaN,NaN,NaN,NaN,NaN,NaN,NaN,NaN,NaN,NaN,NaN,NaN,NaN,NaN,NaN,NaN,NaN,NaN,NaN,NaN,NaN,NaN,NaN,NaN,NaN,NaN,NaN,NaN,NaN,NaN,NaN,NaN,NaN,NaN,NaN,NaN,NaN,NaN,NaN,NaN,NaN,NaN,NaN,NaN,NaN,NaN,NaN,NaN,NaN,NaN,NaN,NaN,NaN,NaN,NaN,NaN,NaN,NaN,NaN,NaN,NaN,NaN,NaN,NaN,NaN,NaN,NaN,NaN,NaN,NaN,NaN,NaN,NaN,NaN,NaN,NaN,NaN,NaN,NaN,NaN,NaN,NaN,NaN,NaN,NaN,NaN,NaN,NaN,NaN,NaN,NaN,NaN,NaN,NaN,NaN,NaN,NaN,NaN,NaN,NaN,NaN,NaN,NaN,NaN,NaN
0.025631,0.025055,0.024484,0.023918,0.023358,0.022803,0.022255,0.021713,0.021179,0.020653,0.020136,0.019627,0.019129,0.018642,0.018166,0.017703,0.017253,0.016818,0.016399,0.015997,0.015614,0.01525,0.014907,0.014588,0.014293,0.014023,0.013781,0.013568,0.013385,0.013233,0.013114,0.013029,0.012977,0.01296,0.012978,0.01303,0.013116,0.013236,0.013388,0.013572,0.013785,0.014028,0.014298,0.014594,0.014914,0.015256,0.015621,0.016004,0.016407,0.016826,0.017261,0.017711,0.018174,0.01865,0.019138,0.019637,0.020145,0.020663,0.021189,0.021806,0.022321,0.022847,0.023388,0.023948,0.024525,0.025116,0.025716,NaN,NaN,NaN,NaN,NaN,NaN,NaN,NaN,NaN,NaN,NaN,NaN,NaN,NaN,NaN,NaN,NaN,NaN,NaN,NaN,NaN,NaN,NaN,NaN,NaN,NaN,NaN,NaN,NaN,NaN,NaN,NaN,NaN,NaN,NaN,NaN,NaN,NaN,NaN,NaN,NaN,NaN,NaN,NaN,NaN,NaN,NaN,NaN,NaN,NaN,NaN,NaN,NaN,NaN,NaN,NaN,NaN,NaN,NaN,NaN,NaN,NaN,NaN,NaN,NaN,NaN,NaN,NaN,NaN,NaN,NaN,NaN,NaN,NaN,NaN,NaN,NaN,NaN,NaN,NaN,NaN,NaN,NaN,NaN,NaN,NaN,NaN,NaN,NaN,NaN,NaN,NaN,NaN,NaN,NaN,NaN,NaN,NaN,NaN,NaN,NaN,NaN,NaN,NaN,NaN,NaN,NaN,NaN,NaN,NaN,NaN,NaN,NaN,NaN,NaN,NaN,NaN,NaN,NaN,NaN,NaN,NaN,NaN,NaN,NaN,NaN,NaN,NaN,NaN,NaN,NaN,NaN,NaN,NaN,NaN,NaN,NaN,NaN,NaN,NaN,NaN,NaN,NaN,NaN,NaN,NaN,NaN,NaN,NaN,NaN,NaN,NaN,NaN,NaN,NaN,NaN,NaN,NaN,NaN,NaN,NaN,NaN,NaN,NaN,NaN,NaN,NaN,NaN,NaN,NaN,NaN,NaN,NaN,NaN,NaN,NaN,NaN,NaN,NaN,NaN,NaN,NaN,NaN,NaN
0.025269,0.024709,0.024154,0.023603,0.023058,0.022518,0.021985,0.021458,0.020938,0.020425,0.019921,0.019426,0.01894,0.018464,0.017999,0.017546,0.017106,0.01668,0.016269,0.015874,0.015496,0.015137,0.014798,0.01448,0.014186,0.013915,0.013671,0.013453,0.013264,0.013105,0.012976,0.012879,0.012815,0.012783,0.012785,0.01282,0.012887,0.012987,0.013119,0.013281,0.013473,0.013693,0.01394,0.014213,0.01451,0.01483,0.01517,0.015531,0.01591,0.016307,0.016719,0.017147,0.017626,0.018069,0.018525,0.018992,0.01947,0.019959,0.020458,0.0211,0.021577,0.022068,0.022578,0.02311,0.023668,0.024246,0.02484,0.025445,NaN,NaN,NaN,NaN,NaN,NaN,NaN,NaN,NaN,NaN,NaN,NaN,NaN,NaN,NaN,NaN,NaN,NaN,NaN,NaN,NaN,NaN,NaN,NaN,NaN,NaN,NaN,NaN,NaN,NaN,NaN,NaN,NaN,NaN,NaN,NaN,NaN,NaN,NaN,NaN,NaN,NaN,NaN,NaN,NaN,NaN,NaN,NaN,NaN,NaN,NaN,NaN,NaN,NaN,NaN,NaN,NaN,NaN,NaN,NaN,NaN,NaN,NaN,NaN,NaN,NaN,NaN,NaN,NaN,NaN,NaN,NaN,NaN,NaN,NaN,NaN,NaN,NaN,NaN,NaN,NaN,NaN,NaN,NaN,NaN,NaN,NaN,NaN,NaN,NaN,NaN,NaN,NaN,NaN,NaN,NaN,NaN,NaN,NaN,NaN,NaN,NaN,NaN,NaN,NaN,NaN,NaN,NaN,NaN,NaN,NaN,NaN,NaN,NaN,NaN,NaN,NaN,NaN,NaN,NaN,NaN,NaN,NaN,NaN,NaN,NaN,NaN,NaN,NaN,NaN,NaN,NaN,NaN,NaN,NaN,NaN,NaN,NaN,NaN,NaN,NaN,NaN,NaN,NaN,NaN,NaN,NaN,NaN,NaN,NaN,NaN,NaN,NaN,NaN,NaN,NaN,NaN,NaN,NaN,NaN,NaN,NaN,NaN,NaN,NaN,NaN,NaN,NaN,NaN,NaN,NaN,NaN,NaN,NaN,NaN,NaN,NaN,NaN,NaN,NaN,NaN,NaN,NaN
0.024899,0.024356,0.023817,0.023283,0.022754,0.02223,0.021712,0.0212,0.020695,0.020197,0.019707,0.019225,0.018752,0.018288,0.017835,0.017393,0.016963,0.016546,0.016143,0.015755,0.015383,0.015029,0.014693,0.014377,0.014082,0.01381,0.013562,0.01334,0.013144,0.012976,0.012836,0.012727,0.012648,0.012601,0.012585,0.012601,0.012648,0.012727,0.012836,0.012976,0.013144,0.01334,0.013562,0.01381,0.014082,0.014377,0.014693,0.015029,0.015383,0.015755,0.016143,0.016546,0.016963,0.017393,0.017835,0.018288,0.018752,0.019225,0.019707,0.020197,0.020695,0.0212,0.021712,0.02223,0.022754,0.023283,0.023817,0.024356,0.024899,NaN,NaN,NaN,NaN,NaN,NaN,NaN,NaN,NaN,NaN,NaN,NaN,NaN,NaN,NaN,NaN,NaN,NaN,NaN,NaN,NaN,NaN,NaN,NaN,NaN,NaN,NaN,NaN,NaN,NaN,NaN,NaN,NaN,NaN,NaN,NaN,NaN,NaN,NaN,NaN,NaN,NaN,NaN,NaN,NaN,NaN,NaN,NaN,NaN,NaN,NaN,NaN,NaN,NaN,NaN,NaN,NaN,NaN,NaN,NaN,NaN,NaN,NaN,NaN,NaN,NaN,NaN,NaN,NaN,NaN,NaN,NaN,NaN,NaN,NaN,NaN,NaN,NaN,NaN,NaN,NaN,NaN,NaN,NaN,NaN,NaN,NaN,NaN,NaN,NaN,NaN,NaN,NaN,NaN,NaN,NaN,NaN,NaN,NaN,NaN,NaN,NaN,NaN,NaN,NaN,NaN,NaN,NaN,NaN,NaN,NaN,NaN,NaN,NaN,NaN,NaN,NaN,NaN,NaN,NaN,NaN,NaN,NaN,NaN,NaN,NaN,NaN,NaN,NaN,NaN,NaN,NaN,NaN,NaN,NaN,NaN,NaN,NaN,NaN,NaN,NaN,NaN,NaN,NaN,NaN,NaN,NaN,NaN,NaN,NaN,NaN,NaN,NaN,NaN,NaN,NaN,NaN,NaN,NaN,NaN,NaN,NaN,NaN,NaN,NaN,NaN,NaN,NaN,NaN,NaN,NaN,NaN,NaN,NaN,NaN,NaN,NaN,NaN,NaN,NaN,NaN,NaN
0.024836,0.024283,0.023742,0.02322,0.022712,0.022189,0.021675,0.021167,0.020666,0.020172,0.019687,0.019209,0.018741,0.018283,0.017836,0.0174,0.016977,0.016566,0.016171,0.01579,0.015426,0.015079,0.014751,0.014442,0.014154,0.013887,0.013644,0.013426,0.013233,0.013066,0.012928,0.012817,0.012737,0.012659,0.012627,0.012627,0.012656,0.012705,0.01279,0.012904,0.013046,0.013216,0.013413,0.013635,0.013881,0.01415,0.014441,0.014753,0.015084,0.015433,0.0158,0.016182,0.016579,0.016991,0.017415,0.017852,0.0183,0.018758,0.019226,0.019805,0.020317,0.020765,0.021226,0.021702,0.0222,0.02272,0.023261,0.023818,0.024388,0.024966,NaN,NaN,NaN,NaN,NaN,NaN,NaN,NaN,NaN,NaN,NaN,NaN,NaN,NaN,NaN,NaN,NaN,NaN,NaN,NaN,NaN,NaN,NaN,NaN,NaN,NaN,NaN,NaN,NaN,NaN,NaN,NaN,NaN,NaN,NaN,NaN,NaN,NaN,NaN,NaN,NaN,NaN,NaN,NaN,NaN,NaN,NaN,NaN,NaN,NaN,NaN,NaN,NaN,NaN,NaN,NaN,NaN,NaN,NaN,NaN,NaN,NaN,NaN,NaN,NaN,NaN,NaN,NaN,NaN,NaN,NaN,NaN,NaN,NaN,NaN,NaN,NaN,NaN,NaN,NaN,NaN,NaN,NaN,NaN,NaN,NaN,NaN,NaN,NaN,NaN,NaN,NaN,NaN,NaN,NaN,NaN,NaN,NaN,NaN,NaN,NaN,NaN,NaN,NaN,NaN,NaN,NaN,NaN,NaN,NaN,NaN,NaN,NaN,NaN,NaN,NaN,NaN,NaN,NaN,NaN,NaN,NaN,NaN,NaN,NaN,NaN,NaN,NaN,NaN,NaN,NaN,NaN,NaN,NaN,NaN,NaN,NaN,NaN,NaN,NaN,NaN,NaN,NaN,NaN,NaN,NaN,NaN,NaN,NaN,NaN,NaN,NaN,NaN,NaN,NaN,NaN,NaN,NaN,NaN,NaN,NaN,NaN,NaN,NaN,NaN,NaN,NaN,NaN,NaN,NaN,NaN,NaN,NaN,NaN,NaN,NaN,NaN,NaN,NaN,NaN,NaN
0.025237,0.024691,0.024151,0.023614,0.023084,0.022558,0.022039,0.021526,0.02102,0.020522,0.020031,0.01955,0.019079,0.018617,0.018168,0.01773,0.017306,0.016895,0.0165,0.01612,0.015757,0.015412,0.015086,0.014779,0.014492,0.014227,0.013985,0.013767,0.013574,0.013407,0.013267,0.013155,0.013072,0.01299,0.012944,0.012902,0.012904,0.012937,0.013,0.013091,0.013212,0.01336,0.013535,0.013736,0.013962,0.014212,0.014484,0.014777,0.015112,0.015438,0.015783,0.016144,0.016523,0.016916,0.017324,0.017746,0.018181,0.018628,0.019087,0.019614,0.020146,0.020603,0.021072,0.021554,0.022051,0.022565,0.023095,0.02364,0.024197,0.024762,0.025335,NaN,NaN,NaN,NaN,NaN,NaN,NaN,NaN,NaN,NaN,NaN,NaN,NaN,NaN,NaN,NaN,NaN,NaN,NaN,NaN,NaN,NaN,NaN,NaN,NaN,NaN,NaN,NaN,NaN,NaN,NaN,NaN,NaN,NaN,NaN,NaN,NaN,NaN,NaN,NaN,NaN,NaN,NaN,NaN,NaN,NaN,NaN,NaN,NaN,NaN,NaN,NaN,NaN,NaN,NaN,NaN,NaN,NaN,NaN,NaN,NaN,NaN,NaN,NaN,NaN,NaN,NaN,NaN,NaN,NaN,NaN,NaN,NaN,NaN,NaN,NaN,NaN,NaN,NaN,NaN,NaN,NaN,NaN,NaN,NaN,NaN,NaN,NaN,NaN,NaN,NaN,NaN,NaN,NaN,NaN,NaN,NaN,NaN,NaN,NaN,NaN,NaN,NaN,NaN,NaN,NaN,NaN,NaN,NaN,NaN,NaN,NaN,NaN,NaN,NaN,NaN,NaN,NaN,NaN,NaN,NaN,NaN,NaN,NaN,NaN,NaN,NaN,NaN,NaN,NaN,NaN,NaN,NaN,NaN,NaN,NaN,NaN,NaN,NaN,NaN,NaN,NaN,NaN,NaN,NaN,NaN,NaN,NaN,NaN,NaN,NaN,NaN,NaN,NaN,NaN,NaN,NaN,NaN,NaN,NaN,NaN,NaN,NaN,NaN,NaN,NaN,NaN,NaN,NaN,NaN,NaN,NaN,NaN,NaN,NaN,NaN,NaN,NaN,NaN,NaN
0.024845,0.024312,0.023785,0.023264,0.022751,0.022246,0.021752,0.021267,0.020791,0.020324,0.019865,0.019364,0.018907,0.018458,0.01802,0.017591,0.017173,0.016767,0.016373,0.015993,0.015627,0.015277,0.014942,0.014626,0.014327,0.014049,0.013791,0.013556,0.013343,0.013155,0.012993,0.012856,0.012747,0.012651,0.012592,0.012563,0.012562,0.012591,0.012648,0.012734,0.012847,0.012988,0.013155,0.013347,0.013563,0.013802,0.014063,0.014345,0.014647,0.014967,0.015304,0.015657,0.016026,0.016408,0.016804,0.017212,0.017631,0.018061,0.018501,0.019147,0.019553,0.019971,0.0204,0.020844,0.021304,0.021784,0.022284,0.022802,0.023336,0.023882,0.024436,0.024998,NaN,NaN,NaN,NaN,NaN,NaN,NaN,NaN,NaN,NaN,NaN,NaN,NaN,NaN,NaN,NaN,NaN,NaN,NaN,NaN,NaN,NaN,NaN,NaN,NaN,NaN,NaN,NaN,NaN,NaN,NaN,NaN,NaN,NaN,NaN,NaN,NaN,NaN,NaN,NaN,NaN,NaN,NaN,NaN,NaN,NaN,NaN,NaN,NaN,NaN,NaN,NaN,NaN,NaN,NaN,NaN,NaN,NaN,NaN,NaN,NaN,NaN,NaN,NaN,NaN,NaN,NaN,NaN,NaN,NaN,NaN,NaN,NaN,NaN,NaN,NaN,NaN,NaN,NaN,NaN,NaN,NaN,NaN,NaN,NaN,NaN,NaN,NaN,NaN,NaN,NaN,NaN,NaN,NaN,NaN,NaN,NaN,NaN,NaN,NaN,NaN,NaN,NaN,NaN,NaN,NaN,NaN,NaN,NaN,NaN,NaN,NaN,NaN,NaN,NaN,NaN,NaN,NaN,NaN,NaN,NaN,NaN,NaN,NaN,NaN,NaN,NaN,NaN,NaN,NaN,NaN,NaN,NaN,NaN,NaN,NaN,NaN,NaN,NaN,NaN,NaN,NaN,NaN,NaN,NaN,NaN,NaN,NaN,NaN,NaN,NaN,NaN,NaN,NaN,NaN,NaN,NaN,NaN,NaN,NaN,NaN,NaN,NaN,NaN,NaN,NaN,NaN,NaN,NaN,NaN,NaN,NaN,NaN,NaN,NaN,NaN,NaN,NaN,NaN
0.024495,0.023971,0.023461,0.022968,0.022489,0.021993,0.021507,0.021026,0.020552,0.020083,0.019622,0.019168,0.018722,0.018285,0.017857,0.017439,0.017031,0.016635,0.016251,0.01588,0.015523,0.015181,0.014854,0.014543,0.01425,0.013976,0.013721,0.013487,0.013275,0.013086,0.01292,0.012779,0.012646,0.012536,0.012463,0.012418,0.0124,0.012411,0.012449,0.012514,0.012606,0.012725,0.01287,0.013039,0.013232,0.013448,0.013686,0.013945,0.014223,0.014519,0.014834,0.015164,0.01551,0.01587,0.016244,0.016631,0.017029,0.017438,0.017857,0.018286,0.018773,0.019206,0.019647,0.020097,0.020555,0.021022,0.021498,0.021983,0.022476,0.022977,0.023483,0.023995,0.024512,NaN,NaN,NaN,NaN,NaN,NaN,NaN,NaN,NaN,NaN,NaN,NaN,NaN,NaN,NaN,NaN,NaN,NaN,NaN,NaN,NaN,NaN,NaN,NaN,NaN,NaN,NaN,NaN,NaN,NaN,NaN,NaN,NaN,NaN,NaN,NaN,NaN,NaN,NaN,NaN,NaN,NaN,NaN,NaN,NaN,NaN,NaN,NaN,NaN,NaN,NaN,NaN,NaN,NaN,NaN,NaN,NaN,NaN,NaN,NaN,NaN,NaN,NaN,NaN,NaN,NaN,NaN,NaN,NaN,NaN,NaN,NaN,NaN,NaN,NaN,NaN,NaN,NaN,NaN,NaN,NaN,NaN,NaN,NaN,NaN,NaN,NaN,NaN,NaN,NaN,NaN,NaN,NaN,NaN,NaN,NaN,NaN,NaN,NaN,NaN,NaN,NaN,NaN,NaN,NaN,NaN,NaN,NaN,NaN,NaN,NaN,NaN,NaN,NaN,NaN,NaN,NaN,NaN,NaN,NaN,NaN,NaN,NaN,NaN,NaN,NaN,NaN,NaN,NaN,NaN,NaN,NaN,NaN,NaN,NaN,NaN,NaN,NaN,NaN,NaN,NaN,NaN,NaN,NaN,NaN,NaN,NaN,NaN,NaN,NaN,NaN,NaN,NaN,NaN,NaN,NaN,NaN,NaN,NaN,NaN,NaN,NaN,NaN,NaN,NaN,NaN,NaN,NaN,NaN,NaN,NaN,NaN,NaN,NaN,NaN,NaN,NaN,NaN
0.024422,0.023913,0.023409,0.022909,0.022414,0.021924,0.02144,0.020962,0.020491,0.020027,0.019572,0.019124,0.018686,0.018258,0.01784,0.017432,0.017036,0.016652,0.016281,0.015922,0.015562,0.015225,0.014904,0.0146,0.014312,0.014042,0.013792,0.013562,0.013352,0.013165,0.013,0.012859,0.012743,0.012618,0.012514,0.012454,0.012421,0.012415,0.012436,0.012484,0.012558,0.012658,0.012783,0.012932,0.013106,0.013308,0.013521,0.013755,0.014008,0.014281,0.014571,0.014879,0.015203,0.015542,0.015895,0.016262,0.016642,0.017033,0.017436,0.017927,0.01833,0.018742,0.019165,0.019597,0.02004,0.020493,0.020957,0.021431,0.021916,0.02241,0.022911,0.023419,0.023932,0.02445,NaN,NaN,NaN,NaN,NaN,NaN,NaN,NaN,NaN,NaN,NaN,NaN,NaN,NaN,NaN,NaN,NaN,NaN,NaN,NaN,NaN,NaN,NaN,NaN,NaN,NaN,NaN,NaN,NaN,NaN,NaN,NaN,NaN,NaN,NaN,NaN,NaN,NaN,NaN,NaN,NaN,NaN,NaN,NaN,NaN,NaN,NaN,NaN,NaN,NaN,NaN,NaN,NaN,NaN,NaN,NaN,NaN,NaN,NaN,NaN,NaN,NaN,NaN,NaN,NaN,NaN,NaN,NaN,NaN,NaN,NaN,NaN,NaN,NaN,NaN,NaN,NaN,NaN,NaN,NaN,NaN,NaN,NaN,NaN,NaN,NaN,NaN,NaN,NaN,NaN,NaN,NaN,NaN,NaN,NaN,NaN,NaN,NaN,NaN,NaN,NaN,NaN,NaN,NaN,NaN,NaN,NaN,NaN,NaN,NaN,NaN,NaN,NaN,NaN,NaN,NaN,NaN,NaN,NaN,NaN,NaN,NaN,NaN,NaN,NaN,NaN,NaN,NaN,NaN,NaN,NaN,NaN,NaN,NaN,NaN,NaN,NaN,NaN,NaN,NaN,NaN,NaN,NaN,NaN,NaN,NaN,NaN,NaN,NaN,NaN,NaN,NaN,NaN,NaN,NaN,NaN,NaN,NaN,NaN,NaN,NaN,NaN,NaN,NaN,NaN,NaN,NaN,NaN,NaN,NaN,NaN,NaN,NaN,NaN,NaN,NaN,NaN
0.025175,0.024597,0.024051,0.023552,0.023087,0.022569,0.022069,0.02158,0.021101,0.020632,0.020174,0.019727,0.01929,0.018825,0.018399,0.017986,0.017585,0.017198,0.016824,0.01645,0.016099,0.015763,0.015444,0.015141,0.014856,0.01459,0.014343,0.014109,0.013897,0.013707,0.01354,0.013397,0.01324,0.013135,0.013015,0.012947,0.012893,0.012872,0.012879,0.012904,0.012959,0.013039,0.013146,0.013277,0.013442,0.013611,0.013803,0.014016,0.014251,0.014506,0.01478,0.015072,0.015382,0.015709,0.016051,0.016409,0.016781,0.017212,0.017646,0.018037,0.018495,0.018898,0.019313,0.01974,0.02018,0.020632,0.021097,0.021575,0.022067,0.022569,0.023082,0.023603,0.024131,0.024665,0.025204,NaN,NaN,NaN,NaN,NaN,NaN,NaN,NaN,NaN,NaN,NaN,NaN,NaN,NaN,NaN,NaN,NaN,NaN,NaN,NaN,NaN,NaN,NaN,NaN,NaN,NaN,NaN,NaN,NaN,NaN,NaN,NaN,NaN,NaN,NaN,NaN,NaN,NaN,NaN,NaN,NaN,NaN,NaN,NaN,NaN,NaN,NaN,NaN,NaN,NaN,NaN,NaN,NaN,NaN,NaN,NaN,NaN,NaN,NaN,NaN,NaN,NaN,NaN,NaN,NaN,NaN,NaN,NaN,NaN,NaN,NaN,NaN,NaN,NaN,NaN,NaN,NaN,NaN,NaN,NaN,NaN,NaN,NaN,NaN,NaN,NaN,NaN,NaN,NaN,NaN,NaN,NaN,NaN,NaN,NaN,NaN,NaN,NaN,NaN,NaN,NaN,NaN,NaN,NaN,NaN,NaN,NaN,NaN,NaN,NaN,NaN,NaN,NaN,NaN,NaN,NaN,NaN,NaN,NaN,NaN,NaN,NaN,NaN,NaN,NaN,NaN,NaN,NaN,NaN,NaN,NaN,NaN,NaN,NaN,NaN,NaN,NaN,NaN,NaN,NaN,NaN,NaN,NaN,NaN,NaN,NaN,NaN,NaN,NaN,NaN,NaN,NaN,NaN,NaN,NaN,NaN,NaN,NaN,NaN,NaN,NaN,NaN,NaN,NaN,NaN,NaN,NaN,NaN,NaN,NaN,NaN,NaN,NaN,NaN,NaN,NaN
0.025954,0.02533,0.024747,0.024226,0.023747,0.023223,0.02269,0.022168,0.021657,0.021158,0.020671,0.020197,0.019736,0.01929,0.018821,0.018395,0.017987,0.017596,0.017224,0.016871,0.016537,0.016223,0.015929,0.015656,0.015403,0.01516,0.014943,0.014786,0.014588,0.014419,0.014285,0.014178,0.014075,0.014029,0.01382,0.013695,0.013631,0.013581,0.013564,0.013569,0.0136,0.013659,0.013743,0.013852,0.013987,0.014145,0.014339,0.014539,0.01476,0.015004,0.015286,0.015564,0.015861,0.016204,0.016531,0.016985,0.017449,0.017778,0.018218,0.019229,0.01963,0.019845,0.020088,0.020361,0.020671,0.021024,0.021426,0.021883,0.022394,0.022957,0.023565,0.024207,0.024878,0.025569,0.026278,0.027001,NaN,NaN,NaN,NaN,NaN,NaN,NaN,NaN,NaN,NaN,NaN,NaN,NaN,NaN,NaN,NaN,NaN,NaN,NaN,NaN,NaN,NaN,NaN,NaN,NaN,NaN,NaN,NaN,NaN,NaN,NaN,NaN,NaN,NaN,NaN,NaN,NaN,NaN,NaN,NaN,NaN,NaN,NaN,NaN,NaN,NaN,NaN,NaN,NaN,NaN,NaN,NaN,NaN,NaN,NaN,NaN,NaN,NaN,NaN,NaN,NaN,NaN,NaN,NaN,NaN,NaN,NaN,NaN,NaN,NaN,NaN,NaN,NaN,NaN,NaN,NaN,NaN,NaN,NaN,NaN,NaN,NaN,NaN,NaN,NaN,NaN,NaN,NaN,NaN,NaN,NaN,NaN,NaN,NaN,NaN,NaN,NaN,NaN,NaN,NaN,NaN,NaN,NaN,NaN,NaN,NaN,NaN,NaN,NaN,NaN,NaN,NaN,NaN,NaN,NaN,NaN,NaN,NaN,NaN,NaN,NaN,NaN,NaN,NaN,NaN,NaN,NaN,NaN,NaN,NaN,NaN,NaN,NaN,NaN,NaN,NaN,NaN,NaN,NaN,NaN,NaN,NaN,NaN,NaN,NaN,NaN,NaN,NaN,NaN,NaN,NaN,NaN,NaN,NaN,NaN,NaN,NaN,NaN,NaN,NaN,NaN,NaN,NaN,NaN,NaN,NaN,NaN,NaN,NaN,NaN,NaN,NaN,NaN,NaN,NaN
0.026883,0.026153,0.025444,0.024763,0.02411,0.023461,0.022841,0.02225,0.021691,0.021162,0.020666,0.020105,0.019642,0.019211,0.018812,0.018446,0.01809,0.017708,0.017388,0.017084,0.016813,0.016581,0.01638,0.016189,0.016026,0.015876,0.015758,0.015708,0.015622,0.015569,0.015554,0.015579,0.015604,0.015512,0.015195,0.015075,0.014996,0.01492,0.014882,0.014861,0.014866,0.014891,0.014936,0.015007,0.015113,0.015239,0.015363,0.01556,0.015721,0.015865,0.016112,0.016276,0.016505,0.016709,0.017049,0.017277,0.017569,0.018047,0.018689,0.020147,0.020451,0.020421,0.020441,0.020518,0.020662,0.020882,0.021191,0.021598,0.02211,0.022722,0.023424,0.024202,0.02504,0.025925,0.026847,0.027797,0.02877,NaN,NaN,NaN,NaN,NaN,NaN,NaN,NaN,NaN,NaN,NaN,NaN,NaN,NaN,NaN,NaN,NaN,NaN,NaN,NaN,NaN,NaN,NaN,NaN,NaN,NaN,NaN,NaN,NaN,NaN,NaN,NaN,NaN,NaN,NaN,NaN,NaN,NaN,NaN,NaN,NaN,NaN,NaN,NaN,NaN,NaN,NaN,NaN,NaN,NaN,NaN,NaN,NaN,NaN,NaN,NaN,NaN,NaN,NaN,NaN,NaN,NaN,NaN,NaN,NaN,NaN,NaN,NaN,NaN,NaN,NaN,NaN,NaN,NaN,NaN,NaN,NaN,NaN,NaN,NaN,NaN,NaN,NaN,NaN,NaN,NaN,NaN,NaN,NaN,NaN,NaN,NaN,NaN,NaN,NaN,NaN,NaN,NaN,NaN,NaN,NaN,NaN,NaN,NaN,NaN,NaN,NaN,NaN,NaN,NaN,NaN,NaN,NaN,NaN,NaN,NaN,NaN,NaN,NaN,NaN,NaN,NaN,NaN,NaN,NaN,NaN,NaN,NaN,NaN,NaN,NaN,NaN,NaN,NaN,NaN,NaN,NaN,NaN,NaN,NaN,NaN,NaN,NaN,NaN,NaN,NaN,NaN,NaN,NaN,NaN,NaN,NaN,NaN,NaN,NaN,NaN,NaN,NaN,NaN,NaN,NaN,NaN,NaN,NaN,NaN,NaN,NaN,NaN,NaN,NaN,NaN,NaN,NaN,NaN
0.027418,0.026594,0.025809,0.025082,0.0244,0.023683,0.023001,0.02235,0.021732,0.021148,0.020597,0.020081,0.019522,0.019016,0.018578,0.01815,0.017787,0.017468,0.017174,0.016908,0.016703,0.016577,0.01643,0.016324,0.016259,0.016221,0.01623,0.016278,0.016365,0.016487,0.016643,0.016831,0.016949,0.01684,0.016504,0.016354,0.016219,0.016116,0.016071,0.01604,0.016015,0.015996,0.015991,0.016,0.016033,0.016095,0.016174,0.016278,0.01638,0.016444,0.016521,0.016621,0.016753,0.016954,0.017115,0.017488,0.017719,0.018088,0.019086,0.020187,0.020319,0.020234,0.020129,0.020094,0.020138,0.020272,0.020507,0.020856,0.021394,0.021962,0.022644,0.023426,0.024294,0.025333,0.026286,0.027309,0.028405,0.029554,NaN,NaN,NaN,NaN,NaN,NaN,NaN,NaN,NaN,NaN,NaN,NaN,NaN,NaN,NaN,NaN,NaN,NaN,NaN,NaN,NaN,NaN,NaN,NaN,NaN,NaN,NaN,NaN,NaN,NaN,NaN,NaN,NaN,NaN,NaN,NaN,NaN,NaN,NaN,NaN,NaN,NaN,NaN,NaN,NaN,NaN,NaN,NaN,NaN,NaN,NaN,NaN,NaN,NaN,NaN,NaN,NaN,NaN,NaN,NaN,NaN,NaN,NaN,NaN,NaN,NaN,NaN,NaN,NaN,NaN,NaN,NaN,NaN,NaN,NaN,NaN,NaN,NaN,NaN,NaN,NaN,NaN,NaN,NaN,NaN,NaN,NaN,NaN,NaN,NaN,NaN,NaN,NaN,NaN,NaN,NaN,NaN,NaN,NaN,NaN,NaN,NaN,NaN,NaN,NaN,NaN,NaN,NaN,NaN,NaN,NaN,NaN,NaN,NaN,NaN,NaN,NaN,NaN,NaN,NaN,NaN,NaN,NaN,NaN,NaN,NaN,NaN,NaN,NaN,NaN,NaN,NaN,NaN,NaN,NaN,NaN,NaN,NaN,NaN,NaN,NaN,NaN,NaN,NaN,NaN,NaN,NaN,NaN,NaN,NaN,NaN,NaN,NaN,NaN,NaN,NaN,NaN,NaN,NaN,NaN,NaN,NaN,NaN,NaN,NaN,NaN,NaN,NaN,NaN,NaN,NaN,NaN,NaN
0.028242,0.02729,0.02638,0.025531,0.024731,0.023924,0.023134,0.022382,0.021671,0.021004,0.020382,0.01981,0.01917,0.018668,0.018225,0.017844,0.017526,0.017248,0.017052,0.016872,0.016767,0.016714,0.016708,0.016748,0.016836,0.016983,0.017141,0.017485,0.017706,0.017899,0.018183,0.018545,0.01868,0.018892,0.018158,0.017921,0.017791,0.017715,0.017566,0.0174,0.017316,0.017254,0.017199,0.017153,0.017123,0.01711,0.01714,0.01716,0.017154,0.017126,0.017143,0.017182,0.017227,0.017335,0.017453,0.017577,0.017856,0.018246,0.018989,0.020424,0.020883,0.020568,0.020298,0.020054,0.019904,0.019896,0.019962,0.020164,0.020515,0.021087,0.021726,0.022507,0.023412,0.02463,0.025745,0.02679,0.027982,0.02933,0.030777,NaN,NaN,NaN,NaN,NaN,NaN,NaN,NaN,NaN,NaN,NaN,NaN,NaN,NaN,NaN,NaN,NaN,NaN,NaN,NaN,NaN,NaN,NaN,NaN,NaN,NaN,NaN,NaN,NaN,NaN,NaN,NaN,NaN,NaN,NaN,NaN,NaN,NaN,NaN,NaN,NaN,NaN,NaN,NaN,NaN,NaN,NaN,NaN,NaN,NaN,NaN,NaN,NaN,NaN,NaN,NaN,NaN,NaN,NaN,NaN,NaN,NaN,NaN,NaN,NaN,NaN,NaN,NaN,NaN,NaN,NaN,NaN,NaN,NaN,NaN,NaN,NaN,NaN,NaN,NaN,NaN,NaN,NaN,NaN,NaN,NaN,NaN,NaN,NaN,NaN,NaN,NaN,NaN,NaN,NaN,NaN,NaN,NaN,NaN,NaN,NaN,NaN,NaN,NaN,NaN,NaN,NaN,NaN,NaN,NaN,NaN,NaN,NaN,NaN,NaN,NaN,NaN,NaN,NaN,NaN,NaN,NaN,NaN,NaN,NaN,NaN,NaN,NaN,NaN,NaN,NaN,NaN,NaN,NaN,NaN,NaN,NaN,NaN,NaN,NaN,NaN,NaN,NaN,NaN,NaN,NaN,NaN,NaN,NaN,NaN,NaN,NaN,NaN,NaN,NaN,NaN,NaN,NaN,NaN,NaN,NaN,NaN,NaN,NaN,NaN,NaN,NaN,NaN,NaN,NaN,NaN,NaN
0.027342,0.026472,0.02565,0.0249,0.024217,0.023512,0.022847,0.022088,0.021469,0.020895,0.020365,0.01988,0.019348,0.018872,0.01847,0.018113,0.017805,0.017544,0.017264,0.017053,0.01683,0.016672,0.016556,0.016481,0.016446,0.016449,0.016489,0.016579,0.016659,0.016756,0.016897,0.017044,0.017071,0.01687,0.016377,0.016138,0.016019,0.015864,0.015756,0.015654,0.01559,0.015547,0.015528,0.015527,0.015545,0.015585,0.015669,0.015727,0.015767,0.015838,0.015903,0.016007,0.016134,0.016342,0.016503,0.016798,0.016987,0.017397,0.018093,0.01918,0.019655,0.019494,0.019383,0.019327,0.01933,0.0194,0.019547,0.019779,0.020104,0.0206,0.02119,0.021768,0.022434,0.023179,0.024084,0.024925,0.025829,0.026798,0.027821,0.02888,NaN,NaN,NaN,NaN,NaN,NaN,NaN,NaN,NaN,NaN,NaN,NaN,NaN,NaN,NaN,NaN,NaN,NaN,NaN,NaN,NaN,NaN,NaN,NaN,NaN,NaN,NaN,NaN,NaN,NaN,NaN,NaN,NaN,NaN,NaN,NaN,NaN,NaN,NaN,NaN,NaN,NaN,NaN,NaN,NaN,NaN,NaN,NaN,NaN,NaN,NaN,NaN,NaN,NaN,NaN,NaN,NaN,NaN,NaN,NaN,NaN,NaN,NaN,NaN,NaN,NaN,NaN,NaN,NaN,NaN,NaN,NaN,NaN,NaN,NaN,NaN,NaN,NaN,NaN,NaN,NaN,NaN,NaN,NaN,NaN,NaN,NaN,NaN,NaN,NaN,NaN,NaN,NaN,NaN,NaN,NaN,NaN,NaN,NaN,NaN,NaN,NaN,NaN,NaN,NaN,NaN,NaN,NaN,NaN,NaN,NaN,NaN,NaN,NaN,NaN,NaN,NaN,NaN,NaN,NaN,NaN,NaN,NaN,NaN,NaN,NaN,NaN,NaN,NaN,NaN,NaN,NaN,NaN,NaN,NaN,NaN,NaN,NaN,NaN,NaN,NaN,NaN,NaN,NaN,NaN,NaN,NaN,NaN,NaN,NaN,NaN,NaN,NaN,NaN,NaN,NaN,NaN,NaN,NaN,NaN,NaN,NaN,NaN,NaN,NaN,NaN,NaN,NaN,NaN,NaN,NaN
0.025355,0.024828,0.024314,0.02382,0.023341,0.022849,0.022368,0.021898,0.021438,0.02099,0.020555,0.020133,0.019723,0.019327,0.018943,0.018571,0.018211,0.017887,0.017515,0.017154,0.016784,0.016447,0.016124,0.015817,0.015526,0.015252,0.014996,0.014758,0.014539,0.014338,0.014157,0.013995,0.013834,0.013691,0.013473,0.013328,0.013219,0.013133,0.013059,0.013006,0.012978,0.012974,0.012993,0.013034,0.013099,0.013186,0.013295,0.013425,0.013576,0.013748,0.013939,0.014149,0.014377,0.014623,0.014885,0.015163,0.015496,0.015797,0.016113,0.016698,0.017041,0.017341,0.017654,0.017981,0.01832,0.018673,0.019039,0.019419,0.019815,0.020226,0.020652,0.021094,0.02155,0.022018,0.022498,0.022987,0.023485,0.02399,0.024501,0.025018,0.02554,NaN,NaN,NaN,NaN,NaN,NaN,NaN,NaN,NaN,NaN,NaN,NaN,NaN,NaN,NaN,NaN,NaN,NaN,NaN,NaN,NaN,NaN,NaN,NaN,NaN,NaN,NaN,NaN,NaN,NaN,NaN,NaN,NaN,NaN,NaN,NaN,NaN,NaN,NaN,NaN,NaN,NaN,NaN,NaN,NaN,NaN,NaN,NaN,NaN,NaN,NaN,NaN,NaN,NaN,NaN,NaN,NaN,NaN,NaN,NaN,NaN,NaN,NaN,NaN,NaN,NaN,NaN,NaN,NaN,NaN,NaN,NaN,NaN,NaN,NaN,NaN,NaN,NaN,NaN,NaN,NaN,NaN,NaN,NaN,NaN,NaN,NaN,NaN,NaN,NaN,NaN,NaN,NaN,NaN,NaN,NaN,NaN,NaN,NaN,NaN,NaN,NaN,NaN,NaN,NaN,NaN,NaN,NaN,NaN,NaN,NaN,NaN,NaN,NaN,NaN,NaN,NaN,NaN,NaN,NaN,NaN,NaN,NaN,NaN,NaN,NaN,NaN,NaN,NaN,NaN,NaN,NaN,NaN,NaN,NaN,NaN,NaN,NaN,NaN,NaN,NaN,NaN,NaN,NaN,NaN,NaN,NaN,NaN,NaN,NaN,NaN,NaN,NaN,NaN,NaN,NaN,NaN,NaN,NaN,NaN,NaN,NaN,NaN,NaN,NaN,NaN,NaN,NaN,NaN,NaN
0.025281,0.024719,0.024183,0.023691,0.02324,0.022794,0.022248,0.021804,0.021377,0.020965,0.020568,0.020183,0.01973,0.019343,0.018927,0.01855,0.018183,0.0178,0.017424,0.017056,0.016709,0.016373,0.01605,0.015739,0.015442,0.015158,0.014889,0.014628,0.014384,0.014157,0.013948,0.013757,0.013584,0.01343,0.013285,0.013156,0.013054,0.012974,0.012907,0.012866,0.012844,0.012843,0.012865,0.012909,0.012975,0.013063,0.013173,0.013317,0.013463,0.013647,0.013826,0.014069,0.014274,0.014495,0.014733,0.014987,0.015256,0.01554,0.015878,0.016312,0.016748,0.017031,0.017327,0.017637,0.017959,0.018295,0.018645,0.019009,0.019388,0.019781,0.02019,0.020614,0.021052,0.021503,0.021967,0.02244,0.022923,0.023414,0.023911,0.024414,0.024923,0.025436,NaN,NaN,NaN,NaN,NaN,NaN,NaN,NaN,NaN,NaN,NaN,NaN,NaN,NaN,NaN,NaN,NaN,NaN,NaN,NaN,NaN,NaN,NaN,NaN,NaN,NaN,NaN,NaN,NaN,NaN,NaN,NaN,NaN,NaN,NaN,NaN,NaN,NaN,NaN,NaN,NaN,NaN,NaN,NaN,NaN,NaN,NaN,NaN,NaN,NaN,NaN,NaN,NaN,NaN,NaN,NaN,NaN,NaN,NaN,NaN,NaN,NaN,NaN,NaN,NaN,NaN,NaN,NaN,NaN,NaN,NaN,NaN,NaN,NaN,NaN,NaN,NaN,NaN,NaN,NaN,NaN,NaN,NaN,NaN,NaN,NaN,NaN,NaN,NaN,NaN,NaN,NaN,NaN,NaN,NaN,NaN,NaN,NaN,NaN,NaN,NaN,NaN,NaN,NaN,NaN,NaN,NaN,NaN,NaN,NaN,NaN,NaN,NaN,NaN,NaN,NaN,NaN,NaN,NaN,NaN,NaN,NaN,NaN,NaN,NaN,NaN,NaN,NaN,NaN,NaN,NaN,NaN,NaN,NaN,NaN,NaN,NaN,NaN,NaN,NaN,NaN,NaN,NaN,NaN,NaN,NaN,NaN,NaN,NaN,NaN,NaN,NaN,NaN,NaN,NaN,NaN,NaN,NaN,NaN,NaN,NaN,NaN,NaN,NaN,NaN,NaN,NaN,NaN,NaN
0.024917,0.02442,0.023945,0.023503,0.023083,0.022628,0.022187,0.021754,0.021328,0.020909,0.020497,0.020092,0.019694,0.019262,0.018867,0.018478,0.018098,0.017726,0.017363,0.017008,0.016664,0.016329,0.016005,0.015692,0.015391,0.015102,0.014827,0.014557,0.014305,0.014068,0.013847,0.013642,0.013455,0.013274,0.013119,0.012984,0.012869,0.012775,0.012702,0.01265,0.01262,0.012612,0.012625,0.012661,0.012718,0.012797,0.012896,0.013016,0.013156,0.013316,0.013494,0.01369,0.013903,0.014133,0.014378,0.014639,0.014913,0.015201,0.015545,0.015981,0.016419,0.016703,0.016998,0.017305,0.017622,0.01795,0.01829,0.018641,0.019004,0.019458,0.019831,0.020218,0.020618,0.021032,0.02146,0.021901,0.022355,0.02282,0.023295,0.023779,0.02427,0.024767,0.025268,NaN,NaN,NaN,NaN,NaN,NaN,NaN,NaN,NaN,NaN,NaN,NaN,NaN,NaN,NaN,NaN,NaN,NaN,NaN,NaN,NaN,NaN,NaN,NaN,NaN,NaN,NaN,NaN,NaN,NaN,NaN,NaN,NaN,NaN,NaN,NaN,NaN,NaN,NaN,NaN,NaN,NaN,NaN,NaN,NaN,NaN,NaN,NaN,NaN,NaN,NaN,NaN,NaN,NaN,NaN,NaN,NaN,NaN,NaN,NaN,NaN,NaN,NaN,NaN,NaN,NaN,NaN,NaN,NaN,NaN,NaN,NaN,NaN,NaN,NaN,NaN,NaN,NaN,NaN,NaN,NaN,NaN,NaN,NaN,NaN,NaN,NaN,NaN,NaN,NaN,NaN,NaN,NaN,NaN,NaN,NaN,NaN,NaN,NaN,NaN,NaN,NaN,NaN,NaN,NaN,NaN,NaN,NaN,NaN,NaN,NaN,NaN,NaN,NaN,NaN,NaN,NaN,NaN,NaN,NaN,NaN,NaN,NaN,NaN,NaN,NaN,NaN,NaN,NaN,NaN,NaN,NaN,NaN,NaN,NaN,NaN,NaN,NaN,NaN,NaN,NaN,NaN,NaN,NaN,NaN,NaN,NaN,NaN,NaN,NaN,NaN,NaN,NaN,NaN,NaN,NaN,NaN,NaN,NaN,NaN,NaN,NaN,NaN,NaN,NaN,NaN,NaN,NaN
0.024625,0.024158,0.023703,0.023266,0.022841,0.022398,0.021964,0.021535,0.021111,0.020691,0.020278,0.01987,0.019469,0.019076,0.018689,0.018311,0.01794,0.017579,0.017226,0.016882,0.016548,0.016224,0.015911,0.015609,0.015318,0.01504,0.014763,0.014496,0.014247,0.014013,0.013794,0.013591,0.013405,0.013236,0.013085,0.012942,0.012824,0.012726,0.012648,0.012591,0.012554,0.012537,0.012538,0.01256,0.012602,0.012666,0.012749,0.012867,0.012986,0.013123,0.013279,0.013453,0.013645,0.013852,0.014076,0.014315,0.014568,0.014835,0.015193,0.015591,0.015906,0.016182,0.01647,0.016769,0.017079,0.0174,0.017732,0.018075,0.018429,0.018795,0.019171,0.019559,0.019958,0.020367,0.020786,0.021214,0.02165,0.022094,0.022543,0.022998,0.023458,0.023923,0.024392,0.024865,NaN,NaN,NaN,NaN,NaN,NaN,NaN,NaN,NaN,NaN,NaN,NaN,NaN,NaN,NaN,NaN,NaN,NaN,NaN,NaN,NaN,NaN,NaN,NaN,NaN,NaN,NaN,NaN,NaN,NaN,NaN,NaN,NaN,NaN,NaN,NaN,NaN,NaN,NaN,NaN,NaN,NaN,NaN,NaN,NaN,NaN,NaN,NaN,NaN,NaN,NaN,NaN,NaN,NaN,NaN,NaN,NaN,NaN,NaN,NaN,NaN,NaN,NaN,NaN,NaN,NaN,NaN,NaN,NaN,NaN,NaN,NaN,NaN,NaN,NaN,NaN,NaN,NaN,NaN,NaN,NaN,NaN,NaN,NaN,NaN,NaN,NaN,NaN,NaN,NaN,NaN,NaN,NaN,NaN,NaN,NaN,NaN,NaN,NaN,NaN,NaN,NaN,NaN,NaN,NaN,NaN,NaN,NaN,NaN,NaN,NaN,NaN,NaN,NaN,NaN,NaN,NaN,NaN,NaN,NaN,NaN,NaN,NaN,NaN,NaN,NaN,NaN,NaN,NaN,NaN,NaN,NaN,NaN,NaN,NaN,NaN,NaN,NaN,NaN,NaN,NaN,NaN,NaN,NaN,NaN,NaN,NaN,NaN,NaN,NaN,NaN,NaN,NaN,NaN,NaN,NaN,NaN,NaN,NaN,NaN,NaN,NaN,NaN,NaN,NaN,NaN,NaN
0.024363,0.0239,0.023451,0.02302,0.022603,0.022172,0.021753,0.021342,0.020939,0.020543,0.020155,0.019773,0.019356,0.018975,0.0186,0.018232,0.01787,0.017516,0.017146,0.016799,0.01646,0.01613,0.015809,0.015498,0.015197,0.014908,0.01463,0.014364,0.014112,0.013873,0.013649,0.01344,0.013247,0.01307,0.01291,0.012768,0.012645,0.01254,0.012455,0.012389,0.012344,0.012318,0.012313,0.012329,0.012365,0.012421,0.012496,0.012592,0.012706,0.012839,0.012991,0.013159,0.013345,0.013546,0.013763,0.013995,0.014241,0.014538,0.014839,0.015221,0.015564,0.015826,0.016099,0.016383,0.016677,0.016982,0.017297,0.017622,0.017957,0.018304,0.018661,0.019029,0.019409,0.019799,0.020199,0.020608,0.021026,0.021451,0.021883,0.022321,0.022765,0.023213,0.023666,0.024122,0.024583,NaN,NaN,NaN,NaN,NaN,NaN,NaN,NaN,NaN,NaN,NaN,NaN,NaN,NaN,NaN,NaN,NaN,NaN,NaN,NaN,NaN,NaN,NaN,NaN,NaN,NaN,NaN,NaN,NaN,NaN,NaN,NaN,NaN,NaN,NaN,NaN,NaN,NaN,NaN,NaN,NaN,NaN,NaN,NaN,NaN,NaN,NaN,NaN,NaN,NaN,NaN,NaN,NaN,NaN,NaN,NaN,NaN,NaN,NaN,NaN,NaN,NaN,NaN,NaN,NaN,NaN,NaN,NaN,NaN,NaN,NaN,NaN,NaN,NaN,NaN,NaN,NaN,NaN,NaN,NaN,NaN,NaN,NaN,NaN,NaN,NaN,NaN,NaN,NaN,NaN,NaN,NaN,NaN,NaN,NaN,NaN,NaN,NaN,NaN,NaN,NaN,NaN,NaN,NaN,NaN,NaN,NaN,NaN,NaN,NaN,NaN,NaN,NaN,NaN,NaN,NaN,NaN,NaN,NaN,NaN,NaN,NaN,NaN,NaN,NaN,NaN,NaN,NaN,NaN,NaN,NaN,NaN,NaN,NaN,NaN,NaN,NaN,NaN,NaN,NaN,NaN,NaN,NaN,NaN,NaN,NaN,NaN,NaN,NaN,NaN,NaN,NaN,NaN,NaN,NaN,NaN,NaN,NaN,NaN,NaN,NaN,NaN,NaN,NaN,NaN,NaN
0.024297,0.023755,0.023258,0.022833,0.022469,0.022067,0.021578,0.021192,0.020821,0.020461,0.020047,0.019688,0.019294,0.018895,0.018491,0.018123,0.017763,0.017408,0.017061,0.016721,0.01639,0.016066,0.015752,0.015447,0.015152,0.014867,0.014593,0.014331,0.014081,0.013844,0.013621,0.013412,0.013217,0.013038,0.012864,0.012713,0.01258,0.012464,0.012367,0.012289,0.01223,0.01219,0.01217,0.012169,0.012188,0.012227,0.012285,0.012363,0.012459,0.012574,0.012706,0.012856,0.013023,0.013205,0.013404,0.013617,0.013844,0.014119,0.014367,0.01466,0.014962,0.015233,0.015514,0.015805,0.016107,0.016417,0.016737,0.017065,0.017402,0.017747,0.0181,0.018461,0.01883,0.019206,0.01959,0.019979,0.020375,0.020777,0.021184,0.021596,0.022012,0.022432,0.022856,0.023283,0.023713,0.024147,NaN,NaN,NaN,NaN,NaN,NaN,NaN,NaN,NaN,NaN,NaN,NaN,NaN,NaN,NaN,NaN,NaN,NaN,NaN,NaN,NaN,NaN,NaN,NaN,NaN,NaN,NaN,NaN,NaN,NaN,NaN,NaN,NaN,NaN,NaN,NaN,NaN,NaN,NaN,NaN,NaN,NaN,NaN,NaN,NaN,NaN,NaN,NaN,NaN,NaN,NaN,NaN,NaN,NaN,NaN,NaN,NaN,NaN,NaN,NaN,NaN,NaN,NaN,NaN,NaN,NaN,NaN,NaN,NaN,NaN,NaN,NaN,NaN,NaN,NaN,NaN,NaN,NaN,NaN,NaN,NaN,NaN,NaN,NaN,NaN,NaN,NaN,NaN,NaN,NaN,NaN,NaN,NaN,NaN,NaN,NaN,NaN,NaN,NaN,NaN,NaN,NaN,NaN,NaN,NaN,NaN,NaN,NaN,NaN,NaN,NaN,NaN,NaN,NaN,NaN,NaN,NaN,NaN,NaN,NaN,NaN,NaN,NaN,NaN,NaN,NaN,NaN,NaN,NaN,NaN,NaN,NaN,NaN,NaN,NaN,NaN,NaN,NaN,NaN,NaN,NaN,NaN,NaN,NaN,NaN,NaN,NaN,NaN,NaN,NaN,NaN,NaN,NaN,NaN,NaN,NaN,NaN,NaN,NaN,NaN,NaN,NaN,NaN,NaN,NaN
0.024799,0.024355,0.023921,0.023505,0.0231,0.022679,0.022264,0.021853,0.021445,0.021041,0.020642,0.020247,0.019857,0.019472,0.019092,0.018717,0.018349,0.017987,0.017632,0.017284,0.016943,0.016611,0.016287,0.015973,0.015668,0.015373,0.015089,0.014816,0.014556,0.014308,0.014074,0.013853,0.013648,0.013457,0.013283,0.013126,0.012986,0.012863,0.012759,0.012674,0.012608,0.012561,0.012534,0.012526,0.012539,0.012571,0.012623,0.012694,0.012785,0.012894,0.013021,0.013166,0.013328,0.013507,0.013701,0.013911,0.014135,0.014373,0.014624,0.01497,0.015277,0.015545,0.015824,0.016113,0.016413,0.016722,0.01704,0.017368,0.017704,0.018048,0.018401,0.018762,0.019131,0.019507,0.019891,0.020282,0.02068,0.021084,0.021493,0.021908,0.022327,0.022751,0.023179,0.02361,0.024045,0.024483,0.024925,NaN,NaN,NaN,NaN,NaN,NaN,NaN,NaN,NaN,NaN,NaN,NaN,NaN,NaN,NaN,NaN,NaN,NaN,NaN,NaN,NaN,NaN,NaN,NaN,NaN,NaN,NaN,NaN,NaN,NaN,NaN,NaN,NaN,NaN,NaN,NaN,NaN,NaN,NaN,NaN,NaN,NaN,NaN,NaN,NaN,NaN,NaN,NaN,NaN,NaN,NaN,NaN,NaN,NaN,NaN,NaN,NaN,NaN,NaN,NaN,NaN,NaN,NaN,NaN,NaN,NaN,NaN,NaN,NaN,NaN,NaN,NaN,NaN,NaN,NaN,NaN,NaN,NaN,NaN,NaN,NaN,NaN,NaN,NaN,NaN,NaN,NaN,NaN,NaN,NaN,NaN,NaN,NaN,NaN,NaN,NaN,NaN,NaN,NaN,NaN,NaN,NaN,NaN,NaN,NaN,NaN,NaN,NaN,NaN,NaN,NaN,NaN,NaN,NaN,NaN,NaN,NaN,NaN,NaN,NaN,NaN,NaN,NaN,NaN,NaN,NaN,NaN,NaN,NaN,NaN,NaN,NaN,NaN,NaN,NaN,NaN,NaN,NaN,NaN,NaN,NaN,NaN,NaN,NaN,NaN,NaN,NaN,NaN,NaN,NaN,NaN,NaN,NaN,NaN,NaN,NaN,NaN,NaN,NaN,NaN,NaN,NaN,NaN,NaN
0.025417,0.024975,0.024535,0.024098,0.023665,0.023235,0.022808,0.022385,0.021966,0.021551,0.021141,0.020736,0.020336,0.019941,0.019552,0.019169,0.018793,0.018424,0.018062,0.017708,0.017363,0.017026,0.016699,0.016381,0.016074,0.015777,0.015492,0.01522,0.01496,0.014713,0.01448,0.014262,0.014059,0.013872,0.013702,0.013535,0.013393,0.01327,0.013166,0.01308,0.013014,0.012967,0.01294,0.012933,0.012946,0.012979,0.013031,0.013103,0.013195,0.013305,0.013434,0.01358,0.013744,0.013926,0.014123,0.014336,0.014564,0.014852,0.015235,0.015791,0.016098,0.016311,0.016538,0.016776,0.017027,0.017289,0.017564,0.017852,0.018151,0.018527,0.018844,0.019174,0.019592,0.020056,0.020443,0.020851,0.021196,0.021561,0.021947,0.022356,0.02279,0.023249,0.023732,0.024235,0.024755,0.025288,0.02583,0.02638,NaN,NaN,NaN,NaN,NaN,NaN,NaN,NaN,NaN,NaN,NaN,NaN,NaN,NaN,NaN,NaN,NaN,NaN,NaN,NaN,NaN,NaN,NaN,NaN,NaN,NaN,NaN,NaN,NaN,NaN,NaN,NaN,NaN,NaN,NaN,NaN,NaN,NaN,NaN,NaN,NaN,NaN,NaN,NaN,NaN,NaN,NaN,NaN,NaN,NaN,NaN,NaN,NaN,NaN,NaN,NaN,NaN,NaN,NaN,NaN,NaN,NaN,NaN,NaN,NaN,NaN,NaN,NaN,NaN,NaN,NaN,NaN,NaN,NaN,NaN,NaN,NaN,NaN,NaN,NaN,NaN,NaN,NaN,NaN,NaN,NaN,NaN,NaN,NaN,NaN,NaN,NaN,NaN,NaN,NaN,NaN,NaN,NaN,NaN,NaN,NaN,NaN,NaN,NaN,NaN,NaN,NaN,NaN,NaN,NaN,NaN,NaN,NaN,NaN,NaN,NaN,NaN,NaN,NaN,NaN,NaN,NaN,NaN,NaN,NaN,NaN,NaN,NaN,NaN,NaN,NaN,NaN,NaN,NaN,NaN,NaN,NaN,NaN,NaN,NaN,NaN,NaN,NaN,NaN,NaN,NaN,NaN,NaN,NaN,NaN,NaN,NaN,NaN,NaN,NaN,NaN,NaN,NaN,NaN,NaN,NaN,NaN,NaN
0.025288,0.024818,0.024369,0.02395,0.023552,0.023122,0.022697,0.022276,0.021859,0.021446,0.021037,0.020633,0.020235,0.019841,0.019454,0.019072,0.018697,0.018329,0.017969,0.017616,0.017272,0.016936,0.01661,0.016294,0.015989,0.015694,0.015412,0.015142,0.014885,0.014642,0.014413,0.014199,0.014001,0.013818,0.013652,0.013504,0.013372,0.013259,0.013164,0.013088,0.013031,0.012993,0.012974,0.012975,0.012995,0.013035,0.013094,0.013156,0.013245,0.013353,0.01348,0.013625,0.013789,0.013971,0.01417,0.014386,0.014618,0.014864,0.015249,0.016131,0.016612,0.016757,0.016915,0.017086,0.017271,0.017522,0.017727,0.017947,0.018243,0.018487,0.018748,0.019029,0.019396,0.019815,0.020392,0.020794,0.021078,0.021391,0.021736,0.022115,0.022532,0.02299,0.023488,0.024023,0.024589,0.025179,0.025788,0.026411,0.027045,NaN,NaN,NaN,NaN,NaN,NaN,NaN,NaN,NaN,NaN,NaN,NaN,NaN,NaN,NaN,NaN,NaN,NaN,NaN,NaN,NaN,NaN,NaN,NaN,NaN,NaN,NaN,NaN,NaN,NaN,NaN,NaN,NaN,NaN,NaN,NaN,NaN,NaN,NaN,NaN,NaN,NaN,NaN,NaN,NaN,NaN,NaN,NaN,NaN,NaN,NaN,NaN,NaN,NaN,NaN,NaN,NaN,NaN,NaN,NaN,NaN,NaN,NaN,NaN,NaN,NaN,NaN,NaN,NaN,NaN,NaN,NaN,NaN,NaN,NaN,NaN,NaN,NaN,NaN,NaN,NaN,NaN,NaN,NaN,NaN,NaN,NaN,NaN,NaN,NaN,NaN,NaN,NaN,NaN,NaN,NaN,NaN,NaN,NaN,NaN,NaN,NaN,NaN,NaN,NaN,NaN,NaN,NaN,NaN,NaN,NaN,NaN,NaN,NaN,NaN,NaN,NaN,NaN,NaN,NaN,NaN,NaN,NaN,NaN,NaN,NaN,NaN,NaN,NaN,NaN,NaN,NaN,NaN,NaN,NaN,NaN,NaN,NaN,NaN,NaN,NaN,NaN,NaN,NaN,NaN,NaN,NaN,NaN,NaN,NaN,NaN,NaN,NaN,NaN,NaN,NaN,NaN,NaN,NaN,NaN,NaN,NaN
0.025056,0.02462,0.024186,0.023756,0.02333,0.022908,0.022492,0.022081,0.021676,0.021276,0.020883,0.020496,0.020114,0.019738,0.019368,0.018974,0.018606,0.018245,0.017891,0.017545,0.017206,0.016876,0.016554,0.016242,0.01594,0.015649,0.015368,0.015099,0.014843,0.014599,0.014369,0.014153,0.013951,0.013765,0.013594,0.013439,0.013301,0.01318,0.013077,0.012991,0.012923,0.012873,0.012842,0.01283,0.012837,0.012862,0.012906,0.012968,0.013048,0.013147,0.013263,0.013396,0.013546,0.013713,0.013895,0.014092,0.014304,0.014529,0.014885,0.01566,0.016148,0.016277,0.01642,0.016577,0.016748,0.016936,0.017139,0.01736,0.017598,0.017855,0.018129,0.018422,0.018735,0.019122,0.019588,0.019906,0.020245,0.020604,0.020984,0.021424,0.021818,0.022234,0.022674,0.023136,0.023621,0.024127,0.02465,0.025187,0.025734,0.02629,NaN,NaN,NaN,NaN,NaN,NaN,NaN,NaN,NaN,NaN,NaN,NaN,NaN,NaN,NaN,NaN,NaN,NaN,NaN,NaN,NaN,NaN,NaN,NaN,NaN,NaN,NaN,NaN,NaN,NaN,NaN,NaN,NaN,NaN,NaN,NaN,NaN,NaN,NaN,NaN,NaN,NaN,NaN,NaN,NaN,NaN,NaN,NaN,NaN,NaN,NaN,NaN,NaN,NaN,NaN,NaN,NaN,NaN,NaN,NaN,NaN,NaN,NaN,NaN,NaN,NaN,NaN,NaN,NaN,NaN,NaN,NaN,NaN,NaN,NaN,NaN,NaN,NaN,NaN,NaN,NaN,NaN,NaN,NaN,NaN,NaN,NaN,NaN,NaN,NaN,NaN,NaN,NaN,NaN,NaN,NaN,NaN,NaN,NaN,NaN,NaN,NaN,NaN,NaN,NaN,NaN,NaN,NaN,NaN,NaN,NaN,NaN,NaN,NaN,NaN,NaN,NaN,NaN,NaN,NaN,NaN,NaN,NaN,NaN,NaN,NaN,NaN,NaN,NaN,NaN,NaN,NaN,NaN,NaN,NaN,NaN,NaN,NaN,NaN,NaN,NaN,NaN,NaN,NaN,NaN,NaN,NaN,NaN,NaN,NaN,NaN,NaN,NaN,NaN,NaN,NaN,NaN,NaN,NaN,NaN,NaN
0.024925,0.024493,0.024065,0.023642,0.023225,0.022814,0.022412,0.022017,0.021628,0.021245,0.020868,0.020446,0.020064,0.019687,0.019314,0.018947,0.018586,0.018231,0.017883,0.017541,0.017207,0.016881,0.016562,0.016253,0.015953,0.015662,0.015382,0.015113,0.014856,0.01461,0.014377,0.014157,0.013951,0.013759,0.013581,0.013419,0.013273,0.013142,0.013029,0.012932,0.012853,0.012791,0.012747,0.012722,0.012714,0.012725,0.012754,0.012801,0.012865,0.012948,0.013048,0.013165,0.013298,0.013448,0.013613,0.013819,0.014007,0.01421,0.014499,0.015114,0.015399,0.015568,0.01575,0.015944,0.01615,0.016369,0.016601,0.016845,0.017102,0.017421,0.017695,0.017983,0.018285,0.018704,0.019179,0.019474,0.019786,0.020114,0.02046,0.020862,0.021223,0.021605,0.022009,0.022434,0.022881,0.023347,0.023832,0.02433,0.02484,0.025359,0.025884,NaN,NaN,NaN,NaN,NaN,NaN,NaN,NaN,NaN,NaN,NaN,NaN,NaN,NaN,NaN,NaN,NaN,NaN,NaN,NaN,NaN,NaN,NaN,NaN,NaN,NaN,NaN,NaN,NaN,NaN,NaN,NaN,NaN,NaN,NaN,NaN,NaN,NaN,NaN,NaN,NaN,NaN,NaN,NaN,NaN,NaN,NaN,NaN,NaN,NaN,NaN,NaN,NaN,NaN,NaN,NaN,NaN,NaN,NaN,NaN,NaN,NaN,NaN,NaN,NaN,NaN,NaN,NaN,NaN,NaN,NaN,NaN,NaN,NaN,NaN,NaN,NaN,NaN,NaN,NaN,NaN,NaN,NaN,NaN,NaN,NaN,NaN,NaN,NaN,NaN,NaN,NaN,NaN,NaN,NaN,NaN,NaN,NaN,NaN,NaN,NaN,NaN,NaN,NaN,NaN,NaN,NaN,NaN,NaN,NaN,NaN,NaN,NaN,NaN,NaN,NaN,NaN,NaN,NaN,NaN,NaN,NaN,NaN,NaN,NaN,NaN,NaN,NaN,NaN,NaN,NaN,NaN,NaN,NaN,NaN,NaN,NaN,NaN,NaN,NaN,NaN,NaN,NaN,NaN,NaN,NaN,NaN,NaN,NaN,NaN,NaN,NaN,NaN,NaN,NaN,NaN,NaN,NaN,NaN,NaN
0.024842,0.024409,0.023979,0.023553,0.02313,0.02271,0.022295,0.021885,0.021479,0.021079,0.020684,0.020296,0.019914,0.019538,0.019169,0.018807,0.018452,0.018105,0.017766,0.017418,0.017089,0.016769,0.016459,0.016158,0.015868,0.015589,0.015322,0.015066,0.014824,0.014594,0.014378,0.014176,0.013989,0.013798,0.01362,0.013469,0.013334,0.013215,0.013113,0.013029,0.012961,0.012912,0.012879,0.012865,0.012869,0.01289,0.012929,0.012986,0.013061,0.013152,0.013261,0.013387,0.013529,0.013687,0.01386,0.014049,0.014251,0.014468,0.014868,0.015794,0.016336,0.016406,0.01649,0.016589,0.016702,0.016829,0.016972,0.01713,0.017306,0.017499,0.017759,0.017984,0.018229,0.018591,0.019064,0.019378,0.019653,0.019955,0.020283,0.020713,0.021187,0.021531,0.021907,0.022317,0.022764,0.02325,0.023773,0.024329,0.024913,0.025517,0.026136,0.026768,NaN,NaN,NaN,NaN,NaN,NaN,NaN,NaN,NaN,NaN,NaN,NaN,NaN,NaN,NaN,NaN,NaN,NaN,NaN,NaN,NaN,NaN,NaN,NaN,NaN,NaN,NaN,NaN,NaN,NaN,NaN,NaN,NaN,NaN,NaN,NaN,NaN,NaN,NaN,NaN,NaN,NaN,NaN,NaN,NaN,NaN,NaN,NaN,NaN,NaN,NaN,NaN,NaN,NaN,NaN,NaN,NaN,NaN,NaN,NaN,NaN,NaN,NaN,NaN,NaN,NaN,NaN,NaN,NaN,NaN,NaN,NaN,NaN,NaN,NaN,NaN,NaN,NaN,NaN,NaN,NaN,NaN,NaN,NaN,NaN,NaN,NaN,NaN,NaN,NaN,NaN,NaN,NaN,NaN,NaN,NaN,NaN,NaN,NaN,NaN,NaN,NaN,NaN,NaN,NaN,NaN,NaN,NaN,NaN,NaN,NaN,NaN,NaN,NaN,NaN,NaN,NaN,NaN,NaN,NaN,NaN,NaN,NaN,NaN,NaN,NaN,NaN,NaN,NaN,NaN,NaN,NaN,NaN,NaN,NaN,NaN,NaN,NaN,NaN,NaN,NaN,NaN,NaN,NaN,NaN,NaN,NaN,NaN,NaN,NaN,NaN,NaN,NaN,NaN,NaN,NaN,NaN,NaN,NaN
0.024799,0.024347,0.0239,0.023458,0.023021,0.022593,0.022173,0.021761,0.021357,0.020959,0.020567,0.020131,0.019736,0.019348,0.018967,0.018592,0.018225,0.017867,0.017517,0.017176,0.016845,0.016524,0.016215,0.015918,0.015632,0.01536,0.015101,0.014857,0.014628,0.014413,0.014215,0.014033,0.013867,0.013718,0.013587,0.013457,0.013355,0.013271,0.013205,0.013156,0.013125,0.013112,0.013117,0.01314,0.01318,0.013238,0.013313,0.013383,0.013485,0.013605,0.013741,0.013895,0.014066,0.014254,0.014458,0.014677,0.014911,0.015225,0.015643,0.017231,0.018124,0.018034,0.01796,0.017904,0.017865,0.017845,0.017846,0.017868,0.017915,0.018071,0.018246,0.01835,0.018536,0.018826,0.019231,0.019407,0.019625,0.019886,0.020191,0.0206,0.020961,0.021329,0.021742,0.0222,0.022702,0.023249,0.023838,0.024464,0.025122,0.025806,0.026511,0.027231,0.027965,NaN,NaN,NaN,NaN,NaN,NaN,NaN,NaN,NaN,NaN,NaN,NaN,NaN,NaN,NaN,NaN,NaN,NaN,NaN,NaN,NaN,NaN,NaN,NaN,NaN,NaN,NaN,NaN,NaN,NaN,NaN,NaN,NaN,NaN,NaN,NaN,NaN,NaN,NaN,NaN,NaN,NaN,NaN,NaN,NaN,NaN,NaN,NaN,NaN,NaN,NaN,NaN,NaN,NaN,NaN,NaN,NaN,NaN,NaN,NaN,NaN,NaN,NaN,NaN,NaN,NaN,NaN,NaN,NaN,NaN,NaN,NaN,NaN,NaN,NaN,NaN,NaN,NaN,NaN,NaN,NaN,NaN,NaN,NaN,NaN,NaN,NaN,NaN,NaN,NaN,NaN,NaN,NaN,NaN,NaN,NaN,NaN,NaN,NaN,NaN,NaN,NaN,NaN,NaN,NaN,NaN,NaN,NaN,NaN,NaN,NaN,NaN,NaN,NaN,NaN,NaN,NaN,NaN,NaN,NaN,NaN,NaN,NaN,NaN,NaN,NaN,NaN,NaN,NaN,NaN,NaN,NaN,NaN,NaN,NaN,NaN,NaN,NaN,NaN,NaN,NaN,NaN,NaN,NaN,NaN,NaN,NaN,NaN,NaN,NaN,NaN,NaN,NaN,NaN,NaN,NaN,NaN,NaN
0.024614,0.024169,0.023736,0.02332,0.022916,0.022496,0.022082,0.021673,0.021267,0.020867,0.020471,0.020081,0.019697,0.019319,0.018948,0.018585,0.018229,0.017881,0.017542,0.017211,0.016891,0.01658,0.016279,0.01599,0.015711,0.015445,0.015191,0.01495,0.014722,0.014508,0.014293,0.014103,0.013928,0.013753,0.01359,0.013452,0.013329,0.013224,0.013134,0.013062,0.013006,0.012968,0.012946,0.012942,0.012955,0.012985,0.013033,0.013097,0.013178,0.013276,0.01339,0.013521,0.013667,0.013829,0.014006,0.014197,0.014403,0.014653,0.015148,0.016168,0.016793,0.016795,0.016811,0.016842,0.016921,0.016976,0.017085,0.017168,0.01727,0.017468,0.01768,0.017816,0.017977,0.018445,0.018787,0.018941,0.019127,0.019348,0.019603,0.019947,0.020291,0.020615,0.020979,0.021382,0.021825,0.022307,0.022824,0.023375,0.023955,0.02456,0.025184,0.025824,0.026476,0.02714,NaN,NaN,NaN,NaN,NaN,NaN,NaN,NaN,NaN,NaN,NaN,NaN,NaN,NaN,NaN,NaN,NaN,NaN,NaN,NaN,NaN,NaN,NaN,NaN,NaN,NaN,NaN,NaN,NaN,NaN,NaN,NaN,NaN,NaN,NaN,NaN,NaN,NaN,NaN,NaN,NaN,NaN,NaN,NaN,NaN,NaN,NaN,NaN,NaN,NaN,NaN,NaN,NaN,NaN,NaN,NaN,NaN,NaN,NaN,NaN,NaN,NaN,NaN,NaN,NaN,NaN,NaN,NaN,NaN,NaN,NaN,NaN,NaN,NaN,NaN,NaN,NaN,NaN,NaN,NaN,NaN,NaN,NaN,NaN,NaN,NaN,NaN,NaN,NaN,NaN,NaN,NaN,NaN,NaN,NaN,NaN,NaN,NaN,NaN,NaN,NaN,NaN,NaN,NaN,NaN,NaN,NaN,NaN,NaN,NaN,NaN,NaN,NaN,NaN,NaN,NaN,NaN,NaN,NaN,NaN,NaN,NaN,NaN,NaN,NaN,NaN,NaN,NaN,NaN,NaN,NaN,NaN,NaN,NaN,NaN,NaN,NaN,NaN,NaN,NaN,NaN,NaN,NaN,NaN,NaN,NaN,NaN,NaN,NaN,NaN,NaN,NaN,NaN,NaN,NaN,NaN,NaN
0.024557,0.024161,0.023767,0.023376,0.022987,0.022601,0.022218,0.021838,0.021461,0.021088,0.020718,0.020353,0.019991,0.019633,0.019281,0.018933,0.01859,0.018253,0.017922,0.017597,0.017278,0.016966,0.016661,0.016364,0.016074,0.015793,0.015521,0.015257,0.015004,0.01476,0.014526,0.014304,0.014093,0.013894,0.013707,0.013518,0.013352,0.0132,0.013062,0.012938,0.012829,0.012736,0.012658,0.012596,0.01255,0.01252,0.012507,0.01251,0.012529,0.012565,0.012617,0.012685,0.012769,0.012869,0.012984,0.013114,0.013258,0.013417,0.013621,0.013963,0.014337,0.014489,0.014654,0.014831,0.015019,0.015218,0.015428,0.015649,0.01588,0.016122,0.016373,0.016635,0.016906,0.017188,0.01748,0.017783,0.018095,0.018418,0.01875,0.019152,0.019489,0.019836,0.020191,0.020554,0.020926,0.021305,0.021692,0.022088,0.02249,0.022899,0.023315,0.023735,0.02416,0.024588,0.02502,NaN,NaN,NaN,NaN,NaN,NaN,NaN,NaN,NaN,NaN,NaN,NaN,NaN,NaN,NaN,NaN,NaN,NaN,NaN,NaN,NaN,NaN,NaN,NaN,NaN,NaN,NaN,NaN,NaN,NaN,NaN,NaN,NaN,NaN,NaN,NaN,NaN,NaN,NaN,NaN,NaN,NaN,NaN,NaN,NaN,NaN,NaN,NaN,NaN,NaN,NaN,NaN,NaN,NaN,NaN,NaN,NaN,NaN,NaN,NaN,NaN,NaN,NaN,NaN,NaN,NaN,NaN,NaN,NaN,NaN,NaN,NaN,NaN,NaN,NaN,NaN,NaN,NaN,NaN,NaN,NaN,NaN,NaN,NaN,NaN,NaN,NaN,NaN,NaN,NaN,NaN,NaN,NaN,NaN,NaN,NaN,NaN,NaN,NaN,NaN,NaN,NaN,NaN,NaN,NaN,NaN,NaN,NaN,NaN,NaN,NaN,NaN,NaN,NaN,NaN,NaN,NaN,NaN,NaN,NaN,NaN,NaN,NaN,NaN,NaN,NaN,NaN,NaN,NaN,NaN,NaN,NaN,NaN,NaN,NaN,NaN,NaN,NaN,NaN,NaN,NaN,NaN,NaN,NaN,NaN,NaN,NaN,NaN,NaN,NaN,NaN,NaN,NaN,NaN,NaN,NaN
0.025137,0.024739,0.024344,0.023952,0.023562,0.023174,0.022789,0.022407,0.022029,0.021653,0.021281,0.020912,0.020548,0.020187,0.019831,0.019479,0.019131,0.018789,0.018452,0.01812,0.017795,0.017476,0.017163,0.016857,0.016559,0.016268,0.015985,0.015712,0.015447,0.015191,0.014946,0.014711,0.014487,0.014275,0.014074,0.013886,0.01371,0.013548,0.0134,0.013266,0.013146,0.013042,0.012953,0.012879,0.012822,0.01278,0.012755,0.012747,0.012755,0.012779,0.01282,0.012877,0.01295,0.013039,0.013143,0.013262,0.013397,0.013545,0.013707,0.014004,0.014306,0.014517,0.014694,0.014884,0.015084,0.015296,0.015519,0.015751,0.015994,0.016246,0.016508,0.016779,0.01706,0.017349,0.017647,0.017953,0.018269,0.018592,0.018924,0.019264,0.019704,0.020044,0.020392,0.020746,0.021108,0.021477,0.021978,0.022335,0.022703,0.023083,0.023477,0.023888,0.024315,0.024753,0.025201,0.025654,NaN,NaN,NaN,NaN,NaN,NaN,NaN,NaN,NaN,NaN,NaN,NaN,NaN,NaN,NaN,NaN,NaN,NaN,NaN,NaN,NaN,NaN,NaN,NaN,NaN,NaN,NaN,NaN,NaN,NaN,NaN,NaN,NaN,NaN,NaN,NaN,NaN,NaN,NaN,NaN,NaN,NaN,NaN,NaN,NaN,NaN,NaN,NaN,NaN,NaN,NaN,NaN,NaN,NaN,NaN,NaN,NaN,NaN,NaN,NaN,NaN,NaN,NaN,NaN,NaN,NaN,NaN,NaN,NaN,NaN,NaN,NaN,NaN,NaN,NaN,NaN,NaN,NaN,NaN,NaN,NaN,NaN,NaN,NaN,NaN,NaN,NaN,NaN,NaN,NaN,NaN,NaN,NaN,NaN,NaN,NaN,NaN,NaN,NaN,NaN,NaN,NaN,NaN,NaN,NaN,NaN,NaN,NaN,NaN,NaN,NaN,NaN,NaN,NaN,NaN,NaN,NaN,NaN,NaN,NaN,NaN,NaN,NaN,NaN,NaN,NaN,NaN,NaN,NaN,NaN,NaN,NaN,NaN,NaN,NaN,NaN,NaN,NaN,NaN,NaN,NaN,NaN,NaN,NaN,NaN,NaN,NaN,NaN,NaN,NaN,NaN,NaN,NaN,NaN,NaN
0.025056,0.024636,0.024236,0.023866,0.023516,0.023131,0.022753,0.022378,0.022006,0.021637,0.021271,0.020909,0.02055,0.020195,0.019844,0.019497,0.019155,0.018817,0.018485,0.018157,0.017835,0.017519,0.017209,0.016906,0.016609,0.01632,0.016038,0.015764,0.015499,0.015242,0.014995,0.014758,0.014531,0.014314,0.014109,0.013916,0.013734,0.013566,0.01341,0.013268,0.01314,0.013026,0.012927,0.012843,0.012775,0.012722,0.012685,0.012664,0.012659,0.01267,0.012697,0.01274,0.012799,0.012873,0.012963,0.013068,0.013187,0.013321,0.013468,0.01371,0.013917,0.014089,0.014273,0.014468,0.014675,0.014893,0.015121,0.015358,0.015606,0.015862,0.016127,0.016401,0.016683,0.016972,0.017269,0.017574,0.017885,0.018204,0.018528,0.01886,0.019197,0.019539,0.019888,0.020241,0.020599,0.020961,0.021328,0.021699,0.022073,0.022451,0.022832,0.023216,0.023603,0.023993,0.024385,0.02478,0.025177,NaN,NaN,NaN,NaN,NaN,NaN,NaN,NaN,NaN,NaN,NaN,NaN,NaN,NaN,NaN,NaN,NaN,NaN,NaN,NaN,NaN,NaN,NaN,NaN,NaN,NaN,NaN,NaN,NaN,NaN,NaN,NaN,NaN,NaN,NaN,NaN,NaN,NaN,NaN,NaN,NaN,NaN,NaN,NaN,NaN,NaN,NaN,NaN,NaN,NaN,NaN,NaN,NaN,NaN,NaN,NaN,NaN,NaN,NaN,NaN,NaN,NaN,NaN,NaN,NaN,NaN,NaN,NaN,NaN,NaN,NaN,NaN,NaN,NaN,NaN,NaN,NaN,NaN,NaN,NaN,NaN,NaN,NaN,NaN,NaN,NaN,NaN,NaN,NaN,NaN,NaN,NaN,NaN,NaN,NaN,NaN,NaN,NaN,NaN,NaN,NaN,NaN,NaN,NaN,NaN,NaN,NaN,NaN,NaN,NaN,NaN,NaN,NaN,NaN,NaN,NaN,NaN,NaN,NaN,NaN,NaN,NaN,NaN,NaN,NaN,NaN,NaN,NaN,NaN,NaN,NaN,NaN,NaN,NaN,NaN,NaN,NaN,NaN,NaN,NaN,NaN,NaN,NaN,NaN,NaN,NaN,NaN,NaN,NaN,NaN,NaN,NaN,NaN,NaN
0.024794,0.024411,0.024031,0.023652,0.023276,0.022902,0.022531,0.022163,0.021797,0.021435,0.021075,0.020719,0.020367,0.020018,0.019673,0.019332,0.018996,0.018664,0.018337,0.018015,0.017698,0.017387,0.017083,0.016784,0.016492,0.016207,0.01593,0.015661,0.015399,0.015147,0.014903,0.014669,0.014445,0.014231,0.014028,0.013836,0.013656,0.013488,0.013333,0.01319,0.013062,0.012947,0.012846,0.01276,0.012688,0.012632,0.012591,0.012565,0.012555,0.01256,0.012581,0.012618,0.012669,0.012736,0.012818,0.012915,0.013026,0.013151,0.01329,0.013552,0.013784,0.013937,0.014102,0.014279,0.014467,0.014666,0.014876,0.015095,0.015325,0.015564,0.015812,0.016069,0.016335,0.016609,0.016891,0.017182,0.01748,0.017785,0.018098,0.018418,0.018745,0.019078,0.019417,0.019762,0.020112,0.020467,0.020827,0.021191,0.021559,0.021931,0.022306,0.022685,0.02328,0.023586,0.02392,0.024306,0.024743,0.025209,NaN,NaN,NaN,NaN,NaN,NaN,NaN,NaN,NaN,NaN,NaN,NaN,NaN,NaN,NaN,NaN,NaN,NaN,NaN,NaN,NaN,NaN,NaN,NaN,NaN,NaN,NaN,NaN,NaN,NaN,NaN,NaN,NaN,NaN,NaN,NaN,NaN,NaN,NaN,NaN,NaN,NaN,NaN,NaN,NaN,NaN,NaN,NaN,NaN,NaN,NaN,NaN,NaN,NaN,NaN,NaN,NaN,NaN,NaN,NaN,NaN,NaN,NaN,NaN,NaN,NaN,NaN,NaN,NaN,NaN,NaN,NaN,NaN,NaN,NaN,NaN,NaN,NaN,NaN,NaN,NaN,NaN,NaN,NaN,NaN,NaN,NaN,NaN,NaN,NaN,NaN,NaN,NaN,NaN,NaN,NaN,NaN,NaN,NaN,NaN,NaN,NaN,NaN,NaN,NaN,NaN,NaN,NaN,NaN,NaN,NaN,NaN,NaN,NaN,NaN,NaN,NaN,NaN,NaN,NaN,NaN,NaN,NaN,NaN,NaN,NaN,NaN,NaN,NaN,NaN,NaN,NaN,NaN,NaN,NaN,NaN,NaN,NaN,NaN,NaN,NaN,NaN,NaN,NaN,NaN,NaN,NaN,NaN,NaN,NaN,NaN,NaN,NaN
0.024585,0.024211,0.02384,0.023471,0.023103,0.022739,0.022377,0.022017,0.02166,0.021306,0.020955,0.020607,0.020262,0.019921,0.019583,0.019249,0.01892,0.018594,0.018273,0.017957,0.017646,0.01734,0.017039,0.016745,0.016456,0.016174,0.015899,0.015631,0.01537,0.015117,0.014873,0.014638,0.014411,0.014195,0.013988,0.013792,0.013607,0.013433,0.013271,0.013122,0.012985,0.012862,0.012752,0.012656,0.012574,0.012506,0.012454,0.012416,0.012393,0.012386,0.012393,0.012416,0.012454,0.012506,0.012574,0.012656,0.012752,0.012862,0.012985,0.013122,0.013271,0.013433,0.013607,0.013792,0.013988,0.014195,0.014411,0.014638,0.014873,0.015117,0.01537,0.015631,0.015899,0.016174,0.016456,0.016745,0.017039,0.01734,0.017646,0.017957,0.018273,0.018594,0.01892,0.019249,0.019583,0.019921,0.020262,0.020607,0.020955,0.021306,0.02166,0.022017,0.022377,0.022739,0.023103,0.023471,0.02384,0.024211,0.024585,NaN,NaN,NaN,NaN,NaN,NaN,NaN,NaN,NaN,NaN,NaN,NaN,NaN,NaN,NaN,NaN,NaN,NaN,NaN,NaN,NaN,NaN,NaN,NaN,NaN,NaN,NaN,NaN,NaN,NaN,NaN,NaN,NaN,NaN,NaN,NaN,NaN,NaN,NaN,NaN,NaN,NaN,NaN,NaN,NaN,NaN,NaN,NaN,NaN,NaN,NaN,NaN,NaN,NaN,NaN,NaN,NaN,NaN,NaN,NaN,NaN,NaN,NaN,NaN,NaN,NaN,NaN,NaN,NaN,NaN,NaN,NaN,NaN,NaN,NaN,NaN,NaN,NaN,NaN,NaN,NaN,NaN,NaN,NaN,NaN,NaN,NaN,NaN,NaN,NaN,NaN,NaN,NaN,NaN,NaN,NaN,NaN,NaN,NaN,NaN,NaN,NaN,NaN,NaN,NaN,NaN,NaN,NaN,NaN,NaN,NaN,NaN,NaN,NaN,NaN,NaN,NaN,NaN,NaN,NaN,NaN,NaN,NaN,NaN,NaN,NaN,NaN,NaN,NaN,NaN,NaN,NaN,NaN,NaN,NaN,NaN,NaN,NaN,NaN,NaN,NaN,NaN,NaN,NaN,NaN,NaN,NaN,NaN,NaN,NaN,NaN,NaN
0.024662,0.02429,0.023921,0.023554,0.023188,0.022826,0.022465,0.022107,0.021752,0.0214,0.02105,0.020704,0.020361,0.020021,0.019685,0.019352,0.019024,0.0187,0.01838,0.018065,0.017754,0.017449,0.01715,0.016856,0.016568,0.016286,0.016011,0.015743,0.015483,0.01523,0.014986,0.01475,0.014523,0.014305,0.014097,0.0139,0.013713,0.013537,0.013373,0.013221,0.013081,0.012955,0.012841,0.012741,0.012655,0.012583,0.012525,0.012482,0.012453,0.01244,0.012441,0.012457,0.012489,0.012534,0.012595,0.01267,0.012759,0.012861,0.012978,0.013145,0.013282,0.013432,0.013594,0.013768,0.013953,0.014148,0.014354,0.014569,0.014794,0.015028,0.01527,0.015521,0.01578,0.016046,0.016319,0.016599,0.016885,0.017178,0.017477,0.017782,0.018091,0.018406,0.018726,0.019051,0.01938,0.019713,0.020125,0.020451,0.020782,0.021118,0.021459,0.021805,0.022157,0.022516,0.022881,0.023252,0.023628,0.024007,0.024391,0.024777,NaN,NaN,NaN,NaN,NaN,NaN,NaN,NaN,NaN,NaN,NaN,NaN,NaN,NaN,NaN,NaN,NaN,NaN,NaN,NaN,NaN,NaN,NaN,NaN,NaN,NaN,NaN,NaN,NaN,NaN,NaN,NaN,NaN,NaN,NaN,NaN,NaN,NaN,NaN,NaN,NaN,NaN,NaN,NaN,NaN,NaN,NaN,NaN,NaN,NaN,NaN,NaN,NaN,NaN,NaN,NaN,NaN,NaN,NaN,NaN,NaN,NaN,NaN,NaN,NaN,NaN,NaN,NaN,NaN,NaN,NaN,NaN,NaN,NaN,NaN,NaN,NaN,NaN,NaN,NaN,NaN,NaN,NaN,NaN,NaN,NaN,NaN,NaN,NaN,NaN,NaN,NaN,NaN,NaN,NaN,NaN,NaN,NaN,NaN,NaN,NaN,NaN,NaN,NaN,NaN,NaN,NaN,NaN,NaN,NaN,NaN,NaN,NaN,NaN,NaN,NaN,NaN,NaN,NaN,NaN,NaN,NaN,NaN,NaN,NaN,NaN,NaN,NaN,NaN,NaN,NaN,NaN,NaN,NaN,NaN,NaN,NaN,NaN,NaN,NaN,NaN,NaN,NaN,NaN,NaN,NaN,NaN,NaN,NaN,NaN,NaN
0.02513,0.024689,0.024277,0.023912,0.023578,0.023195,0.022826,0.022465,0.022111,0.021763,0.02142,0.021031,0.020684,0.020343,0.020006,0.019675,0.019349,0.019028,0.018712,0.018401,0.018097,0.017781,0.017481,0.017188,0.016902,0.016622,0.016337,0.016066,0.015803,0.015548,0.015301,0.015064,0.014835,0.014617,0.014408,0.01421,0.014023,0.013847,0.013683,0.013531,0.013392,0.013265,0.013152,0.013052,0.012965,0.012893,0.012836,0.012793,0.012764,0.012751,0.012752,0.012769,0.0128,0.012846,0.012906,0.012982,0.013071,0.013174,0.013483,0.013627,0.013813,0.013928,0.014057,0.014198,0.014352,0.014517,0.014695,0.014884,0.015085,0.015297,0.015521,0.015756,0.016001,0.016257,0.016523,0.016798,0.017082,0.017375,0.017676,0.017985,0.018359,0.018699,0.019004,0.019316,0.019635,0.02,0.020513,0.020798,0.021093,0.021398,0.021717,0.02205,0.0224,0.022769,0.023247,0.02361,0.023995,0.024409,0.024855,0.025324,0.025808,NaN,NaN,NaN,NaN,NaN,NaN,NaN,NaN,NaN,NaN,NaN,NaN,NaN,NaN,NaN,NaN,NaN,NaN,NaN,NaN,NaN,NaN,NaN,NaN,NaN,NaN,NaN,NaN,NaN,NaN,NaN,NaN,NaN,NaN,NaN,NaN,NaN,NaN,NaN,NaN,NaN,NaN,NaN,NaN,NaN,NaN,NaN,NaN,NaN,NaN,NaN,NaN,NaN,NaN,NaN,NaN,NaN,NaN,NaN,NaN,NaN,NaN,NaN,NaN,NaN,NaN,NaN,NaN,NaN,NaN,NaN,NaN,NaN,NaN,NaN,NaN,NaN,NaN,NaN,NaN,NaN,NaN,NaN,NaN,NaN,NaN,NaN,NaN,NaN,NaN,NaN,NaN,NaN,NaN,NaN,NaN,NaN,NaN,NaN,NaN,NaN,NaN,NaN,NaN,NaN,NaN,NaN,NaN,NaN,NaN,NaN,NaN,NaN,NaN,NaN,NaN,NaN,NaN,NaN,NaN,NaN,NaN,NaN,NaN,NaN,NaN,NaN,NaN,NaN,NaN,NaN,NaN,NaN,NaN,NaN,NaN,NaN,NaN,NaN,NaN,NaN,NaN,NaN,NaN,NaN,NaN,NaN,NaN,NaN,NaN
0.025468,0.025054,0.024651,0.024265,0.023892,0.023501,0.023119,0.022742,0.022371,0.022007,0.021649,0.021299,0.020956,0.02062,0.02029,0.019968,0.019652,0.019342,0.019039,0.018728,0.018416,0.018102,0.017804,0.017513,0.017228,0.016936,0.016659,0.01639,0.016129,0.015876,0.015631,0.015395,0.015168,0.014933,0.01472,0.014503,0.014307,0.014122,0.013948,0.013786,0.013637,0.013501,0.013377,0.013267,0.013171,0.013089,0.013021,0.012968,0.01293,0.012907,0.012898,0.012905,0.012927,0.012964,0.013015,0.013082,0.013163,0.013259,0.013368,0.01365,0.013807,0.013929,0.014064,0.014211,0.014371,0.014544,0.014728,0.014924,0.015132,0.015351,0.015581,0.015823,0.016075,0.016338,0.01661,0.016892,0.017182,0.01748,0.017786,0.01822,0.018595,0.019015,0.019287,0.019567,0.019929,0.020361,0.021098,0.02129,0.021521,0.02173,0.021964,0.022227,0.022525,0.022863,0.023429,0.023783,0.024184,0.024633,0.025134,0.025683,0.026264,0.026865,NaN,NaN,NaN,NaN,NaN,NaN,NaN,NaN,NaN,NaN,NaN,NaN,NaN,NaN,NaN,NaN,NaN,NaN,NaN,NaN,NaN,NaN,NaN,NaN,NaN,NaN,NaN,NaN,NaN,NaN,NaN,NaN,NaN,NaN,NaN,NaN,NaN,NaN,NaN,NaN,NaN,NaN,NaN,NaN,NaN,NaN,NaN,NaN,NaN,NaN,NaN,NaN,NaN,NaN,NaN,NaN,NaN,NaN,NaN,NaN,NaN,NaN,NaN,NaN,NaN,NaN,NaN,NaN,NaN,NaN,NaN,NaN,NaN,NaN,NaN,NaN,NaN,NaN,NaN,NaN,NaN,NaN,NaN,NaN,NaN,NaN,NaN,NaN,NaN,NaN,NaN,NaN,NaN,NaN,NaN,NaN,NaN,NaN,NaN,NaN,NaN,NaN,NaN,NaN,NaN,NaN,NaN,NaN,NaN,NaN,NaN,NaN,NaN,NaN,NaN,NaN,NaN,NaN,NaN,NaN,NaN,NaN,NaN,NaN,NaN,NaN,NaN,NaN,NaN,NaN,NaN,NaN,NaN,NaN,NaN,NaN,NaN,NaN,NaN,NaN,NaN,NaN,NaN,NaN,NaN,NaN,NaN,NaN,NaN
0.025775,0.025244,0.024758,0.024344,0.023989,0.023598,0.023116,0.022735,0.02237,0.022018,0.021677,0.021294,0.02092,0.020581,0.020166,0.019821,0.019484,0.019155,0.018835,0.018524,0.018221,0.017912,0.017621,0.01734,0.017069,0.016807,0.016555,0.016313,0.016081,0.015859,0.015648,0.015448,0.015259,0.015044,0.014835,0.014646,0.014467,0.014308,0.014149,0.01401,0.013885,0.013768,0.013665,0.013574,0.013495,0.013427,0.013384,0.013335,0.013302,0.013285,0.013293,0.013302,0.013326,0.013367,0.013423,0.013495,0.013583,0.013768,0.013904,0.014275,0.014577,0.014651,0.014742,0.014849,0.014973,0.015114,0.015272,0.015448,0.015641,0.015852,0.016082,0.016331,0.016597,0.016924,0.017216,0.017524,0.017847,0.018183,0.018531,0.019174,0.019923,0.020173,0.020492,0.020787,0.021106,0.021705,0.024426,0.024069,0.023764,0.023527,0.023455,0.023483,0.02352,0.023697,0.024467,0.024795,0.025157,0.025706,0.02645,0.027387,0.028481,0.029681,0.030949,NaN,NaN,NaN,NaN,NaN,NaN,NaN,NaN,NaN,NaN,NaN,NaN,NaN,NaN,NaN,NaN,NaN,NaN,NaN,NaN,NaN,NaN,NaN,NaN,NaN,NaN,NaN,NaN,NaN,NaN,NaN,NaN,NaN,NaN,NaN,NaN,NaN,NaN,NaN,NaN,NaN,NaN,NaN,NaN,NaN,NaN,NaN,NaN,NaN,NaN,NaN,NaN,NaN,NaN,NaN,NaN,NaN,NaN,NaN,NaN,NaN,NaN,NaN,NaN,NaN,NaN,NaN,NaN,NaN,NaN,NaN,NaN,NaN,NaN,NaN,NaN,NaN,NaN,NaN,NaN,NaN,NaN,NaN,NaN,NaN,NaN,NaN,NaN,NaN,NaN,NaN,NaN,NaN,NaN,NaN,NaN,NaN,NaN,NaN,NaN,NaN,NaN,NaN,NaN,NaN,NaN,NaN,NaN,NaN,NaN,NaN,NaN,NaN,NaN,NaN,NaN,NaN,NaN,NaN,NaN,NaN,NaN,NaN,NaN,NaN,NaN,NaN,NaN,NaN,NaN,NaN,NaN,NaN,NaN,NaN,NaN,NaN,NaN,NaN,NaN,NaN,NaN,NaN,NaN,NaN,NaN,NaN,NaN
0.025373,0.024977,0.024584,0.024193,0.023805,0.02342,0.023038,0.02266,0.022285,0.021914,0.021548,0.021187,0.020831,0.02048,0.020135,0.019797,0.019466,0.019141,0.018825,0.018515,0.018214,0.01792,0.017635,0.017358,0.017089,0.016829,0.016577,0.016334,0.016101,0.015877,0.015662,0.015457,0.015241,0.015014,0.014809,0.014594,0.014412,0.014242,0.014083,0.013935,0.0138,0.013678,0.013565,0.013464,0.013376,0.013302,0.013241,0.013211,0.013176,0.013154,0.013178,0.013175,0.013186,0.013212,0.013253,0.013309,0.013415,0.01353,0.013649,0.014086,0.014259,0.014318,0.014394,0.014485,0.014592,0.014715,0.014854,0.01501,0.015182,0.015371,0.015577,0.015799,0.016038,0.016302,0.01656,0.016832,0.017118,0.017416,0.017728,0.018211,0.018761,0.019013,0.01932,0.019567,0.019894,0.020158,0.021732,0.02184,0.021899,0.021988,0.022112,0.022277,0.022491,0.022885,0.02369,0.023821,0.024044,0.02437,0.024815,0.02539,0.026084,0.026866,0.027709,0.02859,NaN,NaN,NaN,NaN,NaN,NaN,NaN,NaN,NaN,NaN,NaN,NaN,NaN,NaN,NaN,NaN,NaN,NaN,NaN,NaN,NaN,NaN,NaN,NaN,NaN,NaN,NaN,NaN,NaN,NaN,NaN,NaN,NaN,NaN,NaN,NaN,NaN,NaN,NaN,NaN,NaN,NaN,NaN,NaN,NaN,NaN,NaN,NaN,NaN,NaN,NaN,NaN,NaN,NaN,NaN,NaN,NaN,NaN,NaN,NaN,NaN,NaN,NaN,NaN,NaN,NaN,NaN,NaN,NaN,NaN,NaN,NaN,NaN,NaN,NaN,NaN,NaN,NaN,NaN,NaN,NaN,NaN,NaN,NaN,NaN,NaN,NaN,NaN,NaN,NaN,NaN,NaN,NaN,NaN,NaN,NaN,NaN,NaN,NaN,NaN,NaN,NaN,NaN,NaN,NaN,NaN,NaN,NaN,NaN,NaN,NaN,NaN,NaN,NaN,NaN,NaN,NaN,NaN,NaN,NaN,NaN,NaN,NaN,NaN,NaN,NaN,NaN,NaN,NaN,NaN,NaN,NaN,NaN,NaN,NaN,NaN,NaN,NaN,NaN,NaN,NaN,NaN,NaN,NaN,NaN,NaN,NaN
0.025189,0.024739,0.024328,0.023977,0.023664,0.023275,0.022905,0.02254,0.022182,0.021832,0.02149,0.021155,0.020829,0.020509,0.020197,0.019891,0.019591,0.019297,0.018987,0.018682,0.018355,0.018057,0.017764,0.017476,0.017195,0.016921,0.016643,0.016376,0.016117,0.015866,0.015622,0.015386,0.015159,0.014941,0.014715,0.014511,0.014316,0.014132,0.013958,0.013795,0.013644,0.013504,0.013376,0.01326,0.013157,0.013067,0.01299,0.012926,0.012876,0.01284,0.012817,0.012809,0.012815,0.012834,0.012868,0.012915,0.012977,0.013052,0.013209,0.013476,0.013584,0.013667,0.013764,0.013873,0.013996,0.014131,0.014279,0.014441,0.014616,0.014804,0.015005,0.015219,0.015445,0.015683,0.016027,0.016269,0.01652,0.016782,0.017054,0.017391,0.017768,0.018017,0.018277,0.018549,0.018833,0.019128,0.019949,0.020243,0.020474,0.020721,0.020983,0.021262,0.021666,0.022032,0.022464,0.022737,0.022967,0.023246,0.023583,0.023985,0.024453,0.024976,0.025539,0.026131,0.026741,NaN,NaN,NaN,NaN,NaN,NaN,NaN,NaN,NaN,NaN,NaN,NaN,NaN,NaN,NaN,NaN,NaN,NaN,NaN,NaN,NaN,NaN,NaN,NaN,NaN,NaN,NaN,NaN,NaN,NaN,NaN,NaN,NaN,NaN,NaN,NaN,NaN,NaN,NaN,NaN,NaN,NaN,NaN,NaN,NaN,NaN,NaN,NaN,NaN,NaN,NaN,NaN,NaN,NaN,NaN,NaN,NaN,NaN,NaN,NaN,NaN,NaN,NaN,NaN,NaN,NaN,NaN,NaN,NaN,NaN,NaN,NaN,NaN,NaN,NaN,NaN,NaN,NaN,NaN,NaN,NaN,NaN,NaN,NaN,NaN,NaN,NaN,NaN,NaN,NaN,NaN,NaN,NaN,NaN,NaN,NaN,NaN,NaN,NaN,NaN,NaN,NaN,NaN,NaN,NaN,NaN,NaN,NaN,NaN,NaN,NaN,NaN,NaN,NaN,NaN,NaN,NaN,NaN,NaN,NaN,NaN,NaN,NaN,NaN,NaN,NaN,NaN,NaN,NaN,NaN,NaN,NaN,NaN,NaN,NaN,NaN,NaN,NaN,NaN,NaN,NaN,NaN,NaN,NaN,NaN,NaN
0.025074,0.024652,0.024251,0.02388,0.023531,0.023143,0.022767,0.022396,0.02203,0.021671,0.021317,0.02097,0.020629,0.020296,0.019968,0.019648,0.019334,0.019027,0.018726,0.018417,0.018105,0.017812,0.017527,0.017249,0.016979,0.016704,0.016444,0.016194,0.015952,0.015718,0.015495,0.01528,0.015076,0.014881,0.014681,0.014503,0.01432,0.014158,0.014008,0.013869,0.013734,0.013614,0.013506,0.013411,0.013328,0.013261,0.013199,0.013151,0.013116,0.013112,0.013112,0.013109,0.01312,0.013145,0.013184,0.013237,0.013304,0.013385,0.013509,0.014141,0.014298,0.014325,0.014367,0.014423,0.014495,0.014582,0.014685,0.014854,0.014985,0.015134,0.0153,0.015483,0.01573,0.015939,0.016211,0.016444,0.016693,0.016957,0.017241,0.017639,0.018137,0.018405,0.018628,0.018867,0.019185,0.019514,0.020562,0.020787,0.020964,0.021164,0.02139,0.021642,0.021976,0.022361,0.02346,0.023623,0.023593,0.023651,0.023817,0.02412,0.024579,0.025191,0.025926,0.026751,0.027635,0.02856,NaN,NaN,NaN,NaN,NaN,NaN,NaN,NaN,NaN,NaN,NaN,NaN,NaN,NaN,NaN,NaN,NaN,NaN,NaN,NaN,NaN,NaN,NaN,NaN,NaN,NaN,NaN,NaN,NaN,NaN,NaN,NaN,NaN,NaN,NaN,NaN,NaN,NaN,NaN,NaN,NaN,NaN,NaN,NaN,NaN,NaN,NaN,NaN,NaN,NaN,NaN,NaN,NaN,NaN,NaN,NaN,NaN,NaN,NaN,NaN,NaN,NaN,NaN,NaN,NaN,NaN,NaN,NaN,NaN,NaN,NaN,NaN,NaN,NaN,NaN,NaN,NaN,NaN,NaN,NaN,NaN,NaN,NaN,NaN,NaN,NaN,NaN,NaN,NaN,NaN,NaN,NaN,NaN,NaN,NaN,NaN,NaN,NaN,NaN,NaN,NaN,NaN,NaN,NaN,NaN,NaN,NaN,NaN,NaN,NaN,NaN,NaN,NaN,NaN,NaN,NaN,NaN,NaN,NaN,NaN,NaN,NaN,NaN,NaN,NaN,NaN,NaN,NaN,NaN,NaN,NaN,NaN,NaN,NaN,NaN,NaN,NaN,NaN,NaN,NaN,NaN,NaN,NaN,NaN,NaN
0.025657,0.02512,0.024609,0.024134,0.023689,0.023218,0.022774,0.022352,0.021953,0.021577,0.021223,0.020891,0.020539,0.020195,0.019858,0.019568,0.019294,0.019038,0.018732,0.018451,0.018172,0.01791,0.017672,0.017448,0.017217,0.017012,0.016805,0.016609,0.016429,0.01626,0.016102,0.015942,0.015744,0.015601,0.015292,0.015072,0.014881,0.014712,0.014532,0.014368,0.014213,0.014074,0.013944,0.013828,0.013725,0.013637,0.013574,0.013511,0.013464,0.013431,0.013415,0.013428,0.013438,0.013465,0.013508,0.013568,0.013645,0.01377,0.014051,0.014581,0.014939,0.01494,0.014959,0.014997,0.015052,0.015126,0.015219,0.015331,0.015464,0.015617,0.015792,0.015987,0.016204,0.016484,0.016768,0.017028,0.017308,0.017608,0.017927,0.018697,0.019781,0.020072,0.020203,0.02031,0.020495,0.021045,0.022533,0.022568,0.02251,0.022555,0.022574,0.022646,0.022778,0.023045,0.024199,0.024392,0.024218,0.024259,0.02435,0.024622,0.025197,0.025861,0.02673,0.027768,0.028938,0.030201,0.031527,NaN,NaN,NaN,NaN,NaN,NaN,NaN,NaN,NaN,NaN,NaN,NaN,NaN,NaN,NaN,NaN,NaN,NaN,NaN,NaN,NaN,NaN,NaN,NaN,NaN,NaN,NaN,NaN,NaN,NaN,NaN,NaN,NaN,NaN,NaN,NaN,NaN,NaN,NaN,NaN,NaN,NaN,NaN,NaN,NaN,NaN,NaN,NaN,NaN,NaN,NaN,NaN,NaN,NaN,NaN,NaN,NaN,NaN,NaN,NaN,NaN,NaN,NaN,NaN,NaN,NaN,NaN,NaN,NaN,NaN,NaN,NaN,NaN,NaN,NaN,NaN,NaN,NaN,NaN,NaN,NaN,NaN,NaN,NaN,NaN,NaN,NaN,NaN,NaN,NaN,NaN,NaN,NaN,NaN,NaN,NaN,NaN,NaN,NaN,NaN,NaN,NaN,NaN,NaN,NaN,NaN,NaN,NaN,NaN,NaN,NaN,NaN,NaN,NaN,NaN,NaN,NaN,NaN,NaN,NaN,NaN,NaN,NaN,NaN,NaN,NaN,NaN,NaN,NaN,NaN,NaN,NaN,NaN,NaN,NaN,NaN,NaN,NaN,NaN,NaN,NaN,NaN,NaN,NaN
0.025086,0.024601,0.024155,0.023769,0.023424,0.023003,0.022602,0.022209,0.021823,0.021445,0.021075,0.020711,0.020356,0.019968,0.019618,0.019277,0.018945,0.018622,0.01831,0.018008,0.017717,0.017437,0.017168,0.016911,0.016665,0.016417,0.016189,0.015973,0.015769,0.015578,0.015398,0.015232,0.015077,0.014935,0.014742,0.014575,0.014442,0.014307,0.014195,0.014075,0.013971,0.013878,0.013799,0.013734,0.013682,0.013638,0.013625,0.013594,0.013577,0.013575,0.013586,0.013626,0.013661,0.013711,0.013796,0.013869,0.013957,0.01406,0.01434,0.015256,0.015752,0.01566,0.015589,0.01554,0.015514,0.015513,0.015576,0.015626,0.015706,0.015817,0.015959,0.016132,0.016383,0.016687,0.016952,0.01719,0.017457,0.017751,0.018073,0.018676,0.019376,0.0196,0.019848,0.020014,0.020318,0.020775,0.022525,0.02257,0.022702,0.022736,0.022896,0.023056,0.023302,0.023809,0.024713,0.024874,0.024496,0.024182,0.024032,0.024253,0.024545,0.025001,0.025722,0.026682,0.027841,0.029149,0.030561,0.032044,NaN,NaN,NaN,NaN,NaN,NaN,NaN,NaN,NaN,NaN,NaN,NaN,NaN,NaN,NaN,NaN,NaN,NaN,NaN,NaN,NaN,NaN,NaN,NaN,NaN,NaN,NaN,NaN,NaN,NaN,NaN,NaN,NaN,NaN,NaN,NaN,NaN,NaN,NaN,NaN,NaN,NaN,NaN,NaN,NaN,NaN,NaN,NaN,NaN,NaN,NaN,NaN,NaN,NaN,NaN,NaN,NaN,NaN,NaN,NaN,NaN,NaN,NaN,NaN,NaN,NaN,NaN,NaN,NaN,NaN,NaN,NaN,NaN,NaN,NaN,NaN,NaN,NaN,NaN,NaN,NaN,NaN,NaN,NaN,NaN,NaN,NaN,NaN,NaN,NaN,NaN,NaN,NaN,NaN,NaN,NaN,NaN,NaN,NaN,NaN,NaN,NaN,NaN,NaN,NaN,NaN,NaN,NaN,NaN,NaN,NaN,NaN,NaN,NaN,NaN,NaN,NaN,NaN,NaN,NaN,NaN,NaN,NaN,NaN,NaN,NaN,NaN,NaN,NaN,NaN,NaN,NaN,NaN,NaN,NaN,NaN,NaN,NaN,NaN,NaN,NaN,NaN,NaN
0.025378,0.024798,0.024268,0.023816,0.023416,0.022924,0.022463,0.022016,0.021583,0.021165,0.020762,0.020375,0.019964,0.019597,0.019248,0.018916,0.018576,0.018272,0.017987,0.017686,0.017425,0.017181,0.016955,0.016746,0.016554,0.016379,0.016209,0.016052,0.015917,0.015798,0.015695,0.015609,0.015411,0.01522,0.014963,0.014799,0.014671,0.014544,0.014441,0.014353,0.01428,0.014222,0.014175,0.014138,0.014114,0.014104,0.014109,0.014137,0.014166,0.01421,0.01427,0.014344,0.014434,0.014539,0.01466,0.014825,0.015067,0.015366,0.015746,0.017414,0.018155,0.017899,0.017636,0.017437,0.017233,0.017068,0.016946,0.016872,0.016849,0.016882,0.01701,0.017145,0.017331,0.017675,0.018023,0.01826,0.018554,0.018909,0.019375,0.020216,0.021116,0.021254,0.021255,0.02135,0.021681,0.021937,0.023098,0.023159,0.023232,0.023431,0.023646,0.023935,0.024356,0.024814,0.026545,0.026039,0.025312,0.024732,0.024382,0.024232,0.024317,0.024697,0.025314,0.02624,0.027433,0.02884,0.030407,0.032087,0.033847,NaN,NaN,NaN,NaN,NaN,NaN,NaN,NaN,NaN,NaN,NaN,NaN,NaN,NaN,NaN,NaN,NaN,NaN,NaN,NaN,NaN,NaN,NaN,NaN,NaN,NaN,NaN,NaN,NaN,NaN,NaN,NaN,NaN,NaN,NaN,NaN,NaN,NaN,NaN,NaN,NaN,NaN,NaN,NaN,NaN,NaN,NaN,NaN,NaN,NaN,NaN,NaN,NaN,NaN,NaN,NaN,NaN,NaN,NaN,NaN,NaN,NaN,NaN,NaN,NaN,NaN,NaN,NaN,NaN,NaN,NaN,NaN,NaN,NaN,NaN,NaN,NaN,NaN,NaN,NaN,NaN,NaN,NaN,NaN,NaN,NaN,NaN,NaN,NaN,NaN,NaN,NaN,NaN,NaN,NaN,NaN,NaN,NaN,NaN,NaN,NaN,NaN,NaN,NaN,NaN,NaN,NaN,NaN,NaN,NaN,NaN,NaN,NaN,NaN,NaN,NaN,NaN,NaN,NaN,NaN,NaN,NaN,NaN,NaN,NaN,NaN,NaN,NaN,NaN,NaN,NaN,NaN,NaN,NaN,NaN,NaN,NaN,NaN,NaN,NaN,NaN,NaN
0.026608,0.025787,0.025021,0.024346,0.023758,0.023204,0.022433,0.021872,0.021351,0.020868,0.020358,0.019933,0.019422,0.018993,0.01863,0.018304,0.01799,0.017677,0.017395,0.017177,0.016978,0.016804,0.016652,0.01648,0.016367,0.016294,0.016227,0.01622,0.016191,0.016189,0.016213,0.016266,0.016056,0.016002,0.015747,0.015513,0.015402,0.015249,0.015164,0.015086,0.015027,0.014985,0.01496,0.014948,0.014951,0.014972,0.015016,0.015068,0.015136,0.015221,0.015311,0.015422,0.015611,0.015761,0.015957,0.01612,0.016336,0.016644,0.017281,0.019305,0.020267,0.019997,0.019728,0.019499,0.019313,0.01921,0.019118,0.019084,0.019113,0.019248,0.01951,0.019718,0.019994,0.020652,0.021161,0.021555,0.021966,0.022454,0.023052,0.024745,0.02698,0.027009,0.027199,0.027075,0.027414,0.028127,0.031893,0.031211,0.030398,0.029689,0.029046,0.028594,0.028262,0.028297,0.030063,0.029348,0.028093,0.027135,0.026442,0.026245,0.026309,0.026826,0.027812,0.02925,0.031084,0.033296,0.035643,0.038204,0.040948,0.043826,NaN,NaN,NaN,NaN,NaN,NaN,NaN,NaN,NaN,NaN,NaN,NaN,NaN,NaN,NaN,NaN,NaN,NaN,NaN,NaN,NaN,NaN,NaN,NaN,NaN,NaN,NaN,NaN,NaN,NaN,NaN,NaN,NaN,NaN,NaN,NaN,NaN,NaN,NaN,NaN,NaN,NaN,NaN,NaN,NaN,NaN,NaN,NaN,NaN,NaN,NaN,NaN,NaN,NaN,NaN,NaN,NaN,NaN,NaN,NaN,NaN,NaN,NaN,NaN,NaN,NaN,NaN,NaN,NaN,NaN,NaN,NaN,NaN,NaN,NaN,NaN,NaN,NaN,NaN,NaN,NaN,NaN,NaN,NaN,NaN,NaN,NaN,NaN,NaN,NaN,NaN,NaN,NaN,NaN,NaN,NaN,NaN,NaN,NaN,NaN,NaN,NaN,NaN,NaN,NaN,NaN,NaN,NaN,NaN,NaN,NaN,NaN,NaN,NaN,NaN,NaN,NaN,NaN,NaN,NaN,NaN,NaN,NaN,NaN,NaN,NaN,NaN,NaN,NaN,NaN,NaN,NaN,NaN,NaN,NaN,NaN,NaN,NaN,NaN,NaN,NaN
0.026279,0.025437,0.024673,0.024033,0.023492,0.022887,0.022201,0.021639,0.021116,0.02063,0.020181,0.019715,0.019198,0.018758,0.01834,0.017988,0.017644,0.017326,0.017061,0.016762,0.016522,0.016326,0.016163,0.016007,0.015899,0.01582,0.015771,0.015749,0.015707,0.01568,0.015686,0.015741,0.015726,0.015691,0.015269,0.015145,0.015093,0.015047,0.01501,0.014988,0.014973,0.014983,0.015011,0.015055,0.015117,0.015208,0.015297,0.015411,0.015499,0.015604,0.015713,0.015869,0.01601,0.016211,0.016428,0.016639,0.016931,0.017297,0.018078,0.020343,0.021343,0.020943,0.020586,0.020274,0.020012,0.019807,0.019665,0.019592,0.019595,0.019719,0.019881,0.020125,0.020509,0.021158,0.021782,0.022223,0.02273,0.023299,0.024056,0.025269,0.027327,0.027451,0.02741,0.027493,0.027981,0.028708,0.033027,0.03223,0.03142,0.030629,0.029961,0.029425,0.02906,0.028992,0.030703,0.029573,0.028089,0.02684,0.026019,0.025535,0.025446,0.02564,0.026303,0.027436,0.029007,0.030955,0.03321,0.035704,0.038379,0.041191,0.044108,NaN,NaN,NaN,NaN,NaN,NaN,NaN,NaN,NaN,NaN,NaN,NaN,NaN,NaN,NaN,NaN,NaN,NaN,NaN,NaN,NaN,NaN,NaN,NaN,NaN,NaN,NaN,NaN,NaN,NaN,NaN,NaN,NaN,NaN,NaN,NaN,NaN,NaN,NaN,NaN,NaN,NaN,NaN,NaN,NaN,NaN,NaN,NaN,NaN,NaN,NaN,NaN,NaN,NaN,NaN,NaN,NaN,NaN,NaN,NaN,NaN,NaN,NaN,NaN,NaN,NaN,NaN,NaN,NaN,NaN,NaN,NaN,NaN,NaN,NaN,NaN,NaN,NaN,NaN,NaN,NaN,NaN,NaN,NaN,NaN,NaN,NaN,NaN,NaN,NaN,NaN,NaN,NaN,NaN,NaN,NaN,NaN,NaN,NaN,NaN,NaN,NaN,NaN,NaN,NaN,NaN,NaN,NaN,NaN,NaN,NaN,NaN,NaN,NaN,NaN,NaN,NaN,NaN,NaN,NaN,NaN,NaN,NaN,NaN,NaN,NaN,NaN,NaN,NaN,NaN,NaN,NaN,NaN,NaN,NaN,NaN,NaN,NaN,NaN,NaN
0.026464,0.025721,0.025027,0.024405,0.02384,0.023222,0.022651,0.022116,0.021617,0.021152,0.020719,0.020269,0.019764,0.019377,0.018981,0.018616,0.018282,0.018,0.017729,0.017476,0.017276,0.017088,0.016944,0.016829,0.016724,0.016644,0.016598,0.016566,0.016563,0.016583,0.016626,0.016689,0.016673,0.01652,0.016102,0.015879,0.015726,0.015562,0.015455,0.015355,0.015253,0.015166,0.0151,0.015048,0.015012,0.015003,0.015003,0.015017,0.015023,0.015031,0.015068,0.015138,0.015212,0.015327,0.015465,0.015662,0.015869,0.016186,0.016923,0.018557,0.019196,0.018896,0.018633,0.018408,0.018259,0.01812,0.018033,0.018005,0.01804,0.018221,0.018419,0.018691,0.019011,0.01942,0.019923,0.020316,0.020763,0.021298,0.021836,0.023605,0.025596,0.025649,0.025788,0.025575,0.025484,0.025845,0.027453,0.027128,0.026797,0.026494,0.026343,0.02629,0.02629,0.026867,0.028929,0.028406,0.027408,0.026525,0.025906,0.025625,0.025444,0.025464,0.025801,0.026471,0.027468,0.02876,0.030304,0.032051,0.033955,0.035979,0.038096,0.040285,NaN,NaN,NaN,NaN,NaN,NaN,NaN,NaN,NaN,NaN,NaN,NaN,NaN,NaN,NaN,NaN,NaN,NaN,NaN,NaN,NaN,NaN,NaN,NaN,NaN,NaN,NaN,NaN,NaN,NaN,NaN,NaN,NaN,NaN,NaN,NaN,NaN,NaN,NaN,NaN,NaN,NaN,NaN,NaN,NaN,NaN,NaN,NaN,NaN,NaN,NaN,NaN,NaN,NaN,NaN,NaN,NaN,NaN,NaN,NaN,NaN,NaN,NaN,NaN,NaN,NaN,NaN,NaN,NaN,NaN,NaN,NaN,NaN,NaN,NaN,NaN,NaN,NaN,NaN,NaN,NaN,NaN,NaN,NaN,NaN,NaN,NaN,NaN,NaN,NaN,NaN,NaN,NaN,NaN,NaN,NaN,NaN,NaN,NaN,NaN,NaN,NaN,NaN,NaN,NaN,NaN,NaN,NaN,NaN,NaN,NaN,NaN,NaN,NaN,NaN,NaN,NaN,NaN,NaN,NaN,NaN,NaN,NaN,NaN,NaN,NaN,NaN,NaN,NaN,NaN,NaN,NaN,NaN,NaN,NaN,NaN,NaN,NaN,NaN
0.025298,0.024799,0.024332,0.023914,0.023531,0.023093,0.022673,0.022271,0.021889,0.021529,0.02119,0.020868,0.020515,0.020199,0.019896,0.019573,0.019287,0.019013,0.018728,0.018403,0.018131,0.01787,0.017621,0.017382,0.017137,0.016901,0.016686,0.016475,0.016278,0.016091,0.015917,0.015753,0.015581,0.015362,0.015182,0.015016,0.014871,0.014723,0.014589,0.014471,0.014356,0.014255,0.014167,0.014088,0.014017,0.01395,0.013896,0.013853,0.013823,0.013806,0.013801,0.013809,0.013861,0.013884,0.01392,0.013997,0.014084,0.014206,0.014565,0.015464,0.015749,0.015609,0.015489,0.01539,0.015314,0.015262,0.015238,0.015243,0.015281,0.015547,0.015619,0.015727,0.015868,0.016084,0.016325,0.016542,0.016788,0.017062,0.017461,0.018112,0.018622,0.018725,0.018903,0.019051,0.019442,0.019688,0.02022,0.020355,0.02057,0.020745,0.020944,0.021237,0.021477,0.02185,0.023441,0.023347,0.023121,0.022951,0.022842,0.022873,0.022982,0.023092,0.023311,0.023647,0.024103,0.024674,0.025348,0.026108,0.026937,0.027821,0.028746,0.029704,0.030688,NaN,NaN,NaN,NaN,NaN,NaN,NaN,NaN,NaN,NaN,NaN,NaN,NaN,NaN,NaN,NaN,NaN,NaN,NaN,NaN,NaN,NaN,NaN,NaN,NaN,NaN,NaN,NaN,NaN,NaN,NaN,NaN,NaN,NaN,NaN,NaN,NaN,NaN,NaN,NaN,NaN,NaN,NaN,NaN,NaN,NaN,NaN,NaN,NaN,NaN,NaN,NaN,NaN,NaN,NaN,NaN,NaN,NaN,NaN,NaN,NaN,NaN,NaN,NaN,NaN,NaN,NaN,NaN,NaN,NaN,NaN,NaN,NaN,NaN,NaN,NaN,NaN,NaN,NaN,NaN,NaN,NaN,NaN,NaN,NaN,NaN,NaN,NaN,NaN,NaN,NaN,NaN,NaN,NaN,NaN,NaN,NaN,NaN,NaN,NaN,NaN,NaN,NaN,NaN,NaN,NaN,NaN,NaN,NaN,NaN,NaN,NaN,NaN,NaN,NaN,NaN,NaN,NaN,NaN,NaN,NaN,NaN,NaN,NaN,NaN,NaN,NaN,NaN,NaN,NaN,NaN,NaN,NaN,NaN,NaN,NaN,NaN,NaN
0.025455,0.025052,0.024661,0.024291,0.023935,0.02357,0.023218,0.022878,0.022549,0.022232,0.021923,0.021623,0.021291,0.020954,0.020651,0.020353,0.020036,0.01974,0.019451,0.01915,0.018865,0.018568,0.018288,0.018013,0.017745,0.017483,0.017228,0.016979,0.016738,0.016503,0.016276,0.016056,0.015845,0.015641,0.015428,0.01522,0.015031,0.014851,0.014679,0.014516,0.014363,0.014219,0.014084,0.013959,0.013844,0.013739,0.013645,0.013561,0.013503,0.013438,0.013384,0.013341,0.01331,0.01329,0.013283,0.013314,0.013386,0.013434,0.01359,0.013918,0.014051,0.014045,0.014051,0.014069,0.014099,0.01414,0.014194,0.014258,0.014335,0.014423,0.014522,0.014632,0.014754,0.014973,0.015102,0.015243,0.015395,0.015559,0.015735,0.016022,0.016209,0.016468,0.016672,0.016889,0.017119,0.017359,0.017691,0.017945,0.01821,0.018484,0.018768,0.01906,0.01936,0.019715,0.020436,0.020773,0.020965,0.021169,0.021386,0.021617,0.021866,0.022135,0.022426,0.022743,0.023086,0.023455,0.023849,0.024263,0.024695,0.025142,0.025599,0.026066,0.026541,0.027022,NaN,NaN,NaN,NaN,NaN,NaN,NaN,NaN,NaN,NaN,NaN,NaN,NaN,NaN,NaN,NaN,NaN,NaN,NaN,NaN,NaN,NaN,NaN,NaN,NaN,NaN,NaN,NaN,NaN,NaN,NaN,NaN,NaN,NaN,NaN,NaN,NaN,NaN,NaN,NaN,NaN,NaN,NaN,NaN,NaN,NaN,NaN,NaN,NaN,NaN,NaN,NaN,NaN,NaN,NaN,NaN,NaN,NaN,NaN,NaN,NaN,NaN,NaN,NaN,NaN,NaN,NaN,NaN,NaN,NaN,NaN,NaN,NaN,NaN,NaN,NaN,NaN,NaN,NaN,NaN,NaN,NaN,NaN,NaN,NaN,NaN,NaN,NaN,NaN,NaN,NaN,NaN,NaN,NaN,NaN,NaN,NaN,NaN,NaN,NaN,NaN,NaN,NaN,NaN,NaN,NaN,NaN,NaN,NaN,NaN,NaN,NaN,NaN,NaN,NaN,NaN,NaN,NaN,NaN,NaN,NaN,NaN,NaN,NaN,NaN,NaN,NaN,NaN,NaN,NaN,NaN,NaN,NaN,NaN,NaN,NaN,NaN
0.025739,0.025366,0.024996,0.024629,0.024266,0.023908,0.023557,0.023213,0.022876,0.022547,0.022226,0.02191,0.021601,0.021298,0.020963,0.02066,0.020338,0.020036,0.019739,0.019448,0.019161,0.018879,0.018584,0.018307,0.018036,0.01777,0.017502,0.017244,0.016993,0.016749,0.016512,0.016282,0.016059,0.015845,0.015638,0.015439,0.015249,0.015067,0.014894,0.014729,0.014574,0.014428,0.014291,0.014164,0.014046,0.013939,0.013842,0.013755,0.013679,0.013632,0.013574,0.013527,0.013492,0.013468,0.013455,0.013454,0.013465,0.013487,0.013555,0.013978,0.01435,0.01433,0.014322,0.014326,0.014341,0.014369,0.014408,0.014459,0.014522,0.014596,0.014682,0.01478,0.01489,0.015012,0.015191,0.015327,0.015477,0.015638,0.015811,0.015997,0.016194,0.016404,0.016625,0.016858,0.017101,0.017356,0.017621,0.017896,0.01818,0.018472,0.018772,0.01908,0.019395,0.019901,0.020652,0.021151,0.021412,0.021574,0.021852,0.022228,0.022391,0.022577,0.02279,0.023036,0.02332,0.023643,0.024008,0.024413,0.024852,0.025321,0.025813,0.026324,0.026849,0.027386,0.027932,NaN,NaN,NaN,NaN,NaN,NaN,NaN,NaN,NaN,NaN,NaN,NaN,NaN,NaN,NaN,NaN,NaN,NaN,NaN,NaN,NaN,NaN,NaN,NaN,NaN,NaN,NaN,NaN,NaN,NaN,NaN,NaN,NaN,NaN,NaN,NaN,NaN,NaN,NaN,NaN,NaN,NaN,NaN,NaN,NaN,NaN,NaN,NaN,NaN,NaN,NaN,NaN,NaN,NaN,NaN,NaN,NaN,NaN,NaN,NaN,NaN,NaN,NaN,NaN,NaN,NaN,NaN,NaN,NaN,NaN,NaN,NaN,NaN,NaN,NaN,NaN,NaN,NaN,NaN,NaN,NaN,NaN,NaN,NaN,NaN,NaN,NaN,NaN,NaN,NaN,NaN,NaN,NaN,NaN,NaN,NaN,NaN,NaN,NaN,NaN,NaN,NaN,NaN,NaN,NaN,NaN,NaN,NaN,NaN,NaN,NaN,NaN,NaN,NaN,NaN,NaN,NaN,NaN,NaN,NaN,NaN,NaN,NaN,NaN,NaN,NaN,NaN,NaN,NaN,NaN,NaN,NaN,NaN,NaN,NaN,NaN
0.025954,0.025532,0.025134,0.024776,0.024452,0.024125,0.023692,0.023346,0.023008,0.022676,0.02235,0.022029,0.021714,0.021366,0.021049,0.020737,0.020431,0.020129,0.019809,0.01951,0.019217,0.01893,0.018648,0.018373,0.018103,0.017841,0.017585,0.017336,0.017094,0.01686,0.016633,0.016415,0.016182,0.015974,0.015758,0.015562,0.015374,0.015195,0.015025,0.014864,0.014711,0.014569,0.014435,0.014312,0.014198,0.014094,0.014,0.013917,0.013845,0.013783,0.013752,0.013709,0.013677,0.013657,0.013648,0.013681,0.013788,0.013834,0.013889,0.014481,0.014601,0.014572,0.014556,0.014551,0.014558,0.014577,0.014608,0.014651,0.014706,0.014825,0.014941,0.01502,0.015112,0.015215,0.015331,0.01546,0.015601,0.015755,0.015921,0.0161,0.016353,0.016544,0.016748,0.016963,0.01719,0.017485,0.017844,0.018075,0.018317,0.018568,0.01883,0.019103,0.019385,0.019678,0.02045,0.02074,0.020993,0.021196,0.021511,0.022015,0.022214,0.022436,0.022683,0.022957,0.023261,0.023597,0.023967,0.024515,0.024897,0.025565,0.025927,0.027213,0.027282,0.027643,0.028407,0.029421,NaN,NaN,NaN,NaN,NaN,NaN,NaN,NaN,NaN,NaN,NaN,NaN,NaN,NaN,NaN,NaN,NaN,NaN,NaN,NaN,NaN,NaN,NaN,NaN,NaN,NaN,NaN,NaN,NaN,NaN,NaN,NaN,NaN,NaN,NaN,NaN,NaN,NaN,NaN,NaN,NaN,NaN,NaN,NaN,NaN,NaN,NaN,NaN,NaN,NaN,NaN,NaN,NaN,NaN,NaN,NaN,NaN,NaN,NaN,NaN,NaN,NaN,NaN,NaN,NaN,NaN,NaN,NaN,NaN,NaN,NaN,NaN,NaN,NaN,NaN,NaN,NaN,NaN,NaN,NaN,NaN,NaN,NaN,NaN,NaN,NaN,NaN,NaN,NaN,NaN,NaN,NaN,NaN,NaN,NaN,NaN,NaN,NaN,NaN,NaN,NaN,NaN,NaN,NaN,NaN,NaN,NaN,NaN,NaN,NaN,NaN,NaN,NaN,NaN,NaN,NaN,NaN,NaN,NaN,NaN,NaN,NaN,NaN,NaN,NaN,NaN,NaN,NaN,NaN,NaN,NaN,NaN,NaN,NaN,NaN
0.025803,0.025362,0.024952,0.024589,0.024259,0.02388,0.023519,0.023169,0.022832,0.022506,0.02219,0.021884,0.021587,0.021259,0.020949,0.020646,0.02035,0.020061,0.019761,0.019453,0.019164,0.018883,0.01861,0.018345,0.018088,0.017839,0.017599,0.01736,0.017131,0.01691,0.016697,0.016492,0.016275,0.015999,0.015795,0.0156,0.015408,0.015226,0.015053,0.014889,0.014734,0.014589,0.014453,0.014327,0.014211,0.014106,0.01401,0.013925,0.013868,0.013801,0.013755,0.013706,0.013667,0.013641,0.013626,0.013622,0.013662,0.013712,0.013968,0.014267,0.014461,0.014422,0.014397,0.014385,0.014386,0.014436,0.014458,0.014494,0.014545,0.014609,0.014688,0.01478,0.014887,0.015009,0.015254,0.015391,0.015543,0.015709,0.01589,0.01625,0.016523,0.01667,0.016833,0.017013,0.01721,0.017425,0.017785,0.018022,0.018278,0.018552,0.018841,0.019146,0.019463,0.019794,0.020695,0.021219,0.021338,0.021422,0.021617,0.021995,0.022194,0.022322,0.022489,0.022701,0.022962,0.023275,0.023638,0.024052,0.024513,0.025015,0.025553,0.028051,0.027886,0.02778,0.028269,0.029372,0.030812,NaN,NaN,NaN,NaN,NaN,NaN,NaN,NaN,NaN,NaN,NaN,NaN,NaN,NaN,NaN,NaN,NaN,NaN,NaN,NaN,NaN,NaN,NaN,NaN,NaN,NaN,NaN,NaN,NaN,NaN,NaN,NaN,NaN,NaN,NaN,NaN,NaN,NaN,NaN,NaN,NaN,NaN,NaN,NaN,NaN,NaN,NaN,NaN,NaN,NaN,NaN,NaN,NaN,NaN,NaN,NaN,NaN,NaN,NaN,NaN,NaN,NaN,NaN,NaN,NaN,NaN,NaN,NaN,NaN,NaN,NaN,NaN,NaN,NaN,NaN,NaN,NaN,NaN,NaN,NaN,NaN,NaN,NaN,NaN,NaN,NaN,NaN,NaN,NaN,NaN,NaN,NaN,NaN,NaN,NaN,NaN,NaN,NaN,NaN,NaN,NaN,NaN,NaN,NaN,NaN,NaN,NaN,NaN,NaN,NaN,NaN,NaN,NaN,NaN,NaN,NaN,NaN,NaN,NaN,NaN,NaN,NaN,NaN,NaN,NaN,NaN,NaN,NaN,NaN,NaN,NaN,NaN,NaN,NaN
0.0255,0.025134,0.024771,0.024413,0.024061,0.023718,0.023385,0.023061,0.022745,0.022437,0.022134,0.021787,0.02148,0.021138,0.020827,0.020521,0.020219,0.019921,0.019628,0.01934,0.019057,0.018779,0.018506,0.018239,0.017977,0.017721,0.017471,0.017228,0.016981,0.016746,0.016517,0.016296,0.016082,0.015875,0.01566,0.015463,0.015274,0.015094,0.014921,0.014757,0.014601,0.014453,0.014315,0.014185,0.014064,0.013953,0.013851,0.013759,0.013676,0.013604,0.013541,0.013489,0.013448,0.013417,0.013396,0.013387,0.013388,0.013431,0.013549,0.014065,0.014184,0.014148,0.014123,0.014111,0.014111,0.014122,0.014147,0.014184,0.014234,0.014339,0.014501,0.014574,0.014659,0.0148,0.014904,0.01502,0.015149,0.015291,0.015445,0.015612,0.015862,0.016018,0.016188,0.016371,0.016569,0.016781,0.017008,0.017249,0.017504,0.017771,0.01805,0.018338,0.018635,0.019065,0.019696,0.019863,0.02004,0.020229,0.020429,0.020643,0.020872,0.021118,0.021383,0.021669,0.021976,0.022305,0.022654,0.023022,0.023407,0.023806,0.024388,0.024983,0.025515,0.025701,0.026,0.026464,0.027067,0.027745,NaN,NaN,NaN,NaN,NaN,NaN,NaN,NaN,NaN,NaN,NaN,NaN,NaN,NaN,NaN,NaN,NaN,NaN,NaN,NaN,NaN,NaN,NaN,NaN,NaN,NaN,NaN,NaN,NaN,NaN,NaN,NaN,NaN,NaN,NaN,NaN,NaN,NaN,NaN,NaN,NaN,NaN,NaN,NaN,NaN,NaN,NaN,NaN,NaN,NaN,NaN,NaN,NaN,NaN,NaN,NaN,NaN,NaN,NaN,NaN,NaN,NaN,NaN,NaN,NaN,NaN,NaN,NaN,NaN,NaN,NaN,NaN,NaN,NaN,NaN,NaN,NaN,NaN,NaN,NaN,NaN,NaN,NaN,NaN,NaN,NaN,NaN,NaN,NaN,NaN,NaN,NaN,NaN,NaN,NaN,NaN,NaN,NaN,NaN,NaN,NaN,NaN,NaN,NaN,NaN,NaN,NaN,NaN,NaN,NaN,NaN,NaN,NaN,NaN,NaN,NaN,NaN,NaN,NaN,NaN,NaN,NaN,NaN,NaN,NaN,NaN,NaN,NaN,NaN,NaN,NaN,NaN,NaN
0.025405,0.02506,0.024716,0.024375,0.024036,0.023701,0.023369,0.023041,0.022717,0.022398,0.022084,0.021774,0.021469,0.021168,0.020871,0.020579,0.020268,0.019977,0.019691,0.019409,0.019132,0.01886,0.018594,0.018332,0.018075,0.017824,0.017579,0.017331,0.017092,0.016859,0.016632,0.016412,0.016198,0.015972,0.015751,0.015547,0.015351,0.015162,0.01498,0.014806,0.014639,0.014481,0.014331,0.014189,0.014056,0.013932,0.013816,0.01371,0.013614,0.013527,0.01345,0.013382,0.013326,0.013279,0.013243,0.013218,0.013203,0.01326,0.013324,0.013621,0.013737,0.013715,0.013703,0.013703,0.013713,0.013735,0.013768,0.013811,0.013866,0.013979,0.014051,0.014134,0.014227,0.014331,0.014446,0.014571,0.014706,0.014852,0.015008,0.015205,0.015407,0.015579,0.01576,0.015951,0.016149,0.016356,0.016572,0.016795,0.017027,0.017266,0.017512,0.017766,0.018028,0.018296,0.01866,0.019028,0.019346,0.019578,0.019819,0.020067,0.020324,0.02059,0.020866,0.021151,0.021447,0.021754,0.022072,0.022401,0.02274,0.023088,0.023617,0.024214,0.024439,0.024696,0.025005,0.025382,0.025826,0.026312,0.026823,NaN,NaN,NaN,NaN,NaN,NaN,NaN,NaN,NaN,NaN,NaN,NaN,NaN,NaN,NaN,NaN,NaN,NaN,NaN,NaN,NaN,NaN,NaN,NaN,NaN,NaN,NaN,NaN,NaN,NaN,NaN,NaN,NaN,NaN,NaN,NaN,NaN,NaN,NaN,NaN,NaN,NaN,NaN,NaN,NaN,NaN,NaN,NaN,NaN,NaN,NaN,NaN,NaN,NaN,NaN,NaN,NaN,NaN,NaN,NaN,NaN,NaN,NaN,NaN,NaN,NaN,NaN,NaN,NaN,NaN,NaN,NaN,NaN,NaN,NaN,NaN,NaN,NaN,NaN,NaN,NaN,NaN,NaN,NaN,NaN,NaN,NaN,NaN,NaN,NaN,NaN,NaN,NaN,NaN,NaN,NaN,NaN,NaN,NaN,NaN,NaN,NaN,NaN,NaN,NaN,NaN,NaN,NaN,NaN,NaN,NaN,NaN,NaN,NaN,NaN,NaN,NaN,NaN,NaN,NaN,NaN,NaN,NaN,NaN,NaN,NaN,NaN,NaN,NaN,NaN,NaN,NaN
0.025243,0.024876,0.024522,0.024187,0.023868,0.023536,0.02321,0.022896,0.022597,0.022313,0.02204,0.021727,0.021445,0.021126,0.020839,0.020555,0.020275,0.019998,0.019725,0.019423,0.019144,0.018869,0.018597,0.018329,0.018065,0.017805,0.017549,0.017298,0.017052,0.016811,0.016575,0.016345,0.01612,0.015901,0.015687,0.01548,0.01528,0.015085,0.014898,0.014717,0.014544,0.014378,0.01422,0.014069,0.013927,0.013793,0.013667,0.01355,0.013442,0.013344,0.013254,0.013175,0.013104,0.013044,0.012994,0.012954,0.012925,0.012905,0.012897,0.013059,0.013189,0.013182,0.013185,0.013199,0.013223,0.013258,0.013303,0.013358,0.013423,0.013498,0.013582,0.013676,0.01378,0.013892,0.014013,0.014143,0.014282,0.014429,0.014584,0.014746,0.014917,0.015095,0.01528,0.015472,0.015671,0.015877,0.016191,0.016394,0.016603,0.016819,0.017042,0.017271,0.017507,0.01775,0.01807,0.018319,0.018576,0.01884,0.019111,0.019473,0.019746,0.020025,0.02031,0.0206,0.020896,0.021261,0.02154,0.021825,0.022117,0.022417,0.022725,0.023154,0.023439,0.023738,0.024053,0.024389,0.024748,0.025124,0.025512,0.025909,NaN,NaN,NaN,NaN,NaN,NaN,NaN,NaN,NaN,NaN,NaN,NaN,NaN,NaN,NaN,NaN,NaN,NaN,NaN,NaN,NaN,NaN,NaN,NaN,NaN,NaN,NaN,NaN,NaN,NaN,NaN,NaN,NaN,NaN,NaN,NaN,NaN,NaN,NaN,NaN,NaN,NaN,NaN,NaN,NaN,NaN,NaN,NaN,NaN,NaN,NaN,NaN,NaN,NaN,NaN,NaN,NaN,NaN,NaN,NaN,NaN,NaN,NaN,NaN,NaN,NaN,NaN,NaN,NaN,NaN,NaN,NaN,NaN,NaN,NaN,NaN,NaN,NaN,NaN,NaN,NaN,NaN,NaN,NaN,NaN,NaN,NaN,NaN,NaN,NaN,NaN,NaN,NaN,NaN,NaN,NaN,NaN,NaN,NaN,NaN,NaN,NaN,NaN,NaN,NaN,NaN,NaN,NaN,NaN,NaN,NaN,NaN,NaN,NaN,NaN,NaN,NaN,NaN,NaN,NaN,NaN,NaN,NaN,NaN,NaN,NaN,NaN,NaN,NaN,NaN,NaN
0.024988,0.024665,0.024343,0.024022,0.023705,0.023389,0.023076,0.022767,0.02246,0.022158,0.021859,0.021563,0.021271,0.020982,0.020696,0.020413,0.020133,0.01983,0.019549,0.019271,0.018996,0.018725,0.018457,0.018194,0.017934,0.017679,0.017428,0.017182,0.016941,0.016705,0.016474,0.016248,0.016028,0.015813,0.015605,0.015403,0.015206,0.015017,0.014834,0.014657,0.014488,0.014326,0.014171,0.014024,0.013885,0.013753,0.01363,0.013516,0.01341,0.013312,0.013224,0.013145,0.013076,0.013016,0.012966,0.01295,0.012916,0.012893,0.012908,0.013117,0.013159,0.013141,0.013133,0.013135,0.013148,0.013171,0.013205,0.013248,0.013302,0.013366,0.013439,0.013523,0.013616,0.013719,0.013832,0.013953,0.014084,0.014224,0.014373,0.01453,0.014696,0.014869,0.015051,0.015239,0.015436,0.015639,0.015848,0.016065,0.016288,0.016517,0.016751,0.016992,0.017238,0.017523,0.017866,0.018169,0.018472,0.0187,0.018933,0.019172,0.019416,0.019665,0.019921,0.020182,0.02045,0.020725,0.021008,0.021298,0.021596,0.021901,0.022213,0.022532,0.022857,0.023186,0.023521,0.023859,0.024201,0.024547,0.024895,0.025245,0.025598,NaN,NaN,NaN,NaN,NaN,NaN,NaN,NaN,NaN,NaN,NaN,NaN,NaN,NaN,NaN,NaN,NaN,NaN,NaN,NaN,NaN,NaN,NaN,NaN,NaN,NaN,NaN,NaN,NaN,NaN,NaN,NaN,NaN,NaN,NaN,NaN,NaN,NaN,NaN,NaN,NaN,NaN,NaN,NaN,NaN,NaN,NaN,NaN,NaN,NaN,NaN,NaN,NaN,NaN,NaN,NaN,NaN,NaN,NaN,NaN,NaN,NaN,NaN,NaN,NaN,NaN,NaN,NaN,NaN,NaN,NaN,NaN,NaN,NaN,NaN,NaN,NaN,NaN,NaN,NaN,NaN,NaN,NaN,NaN,NaN,NaN,NaN,NaN,NaN,NaN,NaN,NaN,NaN,NaN,NaN,NaN,NaN,NaN,NaN,NaN,NaN,NaN,NaN,NaN,NaN,NaN,NaN,NaN,NaN,NaN,NaN,NaN,NaN,NaN,NaN,NaN,NaN,NaN,NaN,NaN,NaN,NaN,NaN,NaN,NaN,NaN,NaN,NaN,NaN,NaN
0.024796,0.024449,0.024122,0.023824,0.023545,0.023259,0.022944,0.022632,0.022321,0.022014,0.021709,0.021408,0.021111,0.020817,0.020528,0.020243,0.019963,0.019687,0.019415,0.019148,0.018885,0.018626,0.018372,0.01809,0.017836,0.017587,0.017342,0.017102,0.016867,0.016638,0.016413,0.016194,0.015981,0.015773,0.015571,0.015367,0.015174,0.014987,0.014806,0.014632,0.014465,0.014305,0.014152,0.014007,0.013869,0.013739,0.013617,0.013503,0.013398,0.013301,0.013213,0.013134,0.013064,0.013003,0.012952,0.012933,0.012898,0.012952,0.012982,0.01305,0.013121,0.0131,0.01309,0.013089,0.013098,0.013117,0.013146,0.013185,0.013234,0.013292,0.01336,0.013436,0.013522,0.01366,0.013757,0.013861,0.013975,0.014098,0.014229,0.014368,0.014516,0.014672,0.014837,0.015011,0.015235,0.015419,0.015611,0.015811,0.016018,0.016232,0.016452,0.01668,0.016984,0.017217,0.017529,0.017755,0.017986,0.018223,0.018466,0.018714,0.018969,0.019229,0.019494,0.019765,0.020042,0.020324,0.020612,0.020905,0.021203,0.021507,0.021816,0.022199,0.022488,0.022783,0.023086,0.023396,0.023718,0.02405,0.024393,0.024743,0.025099,0.025458,NaN,NaN,NaN,NaN,NaN,NaN,NaN,NaN,NaN,NaN,NaN,NaN,NaN,NaN,NaN,NaN,NaN,NaN,NaN,NaN,NaN,NaN,NaN,NaN,NaN,NaN,NaN,NaN,NaN,NaN,NaN,NaN,NaN,NaN,NaN,NaN,NaN,NaN,NaN,NaN,NaN,NaN,NaN,NaN,NaN,NaN,NaN,NaN,NaN,NaN,NaN,NaN,NaN,NaN,NaN,NaN,NaN,NaN,NaN,NaN,NaN,NaN,NaN,NaN,NaN,NaN,NaN,NaN,NaN,NaN,NaN,NaN,NaN,NaN,NaN,NaN,NaN,NaN,NaN,NaN,NaN,NaN,NaN,NaN,NaN,NaN,NaN,NaN,NaN,NaN,NaN,NaN,NaN,NaN,NaN,NaN,NaN,NaN,NaN,NaN,NaN,NaN,NaN,NaN,NaN,NaN,NaN,NaN,NaN,NaN,NaN,NaN,NaN,NaN,NaN,NaN,NaN,NaN,NaN,NaN,NaN,NaN,NaN,NaN,NaN,NaN,NaN,NaN,NaN
0.024641,0.024319,0.023999,0.02368,0.023365,0.023052,0.022743,0.022439,0.022138,0.021843,0.021553,0.021269,0.02099,0.020715,0.020445,0.020178,0.019916,0.019657,0.019379,0.019103,0.018841,0.018563,0.018302,0.018045,0.017791,0.017542,0.017297,0.017056,0.016819,0.016588,0.016361,0.016139,0.015923,0.015711,0.015506,0.015306,0.015112,0.014923,0.014742,0.014566,0.014397,0.014235,0.014079,0.013931,0.01379,0.013657,0.013531,0.013413,0.013303,0.013201,0.013108,0.013024,0.012948,0.012882,0.012824,0.012776,0.012737,0.012708,0.012769,0.012921,0.01292,0.012895,0.01288,0.012875,0.01288,0.012895,0.012919,0.012954,0.012998,0.013053,0.013116,0.01319,0.013272,0.013365,0.013512,0.013615,0.013726,0.013847,0.013976,0.014115,0.014262,0.014418,0.014583,0.014757,0.014939,0.01513,0.015328,0.015534,0.015747,0.015967,0.016193,0.016426,0.016663,0.016907,0.017331,0.017539,0.017818,0.01803,0.018246,0.018468,0.018695,0.018928,0.019166,0.01941,0.019659,0.019916,0.020179,0.020449,0.020727,0.021012,0.021305,0.021604,0.021909,0.022221,0.022537,0.022858,0.023183,0.023512,0.023844,0.024179,0.024517,0.024856,0.025199,NaN,NaN,NaN,NaN,NaN,NaN,NaN,NaN,NaN,NaN,NaN,NaN,NaN,NaN,NaN,NaN,NaN,NaN,NaN,NaN,NaN,NaN,NaN,NaN,NaN,NaN,NaN,NaN,NaN,NaN,NaN,NaN,NaN,NaN,NaN,NaN,NaN,NaN,NaN,NaN,NaN,NaN,NaN,NaN,NaN,NaN,NaN,NaN,NaN,NaN,NaN,NaN,NaN,NaN,NaN,NaN,NaN,NaN,NaN,NaN,NaN,NaN,NaN,NaN,NaN,NaN,NaN,NaN,NaN,NaN,NaN,NaN,NaN,NaN,NaN,NaN,NaN,NaN,NaN,NaN,NaN,NaN,NaN,NaN,NaN,NaN,NaN,NaN,NaN,NaN,NaN,NaN,NaN,NaN,NaN,NaN,NaN,NaN,NaN,NaN,NaN,NaN,NaN,NaN,NaN,NaN,NaN,NaN,NaN,NaN,NaN,NaN,NaN,NaN,NaN,NaN,NaN,NaN,NaN,NaN,NaN,NaN,NaN,NaN,NaN,NaN,NaN,NaN
0.024766,0.024442,0.024119,0.023801,0.023486,0.023176,0.022872,0.022575,0.022284,0.021999,0.021718,0.021442,0.021129,0.020847,0.020569,0.020294,0.020022,0.019726,0.019452,0.019182,0.018915,0.018651,0.018391,0.018134,0.017882,0.017634,0.01739,0.017151,0.016917,0.016687,0.016463,0.016244,0.01603,0.015821,0.015619,0.015421,0.01523,0.015045,0.014866,0.014694,0.014528,0.014368,0.014216,0.01407,0.013932,0.013801,0.013677,0.013561,0.013453,0.013353,0.013262,0.013179,0.013104,0.013038,0.012981,0.012956,0.012914,0.012933,0.013011,0.013036,0.013127,0.013095,0.013073,0.013061,0.013058,0.013097,0.01311,0.013133,0.013165,0.013206,0.013257,0.013317,0.013386,0.013464,0.013551,0.013646,0.01375,0.013862,0.013983,0.014111,0.014247,0.01439,0.014541,0.0147,0.014865,0.015038,0.015217,0.015404,0.015597,0.015796,0.016001,0.016213,0.016431,0.016654,0.016883,0.017117,0.017356,0.017601,0.01785,0.018104,0.018362,0.018624,0.01889,0.01916,0.019433,0.01971,0.01999,0.020274,0.02056,0.020849,0.02114,0.021435,0.021731,0.02203,0.022331,0.022634,0.02294,0.023247,0.023556,0.023866,0.024179,0.024492,0.024808,0.025125,NaN,NaN,NaN,NaN,NaN,NaN,NaN,NaN,NaN,NaN,NaN,NaN,NaN,NaN,NaN,NaN,NaN,NaN,NaN,NaN,NaN,NaN,NaN,NaN,NaN,NaN,NaN,NaN,NaN,NaN,NaN,NaN,NaN,NaN,NaN,NaN,NaN,NaN,NaN,NaN,NaN,NaN,NaN,NaN,NaN,NaN,NaN,NaN,NaN,NaN,NaN,NaN,NaN,NaN,NaN,NaN,NaN,NaN,NaN,NaN,NaN,NaN,NaN,NaN,NaN,NaN,NaN,NaN,NaN,NaN,NaN,NaN,NaN,NaN,NaN,NaN,NaN,NaN,NaN,NaN,NaN,NaN,NaN,NaN,NaN,NaN,NaN,NaN,NaN,NaN,NaN,NaN,NaN,NaN,NaN,NaN,NaN,NaN,NaN,NaN,NaN,NaN,NaN,NaN,NaN,NaN,NaN,NaN,NaN,NaN,NaN,NaN,NaN,NaN,NaN,NaN,NaN,NaN,NaN,NaN,NaN,NaN,NaN,NaN,NaN,NaN,NaN
0.024775,0.024423,0.02409,0.023788,0.023506,0.023188,0.02288,0.022576,0.022277,0.021983,0.021695,0.021411,0.021132,0.020857,0.020587,0.020321,0.020032,0.019765,0.019502,0.019243,0.01897,0.018712,0.018457,0.018207,0.017961,0.017704,0.017462,0.017224,0.016991,0.016762,0.016539,0.016321,0.016108,0.0159,0.015698,0.015502,0.015311,0.015126,0.014948,0.014775,0.014609,0.01445,0.014297,0.014151,0.014012,0.01388,0.013755,0.013638,0.01354,0.013435,0.013339,0.01325,0.013171,0.013099,0.013037,0.013005,0.012957,0.012919,0.012969,0.013109,0.013159,0.013121,0.013093,0.013074,0.013064,0.013064,0.013074,0.013093,0.013121,0.013159,0.013206,0.013262,0.013327,0.013401,0.013484,0.013575,0.013675,0.013783,0.013899,0.014023,0.014155,0.014295,0.014442,0.014596,0.014758,0.014926,0.015102,0.015284,0.015473,0.015668,0.015869,0.016076,0.016289,0.016508,0.016796,0.017086,0.017308,0.017536,0.017768,0.018005,0.018247,0.018494,0.018745,0.019001,0.019261,0.019525,0.019794,0.020067,0.020344,0.020626,0.020912,0.021202,0.021496,0.021794,0.022095,0.022399,0.022706,0.023015,0.023328,0.023642,0.023959,0.024278,0.024598,0.02492,0.025244,NaN,NaN,NaN,NaN,NaN,NaN,NaN,NaN,NaN,NaN,NaN,NaN,NaN,NaN,NaN,NaN,NaN,NaN,NaN,NaN,NaN,NaN,NaN,NaN,NaN,NaN,NaN,NaN,NaN,NaN,NaN,NaN,NaN,NaN,NaN,NaN,NaN,NaN,NaN,NaN,NaN,NaN,NaN,NaN,NaN,NaN,NaN,NaN,NaN,NaN,NaN,NaN,NaN,NaN,NaN,NaN,NaN,NaN,NaN,NaN,NaN,NaN,NaN,NaN,NaN,NaN,NaN,NaN,NaN,NaN,NaN,NaN,NaN,NaN,NaN,NaN,NaN,NaN,NaN,NaN,NaN,NaN,NaN,NaN,NaN,NaN,NaN,NaN,NaN,NaN,NaN,NaN,NaN,NaN,NaN,NaN,NaN,NaN,NaN,NaN,NaN,NaN,NaN,NaN,NaN,NaN,NaN,NaN,NaN,NaN,NaN,NaN,NaN,NaN,NaN,NaN,NaN,NaN,NaN,NaN,NaN,NaN,NaN,NaN,NaN,NaN
0.024773,0.024414,0.024073,0.023763,0.023482,0.023199,0.022929,0.022532,0.022235,0.021941,0.021651,0.021365,0.021082,0.020803,0.020528,0.020257,0.019989,0.019726,0.019466,0.01921,0.018941,0.018687,0.018437,0.018192,0.01795,0.017713,0.017481,0.017252,0.017016,0.016792,0.016573,0.016359,0.016151,0.015947,0.015748,0.015555,0.015367,0.015185,0.015001,0.014827,0.014658,0.014496,0.014341,0.014193,0.014051,0.013908,0.013773,0.013645,0.013524,0.013411,0.013306,0.013209,0.01312,0.013039,0.012966,0.012903,0.012848,0.012802,0.012791,0.012878,0.012955,0.012915,0.012884,0.012862,0.01285,0.012848,0.012855,0.012872,0.012899,0.012935,0.01298,0.013035,0.013099,0.013173,0.013256,0.013349,0.01345,0.013561,0.013679,0.013807,0.013943,0.014086,0.014238,0.014396,0.014562,0.014735,0.014915,0.015101,0.015294,0.015493,0.015697,0.015907,0.016123,0.016458,0.01666,0.016932,0.017138,0.017349,0.017566,0.017786,0.018012,0.018243,0.018478,0.018718,0.018962,0.019212,0.019467,0.019726,0.019991,0.020261,0.020536,0.020816,0.021101,0.02139,0.021684,0.021981,0.022282,0.022586,0.022893,0.023203,0.023516,0.02383,0.024147,0.024466,0.024786,0.025109,NaN,NaN,NaN,NaN,NaN,NaN,NaN,NaN,NaN,NaN,NaN,NaN,NaN,NaN,NaN,NaN,NaN,NaN,NaN,NaN,NaN,NaN,NaN,NaN,NaN,NaN,NaN,NaN,NaN,NaN,NaN,NaN,NaN,NaN,NaN,NaN,NaN,NaN,NaN,NaN,NaN,NaN,NaN,NaN,NaN,NaN,NaN,NaN,NaN,NaN,NaN,NaN,NaN,NaN,NaN,NaN,NaN,NaN,NaN,NaN,NaN,NaN,NaN,NaN,NaN,NaN,NaN,NaN,NaN,NaN,NaN,NaN,NaN,NaN,NaN,NaN,NaN,NaN,NaN,NaN,NaN,NaN,NaN,NaN,NaN,NaN,NaN,NaN,NaN,NaN,NaN,NaN,NaN,NaN,NaN,NaN,NaN,NaN,NaN,NaN,NaN,NaN,NaN,NaN,NaN,NaN,NaN,NaN,NaN,NaN,NaN,NaN,NaN,NaN,NaN,NaN,NaN,NaN,NaN,NaN,NaN,NaN,NaN,NaN,NaN
0.024519,0.024203,0.023891,0.023581,0.023275,0.022975,0.02268,0.022393,0.022113,0.021839,0.021571,0.021307,0.021048,0.020752,0.020489,0.020195,0.019929,0.019665,0.019405,0.019147,0.018893,0.018642,0.018394,0.018149,0.017889,0.017646,0.017406,0.017171,0.016939,0.016712,0.016488,0.01627,0.016056,0.015846,0.015642,0.015442,0.015248,0.015059,0.014875,0.014697,0.014525,0.014359,0.014199,0.014045,0.013898,0.013757,0.013623,0.013497,0.013377,0.013265,0.013161,0.013064,0.012976,0.012895,0.012823,0.012759,0.012704,0.012681,0.012665,0.012719,0.012769,0.012727,0.012695,0.012672,0.012658,0.012654,0.01266,0.012675,0.012699,0.012733,0.012777,0.012831,0.012894,0.012967,0.013049,0.013141,0.013243,0.013353,0.013473,0.013647,0.013773,0.013909,0.014053,0.014206,0.014367,0.014538,0.014718,0.014908,0.015106,0.015312,0.015525,0.015744,0.01597,0.016201,0.016618,0.01683,0.017015,0.017205,0.0174,0.017599,0.017803,0.018012,0.018225,0.018444,0.018668,0.018898,0.019133,0.019374,0.019622,0.019876,0.020136,0.020403,0.020676,0.020955,0.021241,0.021531,0.021826,0.022125,0.022429,0.022736,0.023046,0.023359,0.023675,0.023993,0.024314,0.024636,0.02496,NaN,NaN,NaN,NaN,NaN,NaN,NaN,NaN,NaN,NaN,NaN,NaN,NaN,NaN,NaN,NaN,NaN,NaN,NaN,NaN,NaN,NaN,NaN,NaN,NaN,NaN,NaN,NaN,NaN,NaN,NaN,NaN,NaN,NaN,NaN,NaN,NaN,NaN,NaN,NaN,NaN,NaN,NaN,NaN,NaN,NaN,NaN,NaN,NaN,NaN,NaN,NaN,NaN,NaN,NaN,NaN,NaN,NaN,NaN,NaN,NaN,NaN,NaN,NaN,NaN,NaN,NaN,NaN,NaN,NaN,NaN,NaN,NaN,NaN,NaN,NaN,NaN,NaN,NaN,NaN,NaN,NaN,NaN,NaN,NaN,NaN,NaN,NaN,NaN,NaN,NaN,NaN,NaN,NaN,NaN,NaN,NaN,NaN,NaN,NaN,NaN,NaN,NaN,NaN,NaN,NaN,NaN,NaN,NaN,NaN,NaN,NaN,NaN,NaN,NaN,NaN,NaN,NaN,NaN,NaN,NaN,NaN,NaN,NaN
0.024313,0.024008,0.023707,0.023409,0.023117,0.022833,0.022556,0.022285,0.022019,0.021756,0.021431,0.021156,0.020883,0.020612,0.020342,0.020075,0.019811,0.019548,0.019289,0.019031,0.018777,0.018525,0.018277,0.018031,0.017789,0.01755,0.017315,0.017083,0.016855,0.016631,0.016411,0.016195,0.015984,0.015776,0.015574,0.015376,0.015183,0.014995,0.014813,0.014635,0.014464,0.014297,0.014137,0.013983,0.013835,0.013693,0.013558,0.013437,0.013313,0.013195,0.013085,0.012983,0.012888,0.012801,0.012722,0.012651,0.012588,0.012534,0.012513,0.012498,0.012544,0.01251,0.012485,0.012469,0.012461,0.012463,0.012473,0.012493,0.012521,0.012558,0.012604,0.012658,0.012721,0.012792,0.012872,0.012959,0.013054,0.013158,0.013268,0.013386,0.013512,0.013644,0.013783,0.013929,0.014081,0.01424,0.014405,0.014576,0.014752,0.014934,0.015122,0.015315,0.015513,0.015715,0.016031,0.016347,0.016542,0.016741,0.016945,0.017153,0.017365,0.017582,0.017803,0.018028,0.018258,0.018491,0.01873,0.018972,0.01922,0.019472,0.019728,0.019989,0.020255,0.020525,0.020799,0.021078,0.02136,0.021645,0.021933,0.022225,0.022519,0.022815,0.023114,0.023415,0.023717,0.024022,0.024328,0.024635,NaN,NaN,NaN,NaN,NaN,NaN,NaN,NaN,NaN,NaN,NaN,NaN,NaN,NaN,NaN,NaN,NaN,NaN,NaN,NaN,NaN,NaN,NaN,NaN,NaN,NaN,NaN,NaN,NaN,NaN,NaN,NaN,NaN,NaN,NaN,NaN,NaN,NaN,NaN,NaN,NaN,NaN,NaN,NaN,NaN,NaN,NaN,NaN,NaN,NaN,NaN,NaN,NaN,NaN,NaN,NaN,NaN,NaN,NaN,NaN,NaN,NaN,NaN,NaN,NaN,NaN,NaN,NaN,NaN,NaN,NaN,NaN,NaN,NaN,NaN,NaN,NaN,NaN,NaN,NaN,NaN,NaN,NaN,NaN,NaN,NaN,NaN,NaN,NaN,NaN,NaN,NaN,NaN,NaN,NaN,NaN,NaN,NaN,NaN,NaN,NaN,NaN,NaN,NaN,NaN,NaN,NaN,NaN,NaN,NaN,NaN,NaN,NaN,NaN,NaN,NaN,NaN,NaN,NaN,NaN,NaN,NaN,NaN
0.024174,0.02386,0.023551,0.023247,0.022952,0.022666,0.022393,0.02213,0.021874,0.021625,0.021317,0.02106,0.020764,0.020502,0.020242,0.019984,0.019729,0.019477,0.019227,0.018961,0.01871,0.018461,0.018216,0.017973,0.017733,0.017497,0.017263,0.017034,0.016807,0.016584,0.016366,0.016151,0.01594,0.015733,0.015531,0.015333,0.01514,0.014951,0.014768,0.014589,0.014416,0.014248,0.014086,0.01393,0.01378,0.013635,0.013497,0.013366,0.013241,0.013123,0.013012,0.012909,0.012812,0.012724,0.012643,0.01257,0.012505,0.012448,0.012467,0.012443,0.012425,0.012388,0.012359,0.012339,0.012327,0.012325,0.012331,0.012345,0.012369,0.012401,0.012441,0.01249,0.012548,0.012613,0.012687,0.012769,0.012858,0.012955,0.01306,0.013172,0.013291,0.013417,0.01355,0.01369,0.013836,0.013988,0.014146,0.014311,0.014481,0.014656,0.014837,0.015023,0.015214,0.01541,0.015714,0.015909,0.016108,0.016312,0.01652,0.016733,0.016949,0.017169,0.017393,0.017621,0.017852,0.018087,0.018326,0.018568,0.018813,0.019063,0.019315,0.019571,0.01983,0.020092,0.020358,0.020626,0.020897,0.02117,0.021446,0.021724,0.022005,0.022287,0.022571,0.022857,0.023144,0.023434,0.023724,0.024016,0.02431,NaN,NaN,NaN,NaN,NaN,NaN,NaN,NaN,NaN,NaN,NaN,NaN,NaN,NaN,NaN,NaN,NaN,NaN,NaN,NaN,NaN,NaN,NaN,NaN,NaN,NaN,NaN,NaN,NaN,NaN,NaN,NaN,NaN,NaN,NaN,NaN,NaN,NaN,NaN,NaN,NaN,NaN,NaN,NaN,NaN,NaN,NaN,NaN,NaN,NaN,NaN,NaN,NaN,NaN,NaN,NaN,NaN,NaN,NaN,NaN,NaN,NaN,NaN,NaN,NaN,NaN,NaN,NaN,NaN,NaN,NaN,NaN,NaN,NaN,NaN,NaN,NaN,NaN,NaN,NaN,NaN,NaN,NaN,NaN,NaN,NaN,NaN,NaN,NaN,NaN,NaN,NaN,NaN,NaN,NaN,NaN,NaN,NaN,NaN,NaN,NaN,NaN,NaN,NaN,NaN,NaN,NaN,NaN,NaN,NaN,NaN,NaN,NaN,NaN,NaN,NaN,NaN,NaN,NaN,NaN,NaN,NaN
0.024086,0.023759,0.023444,0.023146,0.022862,0.022562,0.022275,0.021995,0.021724,0.02146,0.021204,0.020954,0.020668,0.020419,0.020174,0.019934,0.019698,0.019466,0.01919,0.018951,0.018715,0.018461,0.018226,0.017993,0.017764,0.017538,0.017301,0.017064,0.016839,0.016618,0.0164,0.016186,0.015976,0.015769,0.015568,0.01537,0.015177,0.014988,0.014805,0.014626,0.014452,0.014283,0.01412,0.013962,0.01381,0.013664,0.013524,0.01339,0.013263,0.013142,0.013028,0.012922,0.012822,0.012729,0.012644,0.012567,0.012497,0.012435,0.012447,0.012417,0.012393,0.01235,0.012315,0.012289,0.012272,0.012263,0.012262,0.01227,0.012287,0.012312,0.012346,0.012388,0.012438,0.012497,0.012563,0.012638,0.01272,0.01281,0.012907,0.013012,0.013124,0.013243,0.013369,0.013502,0.01364,0.013786,0.013937,0.014095,0.014258,0.014426,0.014601,0.01478,0.014965,0.015154,0.015349,0.015547,0.015751,0.015958,0.01617,0.016386,0.016605,0.016828,0.017055,0.017285,0.017519,0.017755,0.017994,0.018237,0.018482,0.018729,0.01898,0.019232,0.019487,0.019744,0.020003,0.020265,0.020528,0.020793,0.02106,0.021329,0.021599,0.021871,0.022145,0.02242,0.022696,0.022974,0.023253,0.023533,0.023815,0.024098,NaN,NaN,NaN,NaN,NaN,NaN,NaN,NaN,NaN,NaN,NaN,NaN,NaN,NaN,NaN,NaN,NaN,NaN,NaN,NaN,NaN,NaN,NaN,NaN,NaN,NaN,NaN,NaN,NaN,NaN,NaN,NaN,NaN,NaN,NaN,NaN,NaN,NaN,NaN,NaN,NaN,NaN,NaN,NaN,NaN,NaN,NaN,NaN,NaN,NaN,NaN,NaN,NaN,NaN,NaN,NaN,NaN,NaN,NaN,NaN,NaN,NaN,NaN,NaN,NaN,NaN,NaN,NaN,NaN,NaN,NaN,NaN,NaN,NaN,NaN,NaN,NaN,NaN,NaN,NaN,NaN,NaN,NaN,NaN,NaN,NaN,NaN,NaN,NaN,NaN,NaN,NaN,NaN,NaN,NaN,NaN,NaN,NaN,NaN,NaN,NaN,NaN,NaN,NaN,NaN,NaN,NaN,NaN,NaN,NaN,NaN,NaN,NaN,NaN,NaN,NaN,NaN,NaN,NaN,NaN,NaN
0.024256,0.02391,0.023581,0.02328,0.02301,0.022763,0.022405,0.022142,0.021884,0.021551,0.021282,0.021018,0.020758,0.020502,0.02025,0.020002,0.019757,0.019515,0.019276,0.019022,0.018764,0.018522,0.018284,0.018048,0.017816,0.017587,0.017347,0.01712,0.016897,0.016677,0.016462,0.01625,0.016043,0.01584,0.015641,0.015446,0.015256,0.015071,0.01489,0.014715,0.014545,0.014379,0.01422,0.014065,0.013917,0.013774,0.013637,0.013507,0.013382,0.013265,0.013154,0.01305,0.012952,0.012876,0.012791,0.01273,0.012657,0.012612,0.012551,0.01257,0.012542,0.012494,0.012455,0.012424,0.012402,0.012388,0.012383,0.012386,0.012397,0.01245,0.012475,0.012508,0.01255,0.0126,0.012658,0.012724,0.012797,0.012879,0.012968,0.013064,0.013167,0.013278,0.013396,0.01352,0.013651,0.013789,0.013932,0.014082,0.014238,0.0144,0.014567,0.01474,0.014918,0.015102,0.01529,0.015484,0.015682,0.015884,0.016091,0.016303,0.016518,0.016737,0.01696,0.017187,0.017418,0.017651,0.017888,0.018128,0.018371,0.018617,0.018865,0.019116,0.01937,0.019626,0.019884,0.020145,0.020407,0.020672,0.020938,0.021207,0.021477,0.021749,0.022022,0.022297,0.022574,0.022852,0.023131,0.023412,0.023694,0.023977,0.024261,NaN,NaN,NaN,NaN,NaN,NaN,NaN,NaN,NaN,NaN,NaN,NaN,NaN,NaN,NaN,NaN,NaN,NaN,NaN,NaN,NaN,NaN,NaN,NaN,NaN,NaN,NaN,NaN,NaN,NaN,NaN,NaN,NaN,NaN,NaN,NaN,NaN,NaN,NaN,NaN,NaN,NaN,NaN,NaN,NaN,NaN,NaN,NaN,NaN,NaN,NaN,NaN,NaN,NaN,NaN,NaN,NaN,NaN,NaN,NaN,NaN,NaN,NaN,NaN,NaN,NaN,NaN,NaN,NaN,NaN,NaN,NaN,NaN,NaN,NaN,NaN,NaN,NaN,NaN,NaN,NaN,NaN,NaN,NaN,NaN,NaN,NaN,NaN,NaN,NaN,NaN,NaN,NaN,NaN,NaN,NaN,NaN,NaN,NaN,NaN,NaN,NaN,NaN,NaN,NaN,NaN,NaN,NaN,NaN,NaN,NaN,NaN,NaN,NaN,NaN,NaN,NaN,NaN,NaN,NaN
0.024241,0.023913,0.02359,0.023271,0.02296,0.022658,0.022368,0.02209,0.021825,0.02157,0.021325,0.021088,0.020774,0.020527,0.020285,0.020047,0.019785,0.019548,0.019289,0.019033,0.018773,0.01853,0.01829,0.018055,0.017822,0.017594,0.01737,0.017149,0.016933,0.01672,0.016513,0.016309,0.016089,0.015889,0.015694,0.015504,0.015318,0.015138,0.014962,0.014792,0.014627,0.014467,0.014312,0.014164,0.014021,0.013884,0.013758,0.013629,0.013506,0.013389,0.013288,0.013182,0.013083,0.012992,0.012908,0.012831,0.012762,0.012702,0.012693,0.012736,0.012781,0.012725,0.012678,0.01264,0.01261,0.012589,0.012577,0.012574,0.012579,0.012593,0.012615,0.012646,0.012685,0.012732,0.012827,0.012887,0.012955,0.013031,0.013114,0.013226,0.013348,0.013441,0.013541,0.013647,0.013761,0.013882,0.014051,0.014179,0.014313,0.014455,0.014603,0.014758,0.014919,0.015088,0.015312,0.015485,0.015665,0.015852,0.016047,0.016249,0.016458,0.016674,0.016898,0.017128,0.017365,0.017608,0.017857,0.018111,0.018369,0.018632,0.018898,0.019206,0.019478,0.019698,0.019922,0.02015,0.020382,0.020619,0.020862,0.021112,0.021368,0.021633,0.021906,0.022188,0.022476,0.022772,0.023073,0.023378,0.023688,0.024,0.024316,0.024633,NaN,NaN,NaN,NaN,NaN,NaN,NaN,NaN,NaN,NaN,NaN,NaN,NaN,NaN,NaN,NaN,NaN,NaN,NaN,NaN,NaN,NaN,NaN,NaN,NaN,NaN,NaN,NaN,NaN,NaN,NaN,NaN,NaN,NaN,NaN,NaN,NaN,NaN,NaN,NaN,NaN,NaN,NaN,NaN,NaN,NaN,NaN,NaN,NaN,NaN,NaN,NaN,NaN,NaN,NaN,NaN,NaN,NaN,NaN,NaN,NaN,NaN,NaN,NaN,NaN,NaN,NaN,NaN,NaN,NaN,NaN,NaN,NaN,NaN,NaN,NaN,NaN,NaN,NaN,NaN,NaN,NaN,NaN,NaN,NaN,NaN,NaN,NaN,NaN,NaN,NaN,NaN,NaN,NaN,NaN,NaN,NaN,NaN,NaN,NaN,NaN,NaN,NaN,NaN,NaN,NaN,NaN,NaN,NaN,NaN,NaN,NaN,NaN,NaN,NaN,NaN,NaN,NaN,NaN
0.024159,0.023837,0.023519,0.023206,0.022898,0.022598,0.022309,0.02203,0.021762,0.021505,0.021257,0.021019,0.020746,0.02051,0.020239,0.020005,0.019776,0.019551,0.019307,0.019045,0.018813,0.018585,0.01836,0.018139,0.017921,0.017672,0.017451,0.017233,0.017003,0.016789,0.016578,0.01637,0.016167,0.015967,0.015759,0.015564,0.015373,0.015187,0.015005,0.014828,0.014655,0.014488,0.014325,0.014168,0.014016,0.01387,0.013729,0.013594,0.013465,0.013342,0.013225,0.013115,0.013012,0.012928,0.012835,0.01275,0.012671,0.012601,0.012558,0.012522,0.01257,0.012511,0.012461,0.012418,0.012383,0.012357,0.012339,0.01233,0.012328,0.012336,0.012351,0.012375,0.012407,0.012448,0.012497,0.012554,0.012619,0.012692,0.012773,0.012862,0.012958,0.013062,0.013173,0.013291,0.013416,0.013547,0.013685,0.013829,0.013979,0.014135,0.014297,0.014465,0.014637,0.014815,0.015005,0.015181,0.015362,0.015548,0.015739,0.015935,0.016136,0.016343,0.016556,0.016774,0.016997,0.017225,0.017458,0.017694,0.017935,0.018178,0.018425,0.018681,0.018918,0.019156,0.019398,0.019642,0.019889,0.020138,0.02039,0.020644,0.020902,0.021163,0.021426,0.021693,0.021962,0.022234,0.022508,0.022784,0.023063,0.023343,0.023624,0.023907,0.024192,NaN,NaN,NaN,NaN,NaN,NaN,NaN,NaN,NaN,NaN,NaN,NaN,NaN,NaN,NaN,NaN,NaN,NaN,NaN,NaN,NaN,NaN,NaN,NaN,NaN,NaN,NaN,NaN,NaN,NaN,NaN,NaN,NaN,NaN,NaN,NaN,NaN,NaN,NaN,NaN,NaN,NaN,NaN,NaN,NaN,NaN,NaN,NaN,NaN,NaN,NaN,NaN,NaN,NaN,NaN,NaN,NaN,NaN,NaN,NaN,NaN,NaN,NaN,NaN,NaN,NaN,NaN,NaN,NaN,NaN,NaN,NaN,NaN,NaN,NaN,NaN,NaN,NaN,NaN,NaN,NaN,NaN,NaN,NaN,NaN,NaN,NaN,NaN,NaN,NaN,NaN,NaN,NaN,NaN,NaN,NaN,NaN,NaN,NaN,NaN,NaN,NaN,NaN,NaN,NaN,NaN,NaN,NaN,NaN,NaN,NaN,NaN,NaN,NaN,NaN,NaN,NaN,NaN
0.023965,0.023632,0.023312,0.023011,0.022726,0.022429,0.022149,0.021881,0.021624,0.021376,0.021135,0.020849,0.020565,0.020317,0.020074,0.019835,0.0196,0.019369,0.019116,0.018865,0.01861,0.018373,0.01814,0.01791,0.017683,0.01746,0.017242,0.017027,0.016799,0.016588,0.01638,0.016177,0.015979,0.015784,0.015595,0.01541,0.01523,0.015054,0.014883,0.014718,0.014557,0.014401,0.014251,0.014106,0.013967,0.013833,0.013705,0.013582,0.013472,0.013359,0.013252,0.013151,0.013057,0.01297,0.012889,0.012816,0.012766,0.012723,0.012765,0.012774,0.012753,0.012688,0.012632,0.012584,0.012543,0.012511,0.012486,0.01247,0.012462,0.012492,0.012528,0.012539,0.012558,0.012585,0.01262,0.012663,0.012714,0.012773,0.01284,0.012915,0.012997,0.013087,0.013184,0.013289,0.0134,0.013518,0.013642,0.013774,0.013911,0.014055,0.014204,0.01436,0.014521,0.014689,0.014922,0.015137,0.015304,0.015476,0.015653,0.015836,0.016022,0.016214,0.01641,0.016611,0.016817,0.017026,0.01724,0.017458,0.01768,0.017906,0.018137,0.018371,0.018609,0.018851,0.019096,0.019345,0.019598,0.019854,0.020113,0.020376,0.020641,0.020908,0.021179,0.021451,0.021726,0.022003,0.022282,0.022563,0.022845,0.023129,0.023415,0.023702,0.023991,0.02428,NaN,NaN,NaN,NaN,NaN,NaN,NaN,NaN,NaN,NaN,NaN,NaN,NaN,NaN,NaN,NaN,NaN,NaN,NaN,NaN,NaN,NaN,NaN,NaN,NaN,NaN,NaN,NaN,NaN,NaN,NaN,NaN,NaN,NaN,NaN,NaN,NaN,NaN,NaN,NaN,NaN,NaN,NaN,NaN,NaN,NaN,NaN,NaN,NaN,NaN,NaN,NaN,NaN,NaN,NaN,NaN,NaN,NaN,NaN,NaN,NaN,NaN,NaN,NaN,NaN,NaN,NaN,NaN,NaN,NaN,NaN,NaN,NaN,NaN,NaN,NaN,NaN,NaN,NaN,NaN,NaN,NaN,NaN,NaN,NaN,NaN,NaN,NaN,NaN,NaN,NaN,NaN,NaN,NaN,NaN,NaN,NaN,NaN,NaN,NaN,NaN,NaN,NaN,NaN,NaN,NaN,NaN,NaN,NaN,NaN,NaN,NaN,NaN,NaN,NaN,NaN,NaN
0.023832,0.02351,0.023192,0.022879,0.022573,0.022277,0.021992,0.021721,0.021462,0.021217,0.020982,0.020757,0.020498,0.020233,0.020007,0.019786,0.019539,0.019288,0.019064,0.018802,0.018571,0.018321,0.018091,0.017865,0.017642,0.017422,0.01719,0.016973,0.01676,0.01655,0.016345,0.016144,0.015947,0.015754,0.015566,0.015382,0.015202,0.015027,0.014857,0.014691,0.01453,0.014374,0.014223,0.014077,0.013936,0.013801,0.013671,0.013546,0.013428,0.013315,0.013208,0.013107,0.013022,0.012931,0.01286,0.012823,0.01274,0.0127,0.012644,0.012637,0.012632,0.012562,0.0125,0.012446,0.0124,0.012363,0.012335,0.012315,0.012305,0.012303,0.012309,0.012324,0.012347,0.012379,0.012418,0.012465,0.01252,0.012583,0.012649,0.012719,0.012795,0.012879,0.01297,0.013067,0.013172,0.013282,0.013399,0.013523,0.013652,0.013788,0.013929,0.014076,0.014229,0.014387,0.014551,0.014767,0.014936,0.01511,0.015289,0.015473,0.015662,0.015855,0.016052,0.016253,0.016459,0.016668,0.016882,0.017099,0.017319,0.017543,0.017771,0.018001,0.018235,0.018472,0.018712,0.018955,0.0192,0.019449,0.019699,0.019953,0.020208,0.020466,0.020726,0.020987,0.021251,0.021517,0.021784,0.022053,0.022323,0.022595,0.022868,0.023143,0.023419,0.023696,0.023975,NaN,NaN,NaN,NaN,NaN,NaN,NaN,NaN,NaN,NaN,NaN,NaN,NaN,NaN,NaN,NaN,NaN,NaN,NaN,NaN,NaN,NaN,NaN,NaN,NaN,NaN,NaN,NaN,NaN,NaN,NaN,NaN,NaN,NaN,NaN,NaN,NaN,NaN,NaN,NaN,NaN,NaN,NaN,NaN,NaN,NaN,NaN,NaN,NaN,NaN,NaN,NaN,NaN,NaN,NaN,NaN,NaN,NaN,NaN,NaN,NaN,NaN,NaN,NaN,NaN,NaN,NaN,NaN,NaN,NaN,NaN,NaN,NaN,NaN,NaN,NaN,NaN,NaN,NaN,NaN,NaN,NaN,NaN,NaN,NaN,NaN,NaN,NaN,NaN,NaN,NaN,NaN,NaN,NaN,NaN,NaN,NaN,NaN,NaN,NaN,NaN,NaN,NaN,NaN,NaN,NaN,NaN,NaN,NaN,NaN,NaN,NaN,NaN,NaN,NaN,NaN
0.023696,0.023344,0.02302,0.022743,0.022498,0.022191,0.021911,0.021641,0.021382,0.021134,0.020897,0.020669,0.020448,0.020235,0.019983,0.019733,0.019515,0.0193,0.019011,0.018761,0.018529,0.018299,0.018072,0.017848,0.017627,0.017409,0.017194,0.016969,0.016757,0.016548,0.016342,0.016141,0.015943,0.015749,0.015558,0.015372,0.01519,0.015012,0.014838,0.014669,0.014504,0.014343,0.014188,0.014037,0.013891,0.01375,0.013614,0.013487,0.013359,0.013237,0.01312,0.013009,0.012905,0.012806,0.012714,0.012629,0.01255,0.012495,0.012482,0.012473,0.012425,0.012359,0.012302,0.012251,0.012208,0.012173,0.012145,0.012125,0.012113,0.012108,0.012111,0.012122,0.01214,0.012166,0.012199,0.01224,0.012289,0.012345,0.012408,0.012478,0.012555,0.012639,0.01273,0.012827,0.012931,0.013042,0.013158,0.013281,0.013409,0.013544,0.013684,0.013829,0.01398,0.014137,0.014298,0.014464,0.014635,0.014811,0.014991,0.015175,0.015364,0.015557,0.015754,0.015954,0.016158,0.016366,0.016577,0.016791,0.017008,0.017229,0.017452,0.017678,0.017907,0.018138,0.018371,0.018607,0.018846,0.019086,0.019328,0.019573,0.019819,0.020067,0.020317,0.020569,0.020822,0.021077,0.021333,0.021591,0.02185,0.022111,0.022373,0.022636,0.0229,0.023165,0.023432,0.023699,NaN,NaN,NaN,NaN,NaN,NaN,NaN,NaN,NaN,NaN,NaN,NaN,NaN,NaN,NaN,NaN,NaN,NaN,NaN,NaN,NaN,NaN,NaN,NaN,NaN,NaN,NaN,NaN,NaN,NaN,NaN,NaN,NaN,NaN,NaN,NaN,NaN,NaN,NaN,NaN,NaN,NaN,NaN,NaN,NaN,NaN,NaN,NaN,NaN,NaN,NaN,NaN,NaN,NaN,NaN,NaN,NaN,NaN,NaN,NaN,NaN,NaN,NaN,NaN,NaN,NaN,NaN,NaN,NaN,NaN,NaN,NaN,NaN,NaN,NaN,NaN,NaN,NaN,NaN,NaN,NaN,NaN,NaN,NaN,NaN,NaN,NaN,NaN,NaN,NaN,NaN,NaN,NaN,NaN,NaN,NaN,NaN,NaN,NaN,NaN,NaN,NaN,NaN,NaN,NaN,NaN,NaN,NaN,NaN,NaN,NaN,NaN,NaN,NaN,NaN
0.023542,0.023233,0.022935,0.022654,0.022387,0.022101,0.021828,0.021561,0.021302,0.02105,0.020806,0.020568,0.020337,0.020069,0.019839,0.019614,0.019393,0.019177,0.018965,0.018736,0.018525,0.018294,0.018084,0.017877,0.017605,0.017388,0.017173,0.016962,0.016754,0.016549,0.016347,0.016149,0.015934,0.015738,0.015546,0.015358,0.015173,0.014992,0.014815,0.014643,0.014474,0.01431,0.01415,0.013995,0.013845,0.013699,0.013558,0.013423,0.013293,0.013168,0.013048,0.012935,0.012827,0.012725,0.01263,0.012554,0.012469,0.01239,0.012317,0.01233,0.012281,0.012216,0.012159,0.012109,0.012066,0.01203,0.012002,0.011982,0.011969,0.011963,0.011966,0.011975,0.011992,0.012017,0.012049,0.012088,0.012135,0.012189,0.01225,0.012318,0.012393,0.012475,0.012563,0.012658,0.012759,0.012867,0.01298,0.0131,0.013225,0.013357,0.013493,0.013635,0.013782,0.013935,0.014092,0.014254,0.014421,0.014592,0.014767,0.014947,0.015131,0.015319,0.01551,0.015706,0.015904,0.016107,0.016312,0.016521,0.016732,0.016947,0.017164,0.017385,0.017607,0.017832,0.01806,0.01829,0.018522,0.018756,0.018992,0.01923,0.01947,0.019712,0.019956,0.020201,0.020448,0.020696,0.020946,0.021198,0.02145,0.021705,0.02196,0.022217,0.022474,0.022733,0.022993,0.023254,0.023517,NaN,NaN,NaN,NaN,NaN,NaN,NaN,NaN,NaN,NaN,NaN,NaN,NaN,NaN,NaN,NaN,NaN,NaN,NaN,NaN,NaN,NaN,NaN,NaN,NaN,NaN,NaN,NaN,NaN,NaN,NaN,NaN,NaN,NaN,NaN,NaN,NaN,NaN,NaN,NaN,NaN,NaN,NaN,NaN,NaN,NaN,NaN,NaN,NaN,NaN,NaN,NaN,NaN,NaN,NaN,NaN,NaN,NaN,NaN,NaN,NaN,NaN,NaN,NaN,NaN,NaN,NaN,NaN,NaN,NaN,NaN,NaN,NaN,NaN,NaN,NaN,NaN,NaN,NaN,NaN,NaN,NaN,NaN,NaN,NaN,NaN,NaN,NaN,NaN,NaN,NaN,NaN,NaN,NaN,NaN,NaN,NaN,NaN,NaN,NaN,NaN,NaN,NaN,NaN,NaN,NaN,NaN,NaN,NaN,NaN,NaN,NaN,NaN,NaN
0.023293,0.023015,0.022739,0.022467,0.022198,0.021933,0.021674,0.021422,0.021176,0.020938,0.020706,0.020479,0.020256,0.020036,0.019776,0.019552,0.0193,0.019042,0.018809,0.018578,0.018349,0.018122,0.017897,0.017675,0.017456,0.017238,0.017024,0.016812,0.016603,0.016397,0.016195,0.015995,0.015798,0.015605,0.015416,0.015229,0.015047,0.014868,0.014693,0.014522,0.014355,0.014193,0.014034,0.01388,0.013731,0.013586,0.013446,0.013311,0.013182,0.013057,0.012938,0.012824,0.012716,0.012614,0.012518,0.012428,0.012345,0.012267,0.012231,0.012228,0.012155,0.01209,0.012031,0.01198,0.011936,0.011899,0.011869,0.011847,0.011833,0.011826,0.011826,0.011834,0.01185,0.011873,0.011904,0.011943,0.011989,0.012042,0.012103,0.012171,0.012246,0.012327,0.012416,0.012511,0.012613,0.012721,0.012835,0.012954,0.01308,0.013211,0.013348,0.01349,0.013637,0.013789,0.013991,0.014142,0.014297,0.014457,0.014622,0.01479,0.014963,0.015139,0.015319,0.015503,0.015691,0.015882,0.016076,0.016274,0.016475,0.016679,0.016886,0.017096,0.017309,0.017526,0.017745,0.017966,0.018191,0.018418,0.018647,0.018879,0.019114,0.01935,0.019589,0.01983,0.020072,0.020317,0.020563,0.020811,0.021061,0.021312,0.021564,0.021818,0.022073,0.02233,0.022587,0.022846,0.023106,0.023367,NaN,NaN,NaN,NaN,NaN,NaN,NaN,NaN,NaN,NaN,NaN,NaN,NaN,NaN,NaN,NaN,NaN,NaN,NaN,NaN,NaN,NaN,NaN,NaN,NaN,NaN,NaN,NaN,NaN,NaN,NaN,NaN,NaN,NaN,NaN,NaN,NaN,NaN,NaN,NaN,NaN,NaN,NaN,NaN,NaN,NaN,NaN,NaN,NaN,NaN,NaN,NaN,NaN,NaN,NaN,NaN,NaN,NaN,NaN,NaN,NaN,NaN,NaN,NaN,NaN,NaN,NaN,NaN,NaN,NaN,NaN,NaN,NaN,NaN,NaN,NaN,NaN,NaN,NaN,NaN,NaN,NaN,NaN,NaN,NaN,NaN,NaN,NaN,NaN,NaN,NaN,NaN,NaN,NaN,NaN,NaN,NaN,NaN,NaN,NaN,NaN,NaN,NaN,NaN,NaN,NaN,NaN,NaN,NaN,NaN,NaN,NaN,NaN
0.023377,0.023053,0.022743,0.022456,0.022191,0.021918,0.021668,0.021433,0.021211,0.020917,0.020694,0.02048,0.020228,0.020014,0.019805,0.019562,0.019351,0.019112,0.018872,0.018654,0.018416,0.018173,0.01795,0.017729,0.01751,0.017294,0.01708,0.016869,0.01666,0.016454,0.016251,0.016051,0.015854,0.01566,0.015469,0.015282,0.015098,0.014918,0.014741,0.014568,0.014399,0.014234,0.014073,0.013916,0.013764,0.013616,0.013473,0.013335,0.013201,0.013073,0.01295,0.012832,0.01272,0.012614,0.012513,0.012418,0.01233,0.012247,0.012171,0.012138,0.012089,0.012025,0.011968,0.011918,0.011875,0.011839,0.01181,0.011788,0.011773,0.011766,0.011766,0.011773,0.011787,0.011809,0.011869,0.011902,0.011942,0.011989,0.012043,0.012104,0.012171,0.012245,0.012325,0.012412,0.012505,0.012604,0.012709,0.01282,0.012936,0.013059,0.013186,0.013319,0.013456,0.013599,0.013747,0.013899,0.014056,0.014217,0.014382,0.014552,0.014725,0.014903,0.015084,0.015269,0.015457,0.015649,0.015844,0.016042,0.016243,0.016448,0.016655,0.016864,0.017077,0.017291,0.017509,0.017728,0.01795,0.018174,0.0184,0.018628,0.018858,0.01909,0.019324,0.019559,0.019796,0.020035,0.020275,0.020516,0.020759,0.021004,0.021249,0.021496,0.021744,0.021994,0.022244,0.022495,0.022748,0.023002,0.023256,NaN,NaN,NaN,NaN,NaN,NaN,NaN,NaN,NaN,NaN,NaN,NaN,NaN,NaN,NaN,NaN,NaN,NaN,NaN,NaN,NaN,NaN,NaN,NaN,NaN,NaN,NaN,NaN,NaN,NaN,NaN,NaN,NaN,NaN,NaN,NaN,NaN,NaN,NaN,NaN,NaN,NaN,NaN,NaN,NaN,NaN,NaN,NaN,NaN,NaN,NaN,NaN,NaN,NaN,NaN,NaN,NaN,NaN,NaN,NaN,NaN,NaN,NaN,NaN,NaN,NaN,NaN,NaN,NaN,NaN,NaN,NaN,NaN,NaN,NaN,NaN,NaN,NaN,NaN,NaN,NaN,NaN,NaN,NaN,NaN,NaN,NaN,NaN,NaN,NaN,NaN,NaN,NaN,NaN,NaN,NaN,NaN,NaN,NaN,NaN,NaN,NaN,NaN,NaN,NaN,NaN,NaN,NaN,NaN,NaN,NaN,NaN
0.023755,0.023401,0.023077,0.0228,0.022556,0.022254,0.021981,0.021721,0.021472,0.021233,0.021004,0.020784,0.020484,0.020255,0.020031,0.019812,0.019598,0.019388,0.019156,0.018906,0.018667,0.018446,0.018229,0.018016,0.017805,0.017598,0.017394,0.017179,0.016961,0.016758,0.01656,0.016364,0.016173,0.015985,0.0158,0.01562,0.015443,0.015271,0.015089,0.014921,0.014757,0.014597,0.014442,0.014291,0.014144,0.014002,0.013862,0.013726,0.013596,0.01347,0.01335,0.013236,0.013126,0.013023,0.012925,0.012833,0.012762,0.01268,0.012621,0.012664,0.012603,0.012526,0.012456,0.012393,0.012336,0.012287,0.012244,0.012209,0.012181,0.01216,0.012147,0.012141,0.012142,0.01215,0.012166,0.012189,0.012219,0.012256,0.0123,0.012352,0.01241,0.012475,0.012546,0.012625,0.01271,0.012801,0.012898,0.013002,0.013111,0.013227,0.013348,0.013475,0.013607,0.013745,0.013888,0.014036,0.014189,0.014347,0.014509,0.014677,0.014848,0.015024,0.015204,0.015388,0.015576,0.015767,0.015962,0.016161,0.016363,0.016568,0.016777,0.016988,0.017202,0.017419,0.017639,0.017861,0.018085,0.018312,0.018542,0.018773,0.019007,0.019242,0.01948,0.019719,0.01996,0.020203,0.020447,0.020693,0.020941,0.02119,0.02144,0.021692,0.021945,0.022199,0.022455,0.022712,0.022969,0.023228,0.023488,0.02375,NaN,NaN,NaN,NaN,NaN,NaN,NaN,NaN,NaN,NaN,NaN,NaN,NaN,NaN,NaN,NaN,NaN,NaN,NaN,NaN,NaN,NaN,NaN,NaN,NaN,NaN,NaN,NaN,NaN,NaN,NaN,NaN,NaN,NaN,NaN,NaN,NaN,NaN,NaN,NaN,NaN,NaN,NaN,NaN,NaN,NaN,NaN,NaN,NaN,NaN,NaN,NaN,NaN,NaN,NaN,NaN,NaN,NaN,NaN,NaN,NaN,NaN,NaN,NaN,NaN,NaN,NaN,NaN,NaN,NaN,NaN,NaN,NaN,NaN,NaN,NaN,NaN,NaN,NaN,NaN,NaN,NaN,NaN,NaN,NaN,NaN,NaN,NaN,NaN,NaN,NaN,NaN,NaN,NaN,NaN,NaN,NaN,NaN,NaN,NaN,NaN,NaN,NaN,NaN,NaN,NaN,NaN,NaN,NaN,NaN,NaN
0.023872,0.023544,0.023229,0.022932,0.022649,0.022351,0.022068,0.021795,0.021535,0.021288,0.021053,0.020829,0.020616,0.02041,0.020169,0.019967,0.019741,0.019511,0.019282,0.019014,0.018793,0.018575,0.01836,0.018149,0.017919,0.01769,0.017478,0.01727,0.017065,0.016864,0.016667,0.016473,0.016282,0.016096,0.015897,0.015713,0.015533,0.015357,0.015185,0.015017,0.014854,0.014694,0.014539,0.014389,0.014243,0.014102,0.013965,0.013837,0.013707,0.013587,0.013466,0.013349,0.013238,0.013133,0.013034,0.01294,0.012853,0.012789,0.012747,0.012748,0.012699,0.012621,0.01255,0.012486,0.012429,0.012399,0.012354,0.012316,0.012285,0.012262,0.012246,0.012237,0.012236,0.012243,0.012257,0.012279,0.012308,0.012345,0.012389,0.01244,0.01253,0.01259,0.012656,0.01273,0.012811,0.012898,0.013034,0.013128,0.013229,0.013336,0.013449,0.013569,0.013695,0.013827,0.014014,0.014143,0.014279,0.014422,0.014571,0.014727,0.01489,0.01506,0.015237,0.015421,0.015612,0.015809,0.016011,0.016218,0.01643,0.016646,0.016865,0.017106,0.017299,0.017495,0.017695,0.017897,0.018103,0.018313,0.018525,0.018741,0.01896,0.019183,0.019409,0.019639,0.019873,0.020111,0.020353,0.020599,0.020848,0.0211,0.021356,0.021615,0.021877,0.02214,0.022407,0.022675,0.022945,0.023216,0.023489,0.023764,0.02404,NaN,NaN,NaN,NaN,NaN,NaN,NaN,NaN,NaN,NaN,NaN,NaN,NaN,NaN,NaN,NaN,NaN,NaN,NaN,NaN,NaN,NaN,NaN,NaN,NaN,NaN,NaN,NaN,NaN,NaN,NaN,NaN,NaN,NaN,NaN,NaN,NaN,NaN,NaN,NaN,NaN,NaN,NaN,NaN,NaN,NaN,NaN,NaN,NaN,NaN,NaN,NaN,NaN,NaN,NaN,NaN,NaN,NaN,NaN,NaN,NaN,NaN,NaN,NaN,NaN,NaN,NaN,NaN,NaN,NaN,NaN,NaN,NaN,NaN,NaN,NaN,NaN,NaN,NaN,NaN,NaN,NaN,NaN,NaN,NaN,NaN,NaN,NaN,NaN,NaN,NaN,NaN,NaN,NaN,NaN,NaN,NaN,NaN,NaN,NaN,NaN,NaN,NaN,NaN,NaN,NaN,NaN,NaN,NaN,NaN
0.0244,0.024011,0.023637,0.023285,0.022953,0.022615,0.022301,0.022006,0.021729,0.021467,0.02122,0.020933,0.020611,0.020362,0.020122,0.019855,0.019622,0.019398,0.019181,0.018911,0.018691,0.018477,0.018246,0.018042,0.017822,0.017626,0.017405,0.017214,0.01703,0.016854,0.016684,0.016522,0.016346,0.016192,0.016045,0.015905,0.015743,0.015607,0.015477,0.015354,0.015236,0.015119,0.015009,0.014901,0.014798,0.0147,0.014609,0.014515,0.01443,0.014344,0.014265,0.014191,0.014133,0.014069,0.014012,0.013989,0.013972,0.013992,0.014088,0.014398,0.014447,0.014325,0.014212,0.014106,0.014008,0.013918,0.013837,0.013765,0.013702,0.013649,0.013633,0.013596,0.013598,0.013577,0.013565,0.013562,0.013568,0.013582,0.013605,0.013712,0.013721,0.013831,0.013838,0.013855,0.013881,0.013957,0.014043,0.014134,0.014195,0.014267,0.01435,0.014443,0.014594,0.014695,0.01482,0.014896,0.01498,0.015074,0.015178,0.015345,0.015466,0.015599,0.015746,0.015905,0.016077,0.016261,0.016455,0.016659,0.016871,0.017091,0.017318,0.017572,0.017754,0.017942,0.018137,0.018337,0.018544,0.018756,0.018975,0.0192,0.019431,0.019668,0.019912,0.020162,0.020418,0.020681,0.020951,0.021226,0.021508,0.021796,0.022089,0.022387,0.02269,0.022996,0.023307,0.02362,0.023937,0.024256,0.024578,0.024902,0.025228,0.025556,NaN,NaN,NaN,NaN,NaN,NaN,NaN,NaN,NaN,NaN,NaN,NaN,NaN,NaN,NaN,NaN,NaN,NaN,NaN,NaN,NaN,NaN,NaN,NaN,NaN,NaN,NaN,NaN,NaN,NaN,NaN,NaN,NaN,NaN,NaN,NaN,NaN,NaN,NaN,NaN,NaN,NaN,NaN,NaN,NaN,NaN,NaN,NaN,NaN,NaN,NaN,NaN,NaN,NaN,NaN,NaN,NaN,NaN,NaN,NaN,NaN,NaN,NaN,NaN,NaN,NaN,NaN,NaN,NaN,NaN,NaN,NaN,NaN,NaN,NaN,NaN,NaN,NaN,NaN,NaN,NaN,NaN,NaN,NaN,NaN,NaN,NaN,NaN,NaN,NaN,NaN,NaN,NaN,NaN,NaN,NaN,NaN,NaN,NaN,NaN,NaN,NaN,NaN,NaN,NaN,NaN,NaN,NaN,NaN
0.024133,0.023787,0.023445,0.02311,0.022783,0.022468,0.022167,0.021881,0.021612,0.021358,0.021119,0.020892,0.020634,0.020376,0.020114,0.019892,0.019678,0.01947,0.019242,0.019018,0.018751,0.018535,0.018298,0.018086,0.017857,0.017651,0.017433,0.017233,0.017038,0.016849,0.016666,0.016488,0.016316,0.016149,0.015988,0.015817,0.015662,0.015513,0.015369,0.01523,0.015088,0.014955,0.014828,0.014705,0.014588,0.014475,0.014369,0.014267,0.014171,0.014091,0.014001,0.013928,0.013841,0.013751,0.013683,0.013639,0.013576,0.013539,0.013615,0.013805,0.013836,0.013727,0.013625,0.013531,0.013444,0.013365,0.013293,0.013252,0.013193,0.013168,0.013123,0.013086,0.013057,0.013036,0.013023,0.013019,0.013024,0.013036,0.013057,0.013137,0.013213,0.013233,0.013261,0.013298,0.013344,0.013399,0.013543,0.013612,0.013692,0.013781,0.013879,0.013985,0.014099,0.01422,0.014341,0.014439,0.014531,0.014631,0.014739,0.014855,0.014981,0.015118,0.015266,0.015426,0.015597,0.015778,0.015968,0.016166,0.016372,0.016584,0.016802,0.017023,0.017212,0.017406,0.017605,0.017808,0.018016,0.018228,0.018445,0.018666,0.018892,0.019122,0.019356,0.019595,0.019838,0.020085,0.020337,0.020593,0.020853,0.021118,0.021386,0.021657,0.021932,0.02221,0.02249,0.022774,0.023059,0.023346,0.023636,0.023927,0.02422,0.024515,0.024811,NaN,NaN,NaN,NaN,NaN,NaN,NaN,NaN,NaN,NaN,NaN,NaN,NaN,NaN,NaN,NaN,NaN,NaN,NaN,NaN,NaN,NaN,NaN,NaN,NaN,NaN,NaN,NaN,NaN,NaN,NaN,NaN,NaN,NaN,NaN,NaN,NaN,NaN,NaN,NaN,NaN,NaN,NaN,NaN,NaN,NaN,NaN,NaN,NaN,NaN,NaN,NaN,NaN,NaN,NaN,NaN,NaN,NaN,NaN,NaN,NaN,NaN,NaN,NaN,NaN,NaN,NaN,NaN,NaN,NaN,NaN,NaN,NaN,NaN,NaN,NaN,NaN,NaN,NaN,NaN,NaN,NaN,NaN,NaN,NaN,NaN,NaN,NaN,NaN,NaN,NaN,NaN,NaN,NaN,NaN,NaN,NaN,NaN,NaN,NaN,NaN,NaN,NaN,NaN,NaN,NaN,NaN,NaN
0.023962,0.023593,0.023255,0.022966,0.022713,0.022407,0.022131,0.021869,0.02162,0.021383,0.021091,0.020858,0.020634,0.020374,0.020153,0.019938,0.019727,0.019491,0.019283,0.019036,0.018781,0.018536,0.018313,0.018093,0.017878,0.017666,0.017459,0.017256,0.017057,0.016863,0.016673,0.016488,0.016308,0.016133,0.015947,0.015776,0.015609,0.015448,0.015291,0.015138,0.014991,0.014848,0.01471,0.014576,0.014448,0.014324,0.014205,0.014091,0.013983,0.013879,0.013786,0.013696,0.013603,0.013516,0.013433,0.013357,0.013287,0.013254,0.013259,0.013341,0.013377,0.013287,0.013203,0.013126,0.013073,0.013025,0.012962,0.012928,0.0129,0.012852,0.012811,0.012777,0.01275,0.01273,0.012717,0.012711,0.012711,0.012719,0.012757,0.012775,0.012799,0.012831,0.012869,0.012914,0.012966,0.013069,0.013127,0.013192,0.013264,0.013342,0.013427,0.013518,0.013616,0.01372,0.013871,0.013985,0.014105,0.014231,0.014364,0.014504,0.014649,0.014801,0.014958,0.015121,0.01529,0.015464,0.015642,0.015826,0.016015,0.016208,0.016405,0.01661,0.016806,0.017005,0.017208,0.017415,0.017625,0.017839,0.018057,0.018278,0.018502,0.018729,0.018959,0.019193,0.019429,0.019668,0.019911,0.020155,0.020403,0.020653,0.020906,0.021161,0.021418,0.021677,0.021938,0.022201,0.022466,0.022732,0.023,0.02327,0.02354,0.023812,0.024086,0.02436,NaN,NaN,NaN,NaN,NaN,NaN,NaN,NaN,NaN,NaN,NaN,NaN,NaN,NaN,NaN,NaN,NaN,NaN,NaN,NaN,NaN,NaN,NaN,NaN,NaN,NaN,NaN,NaN,NaN,NaN,NaN,NaN,NaN,NaN,NaN,NaN,NaN,NaN,NaN,NaN,NaN,NaN,NaN,NaN,NaN,NaN,NaN,NaN,NaN,NaN,NaN,NaN,NaN,NaN,NaN,NaN,NaN,NaN,NaN,NaN,NaN,NaN,NaN,NaN,NaN,NaN,NaN,NaN,NaN,NaN,NaN,NaN,NaN,NaN,NaN,NaN,NaN,NaN,NaN,NaN,NaN,NaN,NaN,NaN,NaN,NaN,NaN,NaN,NaN,NaN,NaN,NaN,NaN,NaN,NaN,NaN,NaN,NaN,NaN,NaN,NaN,NaN,NaN,NaN,NaN,NaN,NaN
0.023853,0.023489,0.023148,0.022841,0.022562,0.02225,0.021966,0.021699,0.021448,0.021211,0.020989,0.020725,0.020469,0.020253,0.020046,0.019809,0.019605,0.019407,0.019187,0.018928,0.018675,0.018457,0.018244,0.018034,0.017806,0.01758,0.017373,0.01717,0.016972,0.016779,0.01659,0.016407,0.016228,0.016054,0.015884,0.01572,0.01556,0.015406,0.015256,0.01511,0.01497,0.014834,0.014702,0.014576,0.014454,0.014336,0.014221,0.01411,0.014005,0.013904,0.013809,0.013718,0.013633,0.013553,0.013488,0.013441,0.013383,0.013329,0.013346,0.013435,0.013506,0.013401,0.013302,0.013209,0.013122,0.013043,0.01297,0.012905,0.012847,0.01282,0.012775,0.012738,0.012709,0.012687,0.012704,0.012695,0.01272,0.012724,0.012735,0.012753,0.012807,0.012836,0.01285,0.012884,0.012924,0.012971,0.013025,0.013085,0.013152,0.013224,0.013304,0.013389,0.013481,0.013578,0.013682,0.013792,0.013907,0.014029,0.014156,0.014288,0.014426,0.01457,0.014719,0.014873,0.015032,0.015197,0.015366,0.01554,0.015719,0.015902,0.016089,0.016281,0.016478,0.016678,0.016882,0.017089,0.017301,0.017516,0.017734,0.017955,0.018179,0.018406,0.018636,0.018869,0.019104,0.019342,0.019582,0.019824,0.020068,0.020315,0.020563,0.020813,0.021065,0.021319,0.021574,0.021831,0.022089,0.022349,0.02261,0.022873,0.023137,0.023402,0.023668,0.023935,0.024204,NaN,NaN,NaN,NaN,NaN,NaN,NaN,NaN,NaN,NaN,NaN,NaN,NaN,NaN,NaN,NaN,NaN,NaN,NaN,NaN,NaN,NaN,NaN,NaN,NaN,NaN,NaN,NaN,NaN,NaN,NaN,NaN,NaN,NaN,NaN,NaN,NaN,NaN,NaN,NaN,NaN,NaN,NaN,NaN,NaN,NaN,NaN,NaN,NaN,NaN,NaN,NaN,NaN,NaN,NaN,NaN,NaN,NaN,NaN,NaN,NaN,NaN,NaN,NaN,NaN,NaN,NaN,NaN,NaN,NaN,NaN,NaN,NaN,NaN,NaN,NaN,NaN,NaN,NaN,NaN,NaN,NaN,NaN,NaN,NaN,NaN,NaN,NaN,NaN,NaN,NaN,NaN,NaN,NaN,NaN,NaN,NaN,NaN,NaN,NaN,NaN,NaN,NaN,NaN,NaN,NaN
0.024139,0.023752,0.023387,0.023056,0.022751,0.022412,0.022098,0.0218,0.021519,0.021255,0.02101,0.020782,0.020526,0.020314,0.020114,0.019923,0.019741,0.019536,0.019284,0.019032,0.018745,0.018502,0.018281,0.018067,0.017858,0.017655,0.017458,0.017253,0.017064,0.016881,0.016705,0.016534,0.01637,0.016212,0.01606,0.015914,0.015773,0.015638,0.015509,0.015385,0.015266,0.015153,0.015045,0.014942,0.014845,0.014745,0.01465,0.014541,0.014439,0.014343,0.014253,0.014175,0.014095,0.014023,0.013989,0.013935,0.013901,0.013855,0.013948,0.014183,0.014197,0.014077,0.013946,0.013824,0.013709,0.013604,0.013508,0.013422,0.013348,0.013286,0.013235,0.013196,0.013195,0.013174,0.013163,0.013162,0.013169,0.013184,0.013207,0.013235,0.013225,0.013256,0.013263,0.013278,0.0133,0.013328,0.013402,0.013442,0.013488,0.013542,0.013602,0.01367,0.013744,0.013826,0.013962,0.014048,0.014141,0.014241,0.01435,0.014466,0.014591,0.014724,0.014866,0.015017,0.015175,0.015341,0.015514,0.015693,0.015879,0.01607,0.016271,0.01645,0.016633,0.016822,0.017015,0.017213,0.017416,0.017623,0.017834,0.018049,0.018269,0.018492,0.018719,0.01895,0.019185,0.019423,0.019666,0.019911,0.020161,0.020413,0.020669,0.020928,0.021189,0.021454,0.021721,0.02199,0.022261,0.022535,0.022811,0.023088,0.023367,0.023648,0.023931,0.024215,0.0245,0.024786,NaN,NaN,NaN,NaN,NaN,NaN,NaN,NaN,NaN,NaN,NaN,NaN,NaN,NaN,NaN,NaN,NaN,NaN,NaN,NaN,NaN,NaN,NaN,NaN,NaN,NaN,NaN,NaN,NaN,NaN,NaN,NaN,NaN,NaN,NaN,NaN,NaN,NaN,NaN,NaN,NaN,NaN,NaN,NaN,NaN,NaN,NaN,NaN,NaN,NaN,NaN,NaN,NaN,NaN,NaN,NaN,NaN,NaN,NaN,NaN,NaN,NaN,NaN,NaN,NaN,NaN,NaN,NaN,NaN,NaN,NaN,NaN,NaN,NaN,NaN,NaN,NaN,NaN,NaN,NaN,NaN,NaN,NaN,NaN,NaN,NaN,NaN,NaN,NaN,NaN,NaN,NaN,NaN,NaN,NaN,NaN,NaN,NaN,NaN,NaN,NaN,NaN,NaN,NaN,NaN
0.025027,0.024483,0.023975,0.023521,0.02311,0.022657,0.022241,0.021852,0.021494,0.021168,0.020874,0.020559,0.020268,0.020035,0.019826,0.019638,0.019469,0.019289,0.018999,0.01875,0.018468,0.018274,0.018068,0.017842,0.017648,0.017464,0.017291,0.0171,0.016951,0.016814,0.01669,0.016562,0.016458,0.016331,0.016178,0.01608,0.015978,0.015898,0.015826,0.015754,0.015698,0.015651,0.015612,0.015581,0.015558,0.015548,0.015621,0.015565,0.015539,0.015556,0.015614,0.015534,0.015536,0.015545,0.015584,0.015627,0.015734,0.015873,0.01613,0.016737,0.017221,0.017035,0.016873,0.016703,0.01656,0.016408,0.01633,0.016215,0.016089,0.016002,0.015926,0.015834,0.015754,0.015815,0.015764,0.015692,0.015629,0.015577,0.015536,0.015553,0.015568,0.015511,0.015432,0.015364,0.015309,0.01542,0.015374,0.015339,0.015315,0.015302,0.015299,0.015307,0.015326,0.015355,0.015439,0.015519,0.015507,0.015508,0.015523,0.015554,0.0156,0.015666,0.01575,0.015856,0.015981,0.016126,0.016287,0.016465,0.016656,0.01686,0.017076,0.0173,0.017474,0.017636,0.017808,0.017989,0.018178,0.018377,0.018584,0.018799,0.019023,0.019255,0.019495,0.019743,0.019999,0.020263,0.020535,0.020815,0.021103,0.021399,0.021703,0.022013,0.02233,0.022654,0.022984,0.023319,0.023659,0.024004,0.024353,0.024706,0.025063,0.025423,0.025785,0.026151,0.026519,0.02689,0.027263,NaN,NaN,NaN,NaN,NaN,NaN,NaN,NaN,NaN,NaN,NaN,NaN,NaN,NaN,NaN,NaN,NaN,NaN,NaN,NaN,NaN,NaN,NaN,NaN,NaN,NaN,NaN,NaN,NaN,NaN,NaN,NaN,NaN,NaN,NaN,NaN,NaN,NaN,NaN,NaN,NaN,NaN,NaN,NaN,NaN,NaN,NaN,NaN,NaN,NaN,NaN,NaN,NaN,NaN,NaN,NaN,NaN,NaN,NaN,NaN,NaN,NaN,NaN,NaN,NaN,NaN,NaN,NaN,NaN,NaN,NaN,NaN,NaN,NaN,NaN,NaN,NaN,NaN,NaN,NaN,NaN,NaN,NaN,NaN,NaN,NaN,NaN,NaN,NaN,NaN,NaN,NaN,NaN,NaN,NaN,NaN,NaN,NaN,NaN,NaN,NaN,NaN,NaN,NaN
0.025338,0.024732,0.024165,0.023665,0.023235,0.022836,0.022361,0.021878,0.021527,0.021211,0.020861,0.020592,0.020308,0.019999,0.019776,0.019504,0.019306,0.019099,0.018856,0.018666,0.018444,0.018219,0.01803,0.017875,0.01769,0.017535,0.017373,0.017192,0.017047,0.016907,0.016796,0.016698,0.016612,0.016466,0.016322,0.016187,0.016094,0.016012,0.015926,0.015858,0.015773,0.015712,0.015654,0.015606,0.015567,0.015535,0.015513,0.015494,0.015483,0.015483,0.015489,0.015507,0.015523,0.015554,0.015591,0.015697,0.015788,0.015956,0.016203,0.01683,0.017029,0.016844,0.016669,0.016503,0.016349,0.016206,0.016076,0.01596,0.015859,0.015774,0.015747,0.015684,0.015662,0.015651,0.015651,0.015629,0.015618,0.015617,0.015604,0.015827,0.015999,0.015985,0.01588,0.015786,0.015768,0.015735,0.015856,0.015764,0.015684,0.015615,0.015558,0.015514,0.015485,0.015467,0.015588,0.01561,0.015592,0.015594,0.015616,0.015659,0.015785,0.015856,0.015953,0.016074,0.01622,0.01639,0.016584,0.016799,0.017031,0.017279,0.017538,0.017759,0.017869,0.017976,0.018093,0.01822,0.018357,0.018505,0.018662,0.018829,0.019007,0.019195,0.019393,0.019603,0.019824,0.020056,0.0203,0.020556,0.020824,0.021105,0.021397,0.021701,0.022017,0.022343,0.022678,0.023023,0.023376,0.023736,0.024103,0.024476,0.024854,0.025238,0.025625,0.026017,0.026413,0.026812,0.027214,0.027619,NaN,NaN,NaN,NaN,NaN,NaN,NaN,NaN,NaN,NaN,NaN,NaN,NaN,NaN,NaN,NaN,NaN,NaN,NaN,NaN,NaN,NaN,NaN,NaN,NaN,NaN,NaN,NaN,NaN,NaN,NaN,NaN,NaN,NaN,NaN,NaN,NaN,NaN,NaN,NaN,NaN,NaN,NaN,NaN,NaN,NaN,NaN,NaN,NaN,NaN,NaN,NaN,NaN,NaN,NaN,NaN,NaN,NaN,NaN,NaN,NaN,NaN,NaN,NaN,NaN,NaN,NaN,NaN,NaN,NaN,NaN,NaN,NaN,NaN,NaN,NaN,NaN,NaN,NaN,NaN,NaN,NaN,NaN,NaN,NaN,NaN,NaN,NaN,NaN,NaN,NaN,NaN,NaN,NaN,NaN,NaN,NaN,NaN,NaN,NaN,NaN,NaN,NaN
0.02533,0.02476,0.024209,0.023686,0.023189,0.022692,0.022228,0.021795,0.021394,0.021026,0.020691,0.020336,0.020008,0.019697,0.019446,0.019221,0.019021,0.018815,0.018577,0.018318,0.018085,0.017871,0.017712,0.017544,0.017417,0.01723,0.017103,0.016961,0.016867,0.016789,0.016728,0.016684,0.016612,0.016465,0.016342,0.016259,0.016195,0.016138,0.016079,0.016037,0.016011,0.015987,0.015974,0.01597,0.015971,0.015979,0.015993,0.01602,0.016034,0.016058,0.016074,0.016092,0.016132,0.016163,0.016245,0.016345,0.016462,0.016614,0.0172,0.018015,0.018429,0.018172,0.01793,0.017705,0.017497,0.017326,0.017157,0.017011,0.016891,0.016796,0.016751,0.016702,0.016702,0.016694,0.016732,0.016757,0.016797,0.016793,0.016923,0.017183,0.01733,0.017284,0.01728,0.01718,0.017123,0.017049,0.017082,0.016961,0.016853,0.016748,0.016662,0.016627,0.01657,0.016543,0.016607,0.016624,0.016544,0.016486,0.016452,0.016443,0.016459,0.016504,0.016576,0.016678,0.016807,0.01696,0.017135,0.01733,0.017542,0.017771,0.018044,0.018259,0.018326,0.018397,0.018472,0.01856,0.018661,0.018775,0.018902,0.019043,0.019197,0.019364,0.019546,0.019741,0.019951,0.020176,0.020416,0.020672,0.020943,0.02123,0.021532,0.02185,0.022182,0.022529,0.022888,0.023259,0.023641,0.024034,0.024435,0.024844,0.025261,0.025685,0.026114,0.02655,0.02699,0.027434,0.027883,0.028335,0.028791,NaN,NaN,NaN,NaN,NaN,NaN,NaN,NaN,NaN,NaN,NaN,NaN,NaN,NaN,NaN,NaN,NaN,NaN,NaN,NaN,NaN,NaN,NaN,NaN,NaN,NaN,NaN,NaN,NaN,NaN,NaN,NaN,NaN,NaN,NaN,NaN,NaN,NaN,NaN,NaN,NaN,NaN,NaN,NaN,NaN,NaN,NaN,NaN,NaN,NaN,NaN,NaN,NaN,NaN,NaN,NaN,NaN,NaN,NaN,NaN,NaN,NaN,NaN,NaN,NaN,NaN,NaN,NaN,NaN,NaN,NaN,NaN,NaN,NaN,NaN,NaN,NaN,NaN,NaN,NaN,NaN,NaN,NaN,NaN,NaN,NaN,NaN,NaN,NaN,NaN,NaN,NaN,NaN,NaN,NaN,NaN,NaN,NaN,NaN,NaN,NaN,NaN
0.025242,0.024629,0.024062,0.023567,0.023129,0.02263,0.02219,0.021789,0.021428,0.021105,0.020817,0.020562,0.020168,0.019837,0.019596,0.019378,0.019153,0.01891,0.018733,0.018428,0.018186,0.018003,0.017839,0.01764,0.017474,0.017342,0.017209,0.01706,0.016958,0.01685,0.016773,0.016711,0.016621,0.016489,0.016354,0.016257,0.016193,0.016125,0.01604,0.015982,0.015931,0.015897,0.015869,0.015845,0.015824,0.015812,0.015814,0.015823,0.015838,0.015838,0.015851,0.015861,0.015872,0.015907,0.015949,0.016031,0.016177,0.016355,0.016704,0.01745,0.017539,0.017328,0.017129,0.016968,0.016787,0.016662,0.0165,0.016377,0.016275,0.016172,0.016116,0.016082,0.016044,0.016055,0.016054,0.016069,0.016098,0.016157,0.016221,0.016315,0.016512,0.016386,0.016289,0.016228,0.016114,0.016111,0.016236,0.016125,0.016029,0.015947,0.015879,0.015826,0.015787,0.015739,0.015733,0.01574,0.015707,0.015693,0.015799,0.015798,0.015818,0.015862,0.015929,0.016023,0.016143,0.016288,0.016456,0.016645,0.016852,0.017074,0.017313,0.017495,0.017582,0.017671,0.017772,0.017882,0.018004,0.018136,0.01828,0.018433,0.018598,0.018774,0.01896,0.019158,0.019367,0.019587,0.019819,0.020063,0.020319,0.020587,0.020867,0.021159,0.021462,0.021776,0.022101,0.022435,0.022779,0.02313,0.023489,0.023855,0.024227,0.024604,0.024987,0.025374,0.025766,0.026161,0.026561,0.026963,0.027368,0.027777,NaN,NaN,NaN,NaN,NaN,NaN,NaN,NaN,NaN,NaN,NaN,NaN,NaN,NaN,NaN,NaN,NaN,NaN,NaN,NaN,NaN,NaN,NaN,NaN,NaN,NaN,NaN,NaN,NaN,NaN,NaN,NaN,NaN,NaN,NaN,NaN,NaN,NaN,NaN,NaN,NaN,NaN,NaN,NaN,NaN,NaN,NaN,NaN,NaN,NaN,NaN,NaN,NaN,NaN,NaN,NaN,NaN,NaN,NaN,NaN,NaN,NaN,NaN,NaN,NaN,NaN,NaN,NaN,NaN,NaN,NaN,NaN,NaN,NaN,NaN,NaN,NaN,NaN,NaN,NaN,NaN,NaN,NaN,NaN,NaN,NaN,NaN,NaN,NaN,NaN,NaN,NaN,NaN,NaN,NaN,NaN,NaN,NaN,NaN,NaN,NaN
0.025781,0.025095,0.024441,0.023833,0.023265,0.022684,0.022148,0.021656,0.021212,0.020818,0.020475,0.02018,0.019888,0.019581,0.01938,0.019177,0.018915,0.018774,0.01853,0.018305,0.018056,0.017861,0.017679,0.01756,0.017422,0.017316,0.017193,0.017074,0.01701,0.016966,0.01692,0.016907,0.01689,0.016832,0.016576,0.01649,0.016412,0.016338,0.0163,0.016275,0.016262,0.016255,0.016245,0.01624,0.016245,0.016261,0.016278,0.016313,0.016336,0.016359,0.016393,0.016424,0.016471,0.016518,0.016623,0.016687,0.016864,0.017053,0.017512,0.018276,0.01856,0.018346,0.018165,0.01797,0.017791,0.017645,0.017498,0.01737,0.017264,0.017223,0.017155,0.017108,0.01708,0.017226,0.017302,0.017289,0.017314,0.017367,0.017377,0.017566,0.017868,0.017771,0.017624,0.017569,0.017545,0.017545,0.017772,0.017619,0.017481,0.017358,0.017283,0.017189,0.01717,0.017108,0.017121,0.016979,0.016849,0.016781,0.016698,0.016643,0.01668,0.016669,0.016691,0.016747,0.016836,0.016959,0.017111,0.017291,0.017494,0.017718,0.01796,0.018068,0.01807,0.018111,0.018166,0.018235,0.018318,0.018415,0.018526,0.01865,0.018789,0.018943,0.019168,0.019345,0.019536,0.019742,0.019964,0.020201,0.020454,0.020723,0.021008,0.021308,0.021624,0.021956,0.022301,0.02266,0.023032,0.023415,0.023931,0.024451,0.024822,0.025205,0.025601,0.026013,0.026443,0.026892,0.02736,0.027843,0.028337,0.028841,0.029351,NaN,NaN,NaN,NaN,NaN,NaN,NaN,NaN,NaN,NaN,NaN,NaN,NaN,NaN,NaN,NaN,NaN,NaN,NaN,NaN,NaN,NaN,NaN,NaN,NaN,NaN,NaN,NaN,NaN,NaN,NaN,NaN,NaN,NaN,NaN,NaN,NaN,NaN,NaN,NaN,NaN,NaN,NaN,NaN,NaN,NaN,NaN,NaN,NaN,NaN,NaN,NaN,NaN,NaN,NaN,NaN,NaN,NaN,NaN,NaN,NaN,NaN,NaN,NaN,NaN,NaN,NaN,NaN,NaN,NaN,NaN,NaN,NaN,NaN,NaN,NaN,NaN,NaN,NaN,NaN,NaN,NaN,NaN,NaN,NaN,NaN,NaN,NaN,NaN,NaN,NaN,NaN,NaN,NaN,NaN,NaN,NaN,NaN,NaN,NaN
0.025966,0.025177,0.024465,0.023874,0.023378,0.022816,0.02216,0.02162,0.021123,0.020676,0.020278,0.019926,0.019565,0.019221,0.018902,0.01865,0.018371,0.018138,0.017853,0.017549,0.017279,0.017101,0.016898,0.016764,0.016634,0.016518,0.016447,0.016386,0.016361,0.016339,0.016337,0.016375,0.016376,0.016261,0.016111,0.016062,0.016032,0.016027,0.01605,0.01609,0.016137,0.016197,0.016263,0.016335,0.016413,0.016505,0.01661,0.016697,0.016804,0.016896,0.016986,0.017077,0.017207,0.017313,0.017495,0.017674,0.017975,0.01835,0.018952,0.020294,0.020724,0.02044,0.020137,0.01986,0.019596,0.0194,0.019205,0.019055,0.018951,0.018964,0.018987,0.019024,0.019041,0.019266,0.019477,0.019531,0.019649,0.019877,0.020126,0.020487,0.020889,0.02083,0.020827,0.020671,0.020572,0.02056,0.021016,0.020811,0.020542,0.020306,0.020093,0.019883,0.019714,0.01962,0.01985,0.019705,0.0193,0.018998,0.018745,0.018598,0.018407,0.018304,0.018298,0.018393,0.018589,0.018875,0.019238,0.019662,0.020136,0.02065,0.021152,0.02103,0.020871,0.020712,0.020572,0.02045,0.020347,0.020263,0.0202,0.020157,0.020136,0.020136,0.02016,0.020208,0.02028,0.02038,0.020506,0.020662,0.020848,0.021064,0.021313,0.021594,0.021906,0.02225,0.022721,0.02311,0.023527,0.02397,0.024436,0.024923,0.025431,0.025957,0.026501,0.02706,0.027635,0.028222,0.028822,0.029432,0.030051,0.030678,0.031312,0.031952,NaN,NaN,NaN,NaN,NaN,NaN,NaN,NaN,NaN,NaN,NaN,NaN,NaN,NaN,NaN,NaN,NaN,NaN,NaN,NaN,NaN,NaN,NaN,NaN,NaN,NaN,NaN,NaN,NaN,NaN,NaN,NaN,NaN,NaN,NaN,NaN,NaN,NaN,NaN,NaN,NaN,NaN,NaN,NaN,NaN,NaN,NaN,NaN,NaN,NaN,NaN,NaN,NaN,NaN,NaN,NaN,NaN,NaN,NaN,NaN,NaN,NaN,NaN,NaN,NaN,NaN,NaN,NaN,NaN,NaN,NaN,NaN,NaN,NaN,NaN,NaN,NaN,NaN,NaN,NaN,NaN,NaN,NaN,NaN,NaN,NaN,NaN,NaN,NaN,NaN,NaN,NaN,NaN,NaN,NaN,NaN,NaN,NaN,NaN
0.026764,0.025855,0.025031,0.024337,0.023738,0.023006,0.022337,0.021707,0.02112,0.020576,0.020074,0.019565,0.019092,0.018649,0.018239,0.017836,0.017525,0.017231,0.016957,0.016718,0.01651,0.016348,0.016212,0.016109,0.016042,0.016006,0.016018,0.016086,0.016093,0.016163,0.016297,0.016468,0.016437,0.016387,0.016116,0.016028,0.01599,0.01594,0.015936,0.015939,0.015972,0.016017,0.016069,0.016125,0.016189,0.016262,0.016338,0.016423,0.016524,0.016647,0.016796,0.016931,0.01709,0.017319,0.017537,0.017894,0.018276,0.018792,0.01984,0.021757,0.022699,0.022314,0.021938,0.02161,0.021374,0.021152,0.021,0.020946,0.020975,0.021107,0.021282,0.021568,0.021906,0.022529,0.023079,0.023546,0.024115,0.02467,0.025346,0.026841,0.028462,0.028333,0.028329,0.028109,0.028365,0.028818,0.030887,0.030178,0.029482,0.02883,0.028208,0.027691,0.02728,0.027054,0.0277,0.027106,0.026165,0.025374,0.024749,0.024398,0.024136,0.024087,0.024261,0.024656,0.025255,0.026032,0.026957,0.028,0.029139,0.030415,0.031646,0.032042,0.031377,0.030683,0.02992,0.029189,0.028431,0.027752,0.027112,0.026512,0.025955,0.025445,0.024983,0.024575,0.024223,0.023933,0.02371,0.023557,0.023494,0.023483,0.023555,0.023712,0.023956,0.024285,0.024699,0.025193,0.025764,0.026533,0.027356,0.028089,0.028878,0.02972,0.03061,0.031544,0.032521,0.033537,0.03459,0.035676,0.03679,0.037928,0.039087,0.040265,0.041459,NaN,NaN,NaN,NaN,NaN,NaN,NaN,NaN,NaN,NaN,NaN,NaN,NaN,NaN,NaN,NaN,NaN,NaN,NaN,NaN,NaN,NaN,NaN,NaN,NaN,NaN,NaN,NaN,NaN,NaN,NaN,NaN,NaN,NaN,NaN,NaN,NaN,NaN,NaN,NaN,NaN,NaN,NaN,NaN,NaN,NaN,NaN,NaN,NaN,NaN,NaN,NaN,NaN,NaN,NaN,NaN,NaN,NaN,NaN,NaN,NaN,NaN,NaN,NaN,NaN,NaN,NaN,NaN,NaN,NaN,NaN,NaN,NaN,NaN,NaN,NaN,NaN,NaN,NaN,NaN,NaN,NaN,NaN,NaN,NaN,NaN,NaN,NaN,NaN,NaN,NaN,NaN,NaN,NaN,NaN,NaN,NaN,NaN
0.026489,0.025657,0.024891,0.024222,0.023624,0.022924,0.02227,0.021646,0.021056,0.020505,0.019994,0.019524,0.019097,0.018671,0.018316,0.018003,0.017731,0.017474,0.017187,0.016898,0.016656,0.016483,0.016346,0.016197,0.016077,0.016,0.01595,0.015928,0.015939,0.015979,0.016046,0.016141,0.016112,0.016044,0.015735,0.015554,0.015498,0.015441,0.015402,0.01538,0.015359,0.015362,0.015381,0.015411,0.015457,0.015513,0.015579,0.015672,0.01577,0.015874,0.016011,0.016219,0.016388,0.016609,0.016826,0.017011,0.017282,0.017611,0.018358,0.02056,0.021592,0.021197,0.020848,0.020547,0.020302,0.020119,0.020004,0.019966,0.02001,0.020246,0.020576,0.020844,0.021224,0.021716,0.022503,0.023161,0.023726,0.02434,0.025172,0.026763,0.028823,0.029045,0.028894,0.028824,0.029022,0.030196,0.032988,0.032278,0.031741,0.031068,0.030522,0.030009,0.029631,0.029563,0.030765,0.030137,0.028821,0.027674,0.026828,0.026428,0.026056,0.02603,0.026375,0.027094,0.028165,0.029544,0.031176,0.033007,0.034999,0.037211,0.039315,0.041192,0.040698,0.039873,0.038615,0.037383,0.036132,0.03492,0.033749,0.032624,0.031549,0.03053,0.029572,0.028681,0.027865,0.02713,0.026485,0.025938,0.025497,0.02517,0.024963,0.02498,0.025018,0.025186,0.025484,0.025908,0.026453,0.02711,0.028017,0.029016,0.029925,0.030916,0.031982,0.033117,0.034316,0.03575,0.037246,0.03851,0.03984,0.041245,0.042731,0.044292,0.045907,0.047561,NaN,NaN,NaN,NaN,NaN,NaN,NaN,NaN,NaN,NaN,NaN,NaN,NaN,NaN,NaN,NaN,NaN,NaN,NaN,NaN,NaN,NaN,NaN,NaN,NaN,NaN,NaN,NaN,NaN,NaN,NaN,NaN,NaN,NaN,NaN,NaN,NaN,NaN,NaN,NaN,NaN,NaN,NaN,NaN,NaN,NaN,NaN,NaN,NaN,NaN,NaN,NaN,NaN,NaN,NaN,NaN,NaN,NaN,NaN,NaN,NaN,NaN,NaN,NaN,NaN,NaN,NaN,NaN,NaN,NaN,NaN,NaN,NaN,NaN,NaN,NaN,NaN,NaN,NaN,NaN,NaN,NaN,NaN,NaN,NaN,NaN,NaN,NaN,NaN,NaN,NaN,NaN,NaN,NaN,NaN,NaN,NaN
0.026569,0.025681,0.024885,0.024231,0.023677,0.022962,0.022312,0.021696,0.021118,0.020578,0.020077,0.019616,0.019113,0.018668,0.018291,0.017924,0.017596,0.017327,0.017057,0.016823,0.016604,0.016433,0.016311,0.016203,0.016128,0.016069,0.016048,0.016054,0.016095,0.016165,0.016245,0.016352,0.016348,0.016282,0.015976,0.01585,0.015788,0.015763,0.015692,0.015653,0.015639,0.015628,0.015636,0.015648,0.015674,0.015722,0.015777,0.015846,0.015912,0.016011,0.016084,0.016194,0.016308,0.016446,0.016609,0.016857,0.017107,0.017373,0.018075,0.021017,0.02194,0.021504,0.02111,0.020764,0.02047,0.020268,0.020089,0.019981,0.019951,0.020034,0.020168,0.020418,0.020799,0.021315,0.022176,0.022528,0.023034,0.023646,0.024399,0.025848,0.028282,0.028582,0.028674,0.028581,0.028992,0.029491,0.032393,0.031832,0.03105,0.03035,0.029767,0.029312,0.029008,0.029106,0.030977,0.029979,0.028666,0.027533,0.026664,0.026091,0.025866,0.025932,0.026405,0.02729,0.028562,0.03017,0.032054,0.034153,0.036419,0.038863,0.041409,0.043895,0.043153,0.041995,0.040638,0.039305,0.037949,0.036627,0.035344,0.034103,0.032909,0.031767,0.030683,0.029737,0.028854,0.027973,0.027181,0.026486,0.025897,0.025422,0.025163,0.02493,0.02483,0.024866,0.025133,0.02565,0.02617,0.027062,0.027783,0.028884,0.029614,0.030446,0.031376,0.032398,0.033668,0.03503,0.036474,0.037745,0.03911,0.040573,0.042134,0.043788,0.045515,0.047297,0.049121,NaN,NaN,NaN,NaN,NaN,NaN,NaN,NaN,NaN,NaN,NaN,NaN,NaN,NaN,NaN,NaN,NaN,NaN,NaN,NaN,NaN,NaN,NaN,NaN,NaN,NaN,NaN,NaN,NaN,NaN,NaN,NaN,NaN,NaN,NaN,NaN,NaN,NaN,NaN,NaN,NaN,NaN,NaN,NaN,NaN,NaN,NaN,NaN,NaN,NaN,NaN,NaN,NaN,NaN,NaN,NaN,NaN,NaN,NaN,NaN,NaN,NaN,NaN,NaN,NaN,NaN,NaN,NaN,NaN,NaN,NaN,NaN,NaN,NaN,NaN,NaN,NaN,NaN,NaN,NaN,NaN,NaN,NaN,NaN,NaN,NaN,NaN,NaN,NaN,NaN,NaN,NaN,NaN,NaN,NaN,NaN
0.026418,0.025554,0.024775,0.02413,0.023586,0.022971,0.022246,0.021636,0.021059,0.020519,0.020015,0.019548,0.019077,0.018674,0.018266,0.017898,0.017567,0.017239,0.016968,0.016717,0.016507,0.016306,0.016166,0.016061,0.015971,0.015926,0.015901,0.015954,0.015935,0.015952,0.01601,0.016101,0.016034,0.015974,0.015685,0.015601,0.015532,0.015446,0.015418,0.015412,0.015403,0.01541,0.015433,0.015463,0.015514,0.015578,0.015658,0.015774,0.015879,0.016006,0.016107,0.016244,0.016391,0.016551,0.016756,0.017007,0.017283,0.017645,0.018578,0.021028,0.022238,0.021801,0.021375,0.020997,0.020675,0.020415,0.020225,0.020154,0.020122,0.020259,0.020483,0.020699,0.021091,0.021743,0.022144,0.022573,0.023139,0.023735,0.024462,0.026091,0.028041,0.028224,0.028361,0.028173,0.028769,0.029704,0.032513,0.032005,0.031277,0.030662,0.030112,0.029684,0.029415,0.029413,0.030938,0.030132,0.028749,0.027615,0.026708,0.026406,0.026037,0.026064,0.026517,0.027406,0.028708,0.030374,0.03234,0.034594,0.03697,0.039482,0.042035,0.043698,0.042723,0.04152,0.040165,0.038819,0.037502,0.036217,0.034967,0.03381,0.032636,0.031511,0.030438,0.029425,0.028477,0.027602,0.026808,0.026102,0.025493,0.025073,0.024673,0.024392,0.024235,0.024206,0.024306,0.024636,0.025088,0.025537,0.027199,0.028006,0.028747,0.029437,0.030223,0.031103,0.032075,0.033305,0.034598,0.035782,0.037061,0.038432,0.039892,0.041988,0.043394,0.04497,0.04677,0.048718,NaN,NaN,NaN,NaN,NaN,NaN,NaN,NaN,NaN,NaN,NaN,NaN,NaN,NaN,NaN,NaN,NaN,NaN,NaN,NaN,NaN,NaN,NaN,NaN,NaN,NaN,NaN,NaN,NaN,NaN,NaN,NaN,NaN,NaN,NaN,NaN,NaN,NaN,NaN,NaN,NaN,NaN,NaN,NaN,NaN,NaN,NaN,NaN,NaN,NaN,NaN,NaN,NaN,NaN,NaN,NaN,NaN,NaN,NaN,NaN,NaN,NaN,NaN,NaN,NaN,NaN,NaN,NaN,NaN,NaN,NaN,NaN,NaN,NaN,NaN,NaN,NaN,NaN,NaN,NaN,NaN,NaN,NaN,NaN,NaN,NaN,NaN,NaN,NaN,NaN,NaN,NaN,NaN,NaN,NaN
0.026481,0.02556,0.024743,0.024087,0.023545,0.022826,0.022192,0.021607,0.02107,0.020581,0.020138,0.019687,0.019237,0.018801,0.018426,0.018088,0.01778,0.017533,0.017263,0.016978,0.016734,0.01653,0.01635,0.016191,0.016088,0.015975,0.015907,0.015912,0.015885,0.015893,0.015929,0.016009,0.016041,0.016002,0.0156,0.015457,0.015377,0.015349,0.015284,0.015235,0.015221,0.015208,0.015216,0.015243,0.015281,0.015337,0.015411,0.015519,0.015629,0.015712,0.015829,0.015967,0.016111,0.01628,0.016517,0.016801,0.017043,0.0174,0.018447,0.020661,0.021643,0.02125,0.020897,0.020589,0.020361,0.020149,0.019999,0.019915,0.019906,0.020192,0.020345,0.020525,0.020819,0.021277,0.021888,0.02235,0.022856,0.023386,0.02397,0.02586,0.027622,0.027534,0.027526,0.027488,0.027886,0.028666,0.032227,0.031709,0.030947,0.030328,0.029765,0.029298,0.029213,0.029374,0.030783,0.030156,0.028707,0.027533,0.026527,0.025968,0.025657,0.025768,0.02633,0.027348,0.028791,0.030603,0.032715,0.035059,0.037582,0.040241,0.042958,0.043976,0.042824,0.041799,0.040406,0.039063,0.037745,0.036456,0.035199,0.033977,0.032794,0.031655,0.030565,0.029565,0.028646,0.027849,0.026992,0.026217,0.025533,0.024947,0.024468,0.024102,0.023855,0.023873,0.023857,0.024064,0.024391,0.024836,0.025958,0.026758,0.027292,0.02793,0.028667,0.029497,0.030674,0.031638,0.03269,0.033831,0.035059,0.036369,0.037756,0.039214,0.04109,0.042508,0.044048,0.04575,0.047563,NaN,NaN,NaN,NaN,NaN,NaN,NaN,NaN,NaN,NaN,NaN,NaN,NaN,NaN,NaN,NaN,NaN,NaN,NaN,NaN,NaN,NaN,NaN,NaN,NaN,NaN,NaN,NaN,NaN,NaN,NaN,NaN,NaN,NaN,NaN,NaN,NaN,NaN,NaN,NaN,NaN,NaN,NaN,NaN,NaN,NaN,NaN,NaN,NaN,NaN,NaN,NaN,NaN,NaN,NaN,NaN,NaN,NaN,NaN,NaN,NaN,NaN,NaN,NaN,NaN,NaN,NaN,NaN,NaN,NaN,NaN,NaN,NaN,NaN,NaN,NaN,NaN,NaN,NaN,NaN,NaN,NaN,NaN,NaN,NaN,NaN,NaN,NaN,NaN,NaN,NaN,NaN,NaN,NaN
0.02654,0.025641,0.024833,0.024163,0.023599,0.022917,0.022307,0.021742,0.02112,0.020616,0.020156,0.019634,0.019187,0.018808,0.018427,0.018116,0.017763,0.017504,0.017238,0.016936,0.016682,0.016495,0.016342,0.016222,0.016062,0.015981,0.015929,0.015921,0.015906,0.015919,0.01596,0.016019,0.016033,0.015955,0.015705,0.015558,0.015469,0.015425,0.015332,0.015297,0.015264,0.015264,0.01528,0.01531,0.015355,0.015422,0.015515,0.015603,0.015716,0.015826,0.015935,0.016061,0.016221,0.016413,0.016623,0.016816,0.017102,0.017417,0.018288,0.020159,0.021292,0.020912,0.020575,0.020284,0.020044,0.01986,0.019791,0.019728,0.019784,0.019951,0.020223,0.02045,0.020803,0.021308,0.022024,0.022435,0.022929,0.023513,0.024279,0.025915,0.028072,0.02819,0.028112,0.027907,0.028231,0.029006,0.032087,0.031313,0.030501,0.029814,0.029255,0.028887,0.028636,0.028793,0.030853,0.030049,0.028591,0.027399,0.026672,0.026069,0.025815,0.025903,0.026446,0.027452,0.028894,0.03072,0.032859,0.035242,0.037812,0.040566,0.043286,0.043748,0.042716,0.04148,0.040135,0.038812,0.037513,0.03624,0.034998,0.033788,0.032615,0.031483,0.030396,0.029359,0.028379,0.027461,0.026613,0.025841,0.025152,0.024555,0.024056,0.023739,0.023526,0.023344,0.023364,0.023413,0.023581,0.024134,0.02471,0.025273,0.025812,0.026449,0.027177,0.028119,0.028995,0.029948,0.030973,0.032067,0.033225,0.034445,0.035898,0.037176,0.039906,0.040742,0.041819,0.043294,0.045157,0.047234,NaN,NaN,NaN,NaN,NaN,NaN,NaN,NaN,NaN,NaN,NaN,NaN,NaN,NaN,NaN,NaN,NaN,NaN,NaN,NaN,NaN,NaN,NaN,NaN,NaN,NaN,NaN,NaN,NaN,NaN,NaN,NaN,NaN,NaN,NaN,NaN,NaN,NaN,NaN,NaN,NaN,NaN,NaN,NaN,NaN,NaN,NaN,NaN,NaN,NaN,NaN,NaN,NaN,NaN,NaN,NaN,NaN,NaN,NaN,NaN,NaN,NaN,NaN,NaN,NaN,NaN,NaN,NaN,NaN,NaN,NaN,NaN,NaN,NaN,NaN,NaN,NaN,NaN,NaN,NaN,NaN,NaN,NaN,NaN,NaN,NaN,NaN,NaN,NaN,NaN,NaN,NaN,NaN
0.02639,0.025477,0.024671,0.02403,0.023513,0.022864,0.022258,0.021698,0.021183,0.020555,0.020084,0.019655,0.019175,0.01874,0.018373,0.018004,0.017671,0.017313,0.017047,0.016749,0.016528,0.016323,0.016165,0.016019,0.01586,0.015777,0.015723,0.015773,0.015726,0.015718,0.015759,0.01584,0.01585,0.015844,0.015442,0.015289,0.015211,0.015157,0.015118,0.015085,0.015091,0.015099,0.015129,0.015175,0.015239,0.015318,0.015424,0.015552,0.015694,0.015834,0.015963,0.016154,0.016311,0.016531,0.016771,0.017117,0.017378,0.017653,0.018583,0.021077,0.022227,0.021801,0.02135,0.020948,0.0206,0.020316,0.020145,0.020007,0.019958,0.020006,0.02036,0.020564,0.020912,0.021386,0.021941,0.022475,0.023089,0.023802,0.024628,0.02613,0.02854,0.028399,0.028437,0.028351,0.028636,0.029343,0.032934,0.032193,0.03133,0.03056,0.02988,0.029335,0.028892,0.028686,0.030581,0.029609,0.028282,0.027127,0.026434,0.026214,0.025966,0.026133,0.026742,0.027798,0.029274,0.031122,0.033275,0.035666,0.03824,0.040953,0.043696,0.043706,0.04258,0.041276,0.040012,0.038671,0.037392,0.036139,0.034913,0.033719,0.032559,0.031438,0.030359,0.029327,0.028348,0.027427,0.026571,0.025786,0.025078,0.024456,0.023926,0.023494,0.023166,0.023026,0.022913,0.023003,0.02311,0.02333,0.023868,0.024505,0.024995,0.02558,0.026255,0.027013,0.027848,0.029005,0.029941,0.030942,0.032004,0.033126,0.034488,0.03581,0.037135,0.038348,0.039641,0.041028,0.042508,0.044057,0.04565,NaN,NaN,NaN,NaN,NaN,NaN,NaN,NaN,NaN,NaN,NaN,NaN,NaN,NaN,NaN,NaN,NaN,NaN,NaN,NaN,NaN,NaN,NaN,NaN,NaN,NaN,NaN,NaN,NaN,NaN,NaN,NaN,NaN,NaN,NaN,NaN,NaN,NaN,NaN,NaN,NaN,NaN,NaN,NaN,NaN,NaN,NaN,NaN,NaN,NaN,NaN,NaN,NaN,NaN,NaN,NaN,NaN,NaN,NaN,NaN,NaN,NaN,NaN,NaN,NaN,NaN,NaN,NaN,NaN,NaN,NaN,NaN,NaN,NaN,NaN,NaN,NaN,NaN,NaN,NaN,NaN,NaN,NaN,NaN,NaN,NaN,NaN,NaN,NaN,NaN,NaN,NaN
0.026439,0.025568,0.024774,0.024102,0.023521,0.022834,0.022221,0.021656,0.021136,0.020658,0.020219,0.019613,0.019112,0.018705,0.018256,0.017902,0.017587,0.017311,0.017073,0.016773,0.016552,0.016377,0.016237,0.016106,0.016024,0.016045,0.015976,0.015982,0.015931,0.015954,0.016035,0.016181,0.015955,0.015839,0.015509,0.015345,0.015289,0.015197,0.015153,0.015128,0.015121,0.015127,0.015146,0.015179,0.015234,0.015293,0.015382,0.015453,0.015547,0.015637,0.015749,0.015884,0.016045,0.016249,0.016456,0.016715,0.016998,0.017428,0.018197,0.021055,0.022166,0.021727,0.021327,0.02097,0.020662,0.020409,0.020217,0.020095,0.020049,0.020278,0.020405,0.020565,0.020853,0.021486,0.021922,0.022229,0.022661,0.023272,0.023964,0.025393,0.027811,0.027941,0.027814,0.027754,0.028081,0.028333,0.031709,0.031194,0.030565,0.03004,0.02967,0.029477,0.029495,0.02969,0.032042,0.030968,0.029462,0.028032,0.027179,0.026679,0.026227,0.026143,0.026558,0.027487,0.028909,0.030768,0.03299,0.035495,0.038215,0.041143,0.044104,0.043549,0.042093,0.040824,0.039544,0.038283,0.037044,0.035828,0.034637,0.033476,0.032394,0.031295,0.030235,0.029218,0.028249,0.027334,0.026477,0.025686,0.024966,0.024393,0.023829,0.023356,0.023054,0.022846,0.022663,0.022589,0.022692,0.022921,0.023326,0.023747,0.024152,0.024652,0.025243,0.026041,0.026781,0.027595,0.028479,0.029429,0.030441,0.03151,0.032632,0.033804,0.035134,0.036352,0.03761,0.038911,0.040257,0.041644,0.043064,0.044509,NaN,NaN,NaN,NaN,NaN,NaN,NaN,NaN,NaN,NaN,NaN,NaN,NaN,NaN,NaN,NaN,NaN,NaN,NaN,NaN,NaN,NaN,NaN,NaN,NaN,NaN,NaN,NaN,NaN,NaN,NaN,NaN,NaN,NaN,NaN,NaN,NaN,NaN,NaN,NaN,NaN,NaN,NaN,NaN,NaN,NaN,NaN,NaN,NaN,NaN,NaN,NaN,NaN,NaN,NaN,NaN,NaN,NaN,NaN,NaN,NaN,NaN,NaN,NaN,NaN,NaN,NaN,NaN,NaN,NaN,NaN,NaN,NaN,NaN,NaN,NaN,NaN,NaN,NaN,NaN,NaN,NaN,NaN,NaN,NaN,NaN,NaN,NaN,NaN,NaN,NaN
0.026179,0.02533,0.024573,0.023959,0.023446,0.022792,0.022182,0.021607,0.021066,0.02056,0.020086,0.019542,0.019106,0.018622,0.01823,0.01784,0.017508,0.017184,0.016916,0.016649,0.016385,0.016172,0.016004,0.015868,0.015765,0.015676,0.015717,0.015644,0.015611,0.015624,0.015687,0.015793,0.015813,0.01561,0.015362,0.01522,0.015197,0.01515,0.015118,0.01509,0.015085,0.015105,0.015142,0.015191,0.015258,0.015331,0.01543,0.015541,0.015679,0.015814,0.015962,0.016101,0.016278,0.016459,0.016663,0.016948,0.017279,0.01762,0.018494,0.021401,0.022448,0.021972,0.021537,0.021146,0.020804,0.020518,0.020316,0.020158,0.020119,0.02023,0.020372,0.020503,0.020765,0.021141,0.021634,0.02204,0.022521,0.023073,0.02373,0.025188,0.027161,0.027304,0.027501,0.02744,0.027893,0.028837,0.032677,0.032148,0.03137,0.030691,0.030138,0.029733,0.029439,0.029818,0.031736,0.030894,0.029291,0.027853,0.026889,0.02627,0.025922,0.025948,0.026474,0.027509,0.029022,0.030952,0.033221,0.035754,0.038488,0.041419,0.044186,0.042872,0.041405,0.040347,0.039143,0.037954,0.036743,0.035555,0.034391,0.033254,0.032148,0.031074,0.030058,0.029056,0.028098,0.02719,0.026337,0.025544,0.024937,0.024271,0.023684,0.023182,0.022771,0.022455,0.022263,0.022139,0.022119,0.022205,0.022554,0.022824,0.023192,0.023654,0.024203,0.024835,0.025544,0.026323,0.027168,0.028074,0.029035,0.030046,0.031103,0.032202,0.033417,0.034555,0.035727,0.036933,0.038174,0.03945,0.040757,0.042088,0.043438,NaN,NaN,NaN,NaN,NaN,NaN,NaN,NaN,NaN,NaN,NaN,NaN,NaN,NaN,NaN,NaN,NaN,NaN,NaN,NaN,NaN,NaN,NaN,NaN,NaN,NaN,NaN,NaN,NaN,NaN,NaN,NaN,NaN,NaN,NaN,NaN,NaN,NaN,NaN,NaN,NaN,NaN,NaN,NaN,NaN,NaN,NaN,NaN,NaN,NaN,NaN,NaN,NaN,NaN,NaN,NaN,NaN,NaN,NaN,NaN,NaN,NaN,NaN,NaN,NaN,NaN,NaN,NaN,NaN,NaN,NaN,NaN,NaN,NaN,NaN,NaN,NaN,NaN,NaN,NaN,NaN,NaN,NaN,NaN,NaN,NaN,NaN,NaN,NaN,NaN
0.026547,0.025702,0.024904,0.024181,0.023531,0.022898,0.022204,0.02165,0.021149,0.020697,0.020225,0.019789,0.019224,0.01884,0.01841,0.018007,0.017666,0.017349,0.017067,0.016784,0.016532,0.016337,0.016175,0.016001,0.015872,0.015787,0.015732,0.015705,0.015708,0.015738,0.015796,0.015866,0.015906,0.015858,0.015441,0.015356,0.015221,0.015164,0.015126,0.015107,0.015107,0.015125,0.015165,0.015215,0.015277,0.015362,0.015454,0.015548,0.015689,0.015796,0.015931,0.01607,0.016229,0.016432,0.016655,0.016872,0.017214,0.017663,0.018525,0.020793,0.021621,0.021271,0.020894,0.020565,0.020291,0.020157,0.020047,0.019949,0.019975,0.020162,0.020381,0.020639,0.021142,0.021659,0.022159,0.022641,0.023125,0.02373,0.024443,0.026193,0.028149,0.028064,0.027943,0.02781,0.027952,0.028722,0.032486,0.031931,0.031155,0.030502,0.029976,0.029573,0.02944,0.029457,0.031342,0.030414,0.028866,0.027582,0.026662,0.026322,0.025978,0.026001,0.026503,0.027497,0.028959,0.030835,0.033053,0.035539,0.038235,0.041071,0.043945,0.042225,0.040555,0.039552,0.038363,0.037191,0.036037,0.034903,0.033792,0.032705,0.031646,0.030616,0.02962,0.02866,0.027741,0.026867,0.026043,0.025328,0.024613,0.024025,0.023506,0.022992,0.02256,0.022215,0.022033,0.021867,0.021798,0.02191,0.022372,0.022732,0.022986,0.023331,0.023764,0.02428,0.024873,0.025541,0.026278,0.02708,0.027944,0.028865,0.029839,0.030863,0.032024,0.033108,0.034232,0.035392,0.036587,0.037818,0.03908,0.04037,0.041682,0.043013,NaN,NaN,NaN,NaN,NaN,NaN,NaN,NaN,NaN,NaN,NaN,NaN,NaN,NaN,NaN,NaN,NaN,NaN,NaN,NaN,NaN,NaN,NaN,NaN,NaN,NaN,NaN,NaN,NaN,NaN,NaN,NaN,NaN,NaN,NaN,NaN,NaN,NaN,NaN,NaN,NaN,NaN,NaN,NaN,NaN,NaN,NaN,NaN,NaN,NaN,NaN,NaN,NaN,NaN,NaN,NaN,NaN,NaN,NaN,NaN,NaN,NaN,NaN,NaN,NaN,NaN,NaN,NaN,NaN,NaN,NaN,NaN,NaN,NaN,NaN,NaN,NaN,NaN,NaN,NaN,NaN,NaN,NaN,NaN,NaN,NaN,NaN,NaN,NaN
0.026299,0.025513,0.024769,0.024085,0.023453,0.022791,0.022174,0.021592,0.021046,0.020455,0.019961,0.019453,0.019016,0.018616,0.018252,0.017861,0.017527,0.017248,0.01694,0.016629,0.016389,0.016172,0.016007,0.015875,0.015777,0.015711,0.015664,0.015654,0.015764,0.015761,0.015813,0.015921,0.015963,0.015824,0.015515,0.015436,0.015359,0.015339,0.015313,0.015297,0.015297,0.015303,0.01533,0.015374,0.015435,0.015503,0.015591,0.015737,0.015868,0.015985,0.016107,0.01627,0.016458,0.016648,0.016879,0.017104,0.017351,0.017747,0.018761,0.021272,0.02241,0.02195,0.0215,0.021138,0.020774,0.020477,0.020261,0.020136,0.020149,0.020412,0.020568,0.020753,0.021075,0.021705,0.022113,0.022544,0.023051,0.023629,0.02435,0.026049,0.028122,0.028135,0.027961,0.027902,0.028097,0.028743,0.032659,0.031827,0.03105,0.030428,0.029874,0.029448,0.02916,0.029461,0.031236,0.030308,0.028704,0.027435,0.026506,0.025999,0.025767,0.025887,0.026471,0.027523,0.029016,0.030891,0.033078,0.03551,0.038127,0.040887,0.043599,0.041648,0.039961,0.038896,0.037785,0.036653,0.035538,0.034442,0.033367,0.032315,0.031289,0.03029,0.029323,0.028389,0.027494,0.026687,0.025874,0.025112,0.024404,0.023757,0.023175,0.022726,0.022348,0.021981,0.0217,0.021507,0.021481,0.021542,0.021772,0.022002,0.022226,0.022538,0.023019,0.023484,0.024025,0.024705,0.02537,0.026099,0.026887,0.027731,0.028626,0.029739,0.030866,0.031794,0.032771,0.033798,0.034881,0.036023,0.037225,0.038479,0.039772,0.041096,0.042445,NaN,NaN,NaN,NaN,NaN,NaN,NaN,NaN,NaN,NaN,NaN,NaN,NaN,NaN,NaN,NaN,NaN,NaN,NaN,NaN,NaN,NaN,NaN,NaN,NaN,NaN,NaN,NaN,NaN,NaN,NaN,NaN,NaN,NaN,NaN,NaN,NaN,NaN,NaN,NaN,NaN,NaN,NaN,NaN,NaN,NaN,NaN,NaN,NaN,NaN,NaN,NaN,NaN,NaN,NaN,NaN,NaN,NaN,NaN,NaN,NaN,NaN,NaN,NaN,NaN,NaN,NaN,NaN,NaN,NaN,NaN,NaN,NaN,NaN,NaN,NaN,NaN,NaN,NaN,NaN,NaN,NaN,NaN,NaN,NaN,NaN,NaN,NaN
0.026446,0.02553,0.024714,0.024058,0.02354,0.022922,0.022398,0.021789,0.021116,0.02063,0.020177,0.019653,0.019154,0.0187,0.018307,0.017912,0.017522,0.0172,0.01689,0.01661,0.01634,0.016106,0.015917,0.015739,0.015608,0.015508,0.015438,0.015398,0.015387,0.015405,0.01545,0.015523,0.015435,0.015477,0.01524,0.015148,0.015124,0.015097,0.015111,0.015133,0.015173,0.01521,0.015271,0.01534,0.015421,0.0155,0.015614,0.015705,0.015798,0.01589,0.016027,0.016208,0.016399,0.016586,0.01684,0.01706,0.017332,0.017622,0.018602,0.021364,0.022247,0.021756,0.021336,0.020933,0.020587,0.020308,0.02014,0.020062,0.020056,0.020173,0.020387,0.020607,0.021079,0.021705,0.022165,0.022716,0.023301,0.02397,0.024746,0.026171,0.028278,0.028357,0.028258,0.028116,0.028378,0.029043,0.032895,0.032284,0.031429,0.030638,0.029969,0.02943,0.029084,0.029165,0.030952,0.030051,0.02862,0.02742,0.02653,0.026141,0.025872,0.026038,0.026669,0.027768,0.029308,0.031233,0.033474,0.03596,0.038634,0.041452,0.044166,0.041563,0.039736,0.03862,0.037494,0.036382,0.035287,0.034209,0.033151,0.032115,0.031102,0.030115,0.029157,0.028231,0.027339,0.026531,0.025716,0.024948,0.024231,0.023626,0.02308,0.022535,0.022061,0.021662,0.021343,0.021107,0.020958,0.020896,0.021,0.021109,0.021304,0.021585,0.021947,0.022387,0.022962,0.023533,0.024168,0.024863,0.025613,0.026413,0.027261,0.028222,0.029204,0.030136,0.031105,0.032108,0.033145,0.034216,0.03532,0.036453,0.037613,0.038795,0.039995,0.041211,NaN,NaN,NaN,NaN,NaN,NaN,NaN,NaN,NaN,NaN,NaN,NaN,NaN,NaN,NaN,NaN,NaN,NaN,NaN,NaN,NaN,NaN,NaN,NaN,NaN,NaN,NaN,NaN,NaN,NaN,NaN,NaN,NaN,NaN,NaN,NaN,NaN,NaN,NaN,NaN,NaN,NaN,NaN,NaN,NaN,NaN,NaN,NaN,NaN,NaN,NaN,NaN,NaN,NaN,NaN,NaN,NaN,NaN,NaN,NaN,NaN,NaN,NaN,NaN,NaN,NaN,NaN,NaN,NaN,NaN,NaN,NaN,NaN,NaN,NaN,NaN,NaN,NaN,NaN,NaN,NaN,NaN,NaN,NaN,NaN,NaN,NaN
0.026488,0.025595,0.024801,0.024164,0.023646,0.022984,0.022391,0.021701,0.021143,0.02062,0.020134,0.019633,0.019204,0.018731,0.018312,0.017962,0.01765,0.017378,0.017079,0.016792,0.016584,0.016394,0.016251,0.016141,0.016046,0.015979,0.015939,0.015993,0.015971,0.015995,0.016065,0.016168,0.016104,0.015918,0.015626,0.015495,0.015412,0.01535,0.015305,0.015256,0.015226,0.015203,0.015205,0.015219,0.015248,0.015297,0.015368,0.015453,0.01553,0.015636,0.015729,0.01587,0.015998,0.016211,0.016408,0.016602,0.016847,0.017257,0.018079,0.019895,0.021005,0.020678,0.020356,0.02008,0.019855,0.019685,0.019577,0.019538,0.019656,0.019824,0.020071,0.020294,0.020602,0.021163,0.02166,0.02225,0.022815,0.023474,0.024226,0.025803,0.028263,0.028224,0.028219,0.02798,0.028224,0.028758,0.03338,0.032441,0.031483,0.030578,0.029783,0.029123,0.028673,0.028442,0.030306,0.029304,0.027928,0.026788,0.02602,0.025592,0.025547,0.025839,0.026569,0.027735,0.029304,0.031221,0.033421,0.035843,0.038435,0.041157,0.04377,0.040817,0.039159,0.03806,0.03703,0.035951,0.034889,0.033844,0.032818,0.031814,0.030833,0.029878,0.028952,0.028057,0.027195,0.026371,0.025633,0.024889,0.024244,0.023596,0.023004,0.02253,0.022045,0.021632,0.021294,0.021099,0.020982,0.020943,0.021032,0.02107,0.021191,0.021395,0.02168,0.022041,0.022476,0.022982,0.023552,0.024185,0.024875,0.025619,0.026413,0.027323,0.028362,0.029194,0.030068,0.030981,0.031935,0.032932,0.033974,0.03506,0.036187,0.037347,0.038534,0.039742,0.040969,NaN,NaN,NaN,NaN,NaN,NaN,NaN,NaN,NaN,NaN,NaN,NaN,NaN,NaN,NaN,NaN,NaN,NaN,NaN,NaN,NaN,NaN,NaN,NaN,NaN,NaN,NaN,NaN,NaN,NaN,NaN,NaN,NaN,NaN,NaN,NaN,NaN,NaN,NaN,NaN,NaN,NaN,NaN,NaN,NaN,NaN,NaN,NaN,NaN,NaN,NaN,NaN,NaN,NaN,NaN,NaN,NaN,NaN,NaN,NaN,NaN,NaN,NaN,NaN,NaN,NaN,NaN,NaN,NaN,NaN,NaN,NaN,NaN,NaN,NaN,NaN,NaN,NaN,NaN,NaN,NaN,NaN,NaN,NaN,NaN,NaN
0.02684,0.025825,0.024933,0.024237,0.0237,0.023065,0.022255,0.021675,0.02115,0.020678,0.02019,0.019644,0.019171,0.018759,0.018376,0.018066,0.017693,0.017405,0.017156,0.016875,0.016608,0.016426,0.016279,0.016166,0.016087,0.01604,0.016022,0.016119,0.01606,0.016054,0.016153,0.016308,0.016169,0.016009,0.015748,0.015629,0.015547,0.015481,0.01543,0.015404,0.015396,0.015402,0.015422,0.015458,0.015514,0.015577,0.015671,0.015789,0.015935,0.016046,0.016173,0.016333,0.016521,0.016707,0.016913,0.017113,0.017367,0.017733,0.018518,0.021171,0.022415,0.021893,0.021417,0.020993,0.020627,0.020327,0.020102,0.01996,0.019911,0.02008,0.020254,0.020525,0.020888,0.021371,0.02202,0.022494,0.023053,0.023704,0.024522,0.026134,0.028249,0.02835,0.02824,0.028025,0.028197,0.029075,0.032574,0.031822,0.031013,0.030309,0.029659,0.029159,0.02876,0.028756,0.030832,0.029903,0.028421,0.027219,0.026378,0.025991,0.025833,0.026016,0.026646,0.027726,0.029228,0.0311,0.033275,0.035688,0.038284,0.040988,0.043714,0.041066,0.039351,0.038227,0.03716,0.036107,0.035069,0.034047,0.033043,0.032059,0.031096,0.030155,0.029241,0.0284,0.02754,0.026756,0.026008,0.025299,0.024582,0.023914,0.023298,0.02274,0.022243,0.021812,0.02151,0.021217,0.021,0.020884,0.02096,0.021038,0.021153,0.021301,0.021528,0.021832,0.022209,0.022733,0.023237,0.023803,0.024428,0.025109,0.02584,0.02662,0.027445,0.028312,0.029218,0.030159,0.031132,0.032135,0.033164,0.034217,0.035291,0.036385,0.037495,0.038621,0.039762,0.040915,NaN,NaN,NaN,NaN,NaN,NaN,NaN,NaN,NaN,NaN,NaN,NaN,NaN,NaN,NaN,NaN,NaN,NaN,NaN,NaN,NaN,NaN,NaN,NaN,NaN,NaN,NaN,NaN,NaN,NaN,NaN,NaN,NaN,NaN,NaN,NaN,NaN,NaN,NaN,NaN,NaN,NaN,NaN,NaN,NaN,NaN,NaN,NaN,NaN,NaN,NaN,NaN,NaN,NaN,NaN,NaN,NaN,NaN,NaN,NaN,NaN,NaN,NaN,NaN,NaN,NaN,NaN,NaN,NaN,NaN,NaN,NaN,NaN,NaN,NaN,NaN,NaN,NaN,NaN,NaN,NaN,NaN,NaN,NaN,NaN
0.02665,0.025688,0.024841,0.024172,0.023633,0.022911,0.022277,0.021695,0.021165,0.020683,0.020216,0.019753,0.019255,0.018815,0.018447,0.01812,0.017781,0.017492,0.017197,0.016904,0.016683,0.016492,0.01633,0.01622,0.016109,0.016042,0.016015,0.01601,0.016039,0.016098,0.016169,0.016264,0.01618,0.016086,0.015735,0.015597,0.015541,0.015456,0.0154,0.015348,0.015336,0.015334,0.015351,0.015388,0.015444,0.01552,0.015615,0.015734,0.015807,0.015922,0.016038,0.016174,0.016327,0.01652,0.016689,0.016935,0.0172,0.017612,0.018387,0.020901,0.022049,0.021578,0.021155,0.020803,0.020481,0.020298,0.02011,0.020007,0.019996,0.020237,0.020433,0.020674,0.02099,0.021461,0.022138,0.02266,0.02316,0.023789,0.024458,0.026073,0.028145,0.028067,0.028054,0.02789,0.028226,0.028914,0.03215,0.031559,0.03082,0.030198,0.029659,0.029444,0.029203,0.02952,0.031324,0.030321,0.028813,0.02762,0.026667,0.026177,0.02591,0.026002,0.026568,0.027615,0.029116,0.031015,0.033239,0.035718,0.038391,0.04121,0.044015,0.040601,0.038658,0.037644,0.036646,0.035628,0.034623,0.033633,0.03266,0.031741,0.030802,0.029885,0.028991,0.028123,0.027295,0.026482,0.025704,0.024962,0.02431,0.023701,0.023085,0.022523,0.022016,0.021571,0.021247,0.021051,0.020794,0.020676,0.020564,0.020529,0.020573,0.020693,0.02089,0.02116,0.021549,0.02195,0.022415,0.022941,0.023524,0.024161,0.024847,0.02558,0.026415,0.027215,0.028051,0.028922,0.029825,0.030757,0.031718,0.032705,0.033716,0.034749,0.035802,0.036873,0.037959,0.039059,0.040171,NaN,NaN,NaN,NaN,NaN,NaN,NaN,NaN,NaN,NaN,NaN,NaN,NaN,NaN,NaN,NaN,NaN,NaN,NaN,NaN,NaN,NaN,NaN,NaN,NaN,NaN,NaN,NaN,NaN,NaN,NaN,NaN,NaN,NaN,NaN,NaN,NaN,NaN,NaN,NaN,NaN,NaN,NaN,NaN,NaN,NaN,NaN,NaN,NaN,NaN,NaN,NaN,NaN,NaN,NaN,NaN,NaN,NaN,NaN,NaN,NaN,NaN,NaN,NaN,NaN,NaN,NaN,NaN,NaN,NaN,NaN,NaN,NaN,NaN,NaN,NaN,NaN,NaN,NaN,NaN,NaN,NaN,NaN,NaN
0.026305,0.025432,0.024647,0.023999,0.023454,0.022779,0.02218,0.021622,0.021002,0.020495,0.020025,0.019541,0.01905,0.018652,0.018291,0.017946,0.017634,0.017331,0.017041,0.016748,0.016498,0.016304,0.016123,0.01599,0.01589,0.015795,0.015746,0.015808,0.01576,0.015749,0.015769,0.015836,0.015876,0.015783,0.01543,0.015242,0.01516,0.015101,0.015034,0.015009,0.015003,0.015004,0.015026,0.015063,0.015119,0.015191,0.015275,0.015423,0.015534,0.015652,0.01579,0.015963,0.016154,0.016346,0.016561,0.016856,0.017173,0.01759,0.018454,0.020961,0.022277,0.021867,0.021459,0.021095,0.02078,0.02052,0.020324,0.02024,0.020191,0.020346,0.020708,0.020961,0.021245,0.021862,0.022537,0.022879,0.023314,0.023849,0.024527,0.026136,0.028253,0.028411,0.028464,0.02832,0.028456,0.029081,0.033067,0.03238,0.031618,0.030882,0.030337,0.029855,0.029519,0.029496,0.031005,0.030012,0.028497,0.027217,0.02626,0.025714,0.025562,0.025766,0.026433,0.027563,0.029125,0.031058,0.033293,0.035763,0.038413,0.0412,0.043916,0.039713,0.037947,0.036998,0.036004,0.035021,0.034051,0.033096,0.032155,0.031232,0.030327,0.029442,0.028579,0.02774,0.026928,0.026183,0.025427,0.024763,0.024071,0.02342,0.022813,0.022256,0.021751,0.021302,0.020913,0.020587,0.020328,0.020261,0.020257,0.020322,0.020378,0.020435,0.020565,0.020767,0.021037,0.021374,0.021774,0.022235,0.022752,0.023324,0.023946,0.024616,0.02533,0.026086,0.02688,0.027709,0.02857,0.029461,0.030378,0.03132,0.032283,0.033266,0.034267,0.035284,0.036316,0.037362,0.03842,0.039489,NaN,NaN,NaN,NaN,NaN,NaN,NaN,NaN,NaN,NaN,NaN,NaN,NaN,NaN,NaN,NaN,NaN,NaN,NaN,NaN,NaN,NaN,NaN,NaN,NaN,NaN,NaN,NaN,NaN,NaN,NaN,NaN,NaN,NaN,NaN,NaN,NaN,NaN,NaN,NaN,NaN,NaN,NaN,NaN,NaN,NaN,NaN,NaN,NaN,NaN,NaN,NaN,NaN,NaN,NaN,NaN,NaN,NaN,NaN,NaN,NaN,NaN,NaN,NaN,NaN,NaN,NaN,NaN,NaN,NaN,NaN,NaN,NaN,NaN,NaN,NaN,NaN,NaN,NaN,NaN,NaN,NaN,NaN
0.026484,0.025588,0.024772,0.024081,0.023488,0.022822,0.022213,0.021661,0.021164,0.020717,0.020186,0.019792,0.019188,0.018798,0.018404,0.018046,0.017721,0.017423,0.017115,0.016821,0.016568,0.016371,0.016207,0.016076,0.015977,0.015895,0.01585,0.015909,0.015844,0.015833,0.015876,0.01599,0.015924,0.015879,0.015483,0.015434,0.015314,0.015256,0.015178,0.015128,0.015101,0.015095,0.015111,0.015144,0.015196,0.015259,0.015358,0.015448,0.015545,0.015659,0.01579,0.015927,0.016087,0.016289,0.016522,0.016742,0.017051,0.017447,0.018213,0.020925,0.022245,0.021777,0.021377,0.020988,0.020651,0.020373,0.020163,0.020029,0.019979,0.020124,0.020278,0.020477,0.020756,0.021328,0.021859,0.022303,0.022819,0.023404,0.024085,0.02574,0.028037,0.028254,0.028302,0.028079,0.028597,0.029169,0.032471,0.031712,0.031023,0.030345,0.029778,0.029273,0.028934,0.029103,0.030683,0.029587,0.028187,0.027112,0.026327,0.026089,0.025964,0.026092,0.026674,0.027718,0.0292,0.031069,0.033261,0.035706,0.038345,0.041131,0.043917,0.039508,0.037614,0.036657,0.035687,0.034728,0.03381,0.032874,0.031952,0.031046,0.030158,0.029289,0.02844,0.027614,0.026812,0.026038,0.025293,0.024592,0.023909,0.023265,0.022663,0.0222,0.021683,0.021218,0.020809,0.02046,0.020229,0.020002,0.019902,0.019806,0.019779,0.019823,0.019937,0.020119,0.020368,0.020743,0.02111,0.021536,0.022018,0.022551,0.023133,0.023814,0.024472,0.02517,0.025904,0.026672,0.027473,0.028302,0.02916,0.030043,0.030949,0.031878,0.032826,0.033793,0.034775,0.035772,0.036782,0.037804,0.038837,NaN,NaN,NaN,NaN,NaN,NaN,NaN,NaN,NaN,NaN,NaN,NaN,NaN,NaN,NaN,NaN,NaN,NaN,NaN,NaN,NaN,NaN,NaN,NaN,NaN,NaN,NaN,NaN,NaN,NaN,NaN,NaN,NaN,NaN,NaN,NaN,NaN,NaN,NaN,NaN,NaN,NaN,NaN,NaN,NaN,NaN,NaN,NaN,NaN,NaN,NaN,NaN,NaN,NaN,NaN,NaN,NaN,NaN,NaN,NaN,NaN,NaN,NaN,NaN,NaN,NaN,NaN,NaN,NaN,NaN,NaN,NaN,NaN,NaN,NaN,NaN,NaN,NaN,NaN,NaN,NaN,NaN
0.026369,0.025455,0.024656,0.024037,0.023552,0.022892,0.022201,0.021634,0.021106,0.020619,0.020171,0.01966,0.019178,0.01879,0.018437,0.01812,0.017815,0.017535,0.017197,0.016935,0.016689,0.01644,0.016266,0.016099,0.015979,0.015889,0.015826,0.015807,0.015764,0.015756,0.015776,0.015824,0.015837,0.015816,0.015435,0.015284,0.015197,0.015147,0.015067,0.015029,0.01501,0.015009,0.015029,0.015061,0.015105,0.015159,0.015223,0.015281,0.015392,0.015526,0.015629,0.015778,0.015915,0.016128,0.016317,0.016501,0.016741,0.017063,0.017644,0.020094,0.021188,0.02088,0.020597,0.02032,0.020087,0.0199,0.019766,0.019689,0.019716,0.019759,0.019955,0.020166,0.020439,0.02088,0.021528,0.021826,0.022189,0.022617,0.023109,0.02449,0.02679,0.026952,0.027051,0.027066,0.027419,0.028198,0.031855,0.031376,0.030727,0.03014,0.029633,0.029266,0.02904,0.029379,0.031493,0.030903,0.029412,0.027959,0.02694,0.026288,0.025863,0.025881,0.026309,0.027251,0.028685,0.030555,0.032787,0.035302,0.038031,0.040921,0.043828,0.038991,0.03675,0.035824,0.034827,0.033915,0.033014,0.032125,0.03125,0.03039,0.029546,0.02872,0.027912,0.027126,0.026363,0.025624,0.024913,0.024231,0.023582,0.022968,0.022439,0.021901,0.021407,0.021008,0.020657,0.020309,0.020071,0.019889,0.019932,0.019976,0.019887,0.019864,0.019908,0.020018,0.020192,0.020487,0.020777,0.021177,0.021574,0.022024,0.022526,0.023075,0.023757,0.024373,0.02503,0.025727,0.026461,0.02723,0.028033,0.028901,0.029745,0.030618,0.031519,0.032446,0.0334,0.034379,0.035379,0.036398,0.037432,0.038479,NaN,NaN,NaN,NaN,NaN,NaN,NaN,NaN,NaN,NaN,NaN,NaN,NaN,NaN,NaN,NaN,NaN,NaN,NaN,NaN,NaN,NaN,NaN,NaN,NaN,NaN,NaN,NaN,NaN,NaN,NaN,NaN,NaN,NaN,NaN,NaN,NaN,NaN,NaN,NaN,NaN,NaN,NaN,NaN,NaN,NaN,NaN,NaN,NaN,NaN,NaN,NaN,NaN,NaN,NaN,NaN,NaN,NaN,NaN,NaN,NaN,NaN,NaN,NaN,NaN,NaN,NaN,NaN,NaN,NaN,NaN,NaN,NaN,NaN,NaN,NaN,NaN,NaN,NaN,NaN,NaN
0.026543,0.025702,0.024913,0.024208,0.023587,0.022975,0.022412,0.021758,0.021136,0.020544,0.020048,0.019538,0.019059,0.018647,0.018273,0.017905,0.0176,0.017282,0.017019,0.016774,0.016572,0.016399,0.016228,0.016112,0.016022,0.015973,0.015959,0.015996,0.015979,0.01601,0.016101,0.016226,0.016125,0.015978,0.015639,0.015433,0.015315,0.015219,0.015154,0.015108,0.015088,0.015078,0.015084,0.015104,0.015139,0.015189,0.015274,0.015343,0.015437,0.015547,0.015664,0.015804,0.01598,0.016179,0.016379,0.01663,0.016934,0.017345,0.017976,0.02081,0.02188,0.021451,0.021067,0.020735,0.02046,0.020248,0.020102,0.020028,0.020072,0.020278,0.020421,0.020668,0.020914,0.021567,0.022096,0.022478,0.0229,0.023415,0.024061,0.025394,0.027921,0.027908,0.028001,0.027823,0.028345,0.029072,0.03281,0.032141,0.03132,0.030607,0.030081,0.029733,0.029398,0.029555,0.030912,0.030212,0.028843,0.02753,0.026647,0.026292,0.025998,0.026065,0.026606,0.027629,0.029111,0.030999,0.033224,0.035711,0.038399,0.041217,0.044068,0.038813,0.036663,0.035489,0.034541,0.03365,0.032771,0.031904,0.03105,0.03021,0.029385,0.028576,0.027786,0.027015,0.026266,0.025544,0.024874,0.024194,0.023554,0.022974,0.022428,0.021872,0.021402,0.020929,0.020504,0.020131,0.019811,0.019548,0.019454,0.019358,0.019262,0.019229,0.01926,0.019355,0.019511,0.019729,0.020005,0.020338,0.020724,0.021163,0.021649,0.022181,0.022848,0.023442,0.024074,0.024741,0.025441,0.026171,0.026929,0.027714,0.028525,0.029359,0.030215,0.031091,0.032028,0.032911,0.033814,0.034744,0.035702,0.036683,0.037681,NaN,NaN,NaN,NaN,NaN,NaN,NaN,NaN,NaN,NaN,NaN,NaN,NaN,NaN,NaN,NaN,NaN,NaN,NaN,NaN,NaN,NaN,NaN,NaN,NaN,NaN,NaN,NaN,NaN,NaN,NaN,NaN,NaN,NaN,NaN,NaN,NaN,NaN,NaN,NaN,NaN,NaN,NaN,NaN,NaN,NaN,NaN,NaN,NaN,NaN,NaN,NaN,NaN,NaN,NaN,NaN,NaN,NaN,NaN,NaN,NaN,NaN,NaN,NaN,NaN,NaN,NaN,NaN,NaN,NaN,NaN,NaN,NaN,NaN,NaN,NaN,NaN,NaN,NaN,NaN
0.026109,0.025271,0.024526,0.023924,0.023422,0.022759,0.022166,0.021606,0.021079,0.020582,0.020089,0.019631,0.019082,0.018649,0.018248,0.017849,0.017507,0.0172,0.016906,0.016646,0.016415,0.016211,0.016031,0.015877,0.01577,0.015694,0.015737,0.015665,0.015689,0.015667,0.015706,0.015771,0.015837,0.015672,0.015297,0.015141,0.015071,0.015043,0.015037,0.015032,0.015035,0.015062,0.015105,0.015159,0.015229,0.015313,0.015419,0.015553,0.015664,0.015812,0.015935,0.016091,0.016252,0.016454,0.016656,0.016936,0.017264,0.017633,0.018676,0.021153,0.022439,0.022013,0.021528,0.021093,0.020714,0.020399,0.020157,0.019996,0.019927,0.020129,0.020285,0.020521,0.020805,0.021228,0.021922,0.022341,0.022852,0.023508,0.024287,0.025815,0.02806,0.028092,0.027937,0.027873,0.028146,0.028884,0.032179,0.031468,0.030692,0.030015,0.029433,0.029034,0.028727,0.029011,0.030839,0.029868,0.028375,0.027156,0.026406,0.026379,0.02607,0.026101,0.026596,0.027568,0.028999,0.030842,0.03303,0.035489,0.038155,0.040975,0.043882,0.038405,0.035883,0.034995,0.034144,0.033276,0.032418,0.031572,0.030737,0.029916,0.02911,0.028319,0.027545,0.02679,0.026055,0.025342,0.024653,0.023989,0.023355,0.022751,0.02218,0.021646,0.021191,0.020734,0.020321,0.019956,0.01969,0.019524,0.019589,0.019449,0.019309,0.019229,0.01921,0.019252,0.019354,0.019514,0.019733,0.020007,0.020335,0.020715,0.021143,0.021632,0.02214,0.02269,0.023279,0.023906,0.024567,0.02526,0.025983,0.026734,0.027511,0.028312,0.029135,0.029977,0.030838,0.031715,0.032607,0.033513,0.034431,0.03536,0.0363,0.037249,NaN,NaN,NaN,NaN,NaN,NaN,NaN,NaN,NaN,NaN,NaN,NaN,NaN,NaN,NaN,NaN,NaN,NaN,NaN,NaN,NaN,NaN,NaN,NaN,NaN,NaN,NaN,NaN,NaN,NaN,NaN,NaN,NaN,NaN,NaN,NaN,NaN,NaN,NaN,NaN,NaN,NaN,NaN,NaN,NaN,NaN,NaN,NaN,NaN,NaN,NaN,NaN,NaN,NaN,NaN,NaN,NaN,NaN,NaN,NaN,NaN,NaN,NaN,NaN,NaN,NaN,NaN,NaN,NaN,NaN,NaN,NaN,NaN,NaN,NaN,NaN,NaN,NaN,NaN
0.026591,0.025691,0.024874,0.024189,0.023611,0.022969,0.022383,0.021851,0.021266,0.020719,0.020208,0.019784,0.019275,0.018849,0.01845,0.018085,0.017753,0.017452,0.017182,0.016948,0.01669,0.01649,0.016327,0.016198,0.016104,0.016046,0.016009,0.015993,0.016004,0.016051,0.016126,0.016213,0.016104,0.016102,0.01576,0.015541,0.015437,0.015353,0.015271,0.015215,0.01519,0.015163,0.015153,0.015156,0.015174,0.015209,0.015269,0.015324,0.015409,0.015498,0.015582,0.015695,0.015858,0.016003,0.016196,0.01644,0.016615,0.01685,0.017694,0.019571,0.020631,0.020307,0.020025,0.019829,0.019632,0.01949,0.019409,0.019396,0.01956,0.019799,0.020065,0.020317,0.020699,0.021317,0.022003,0.022537,0.023032,0.02361,0.024302,0.026049,0.028263,0.028285,0.028212,0.028018,0.02822,0.028938,0.032904,0.032004,0.031059,0.030263,0.029584,0.028962,0.02856,0.028475,0.030061,0.029487,0.028176,0.027081,0.026507,0.026232,0.026119,0.026271,0.026876,0.02794,0.029443,0.031337,0.033556,0.036033,0.038704,0.041524,0.044307,0.038208,0.035588,0.034587,0.03373,0.032883,0.032045,0.031218,0.030402,0.0296,0.02881,0.028035,0.027277,0.026536,0.025813,0.025111,0.024432,0.023811,0.023179,0.022576,0.022003,0.021465,0.020963,0.020499,0.02012,0.019739,0.019448,0.019207,0.018965,0.01883,0.018744,0.01866,0.018632,0.018663,0.018751,0.018895,0.019095,0.019349,0.019654,0.020008,0.020409,0.020854,0.021395,0.021913,0.022468,0.023058,0.02368,0.024332,0.025011,0.025717,0.026446,0.027198,0.02797,0.028762,0.029571,0.030396,0.031236,0.032089,0.032954,0.033831,0.034717,0.035613,0.036518,NaN,NaN,NaN,NaN,NaN,NaN,NaN,NaN,NaN,NaN,NaN,NaN,NaN,NaN,NaN,NaN,NaN,NaN,NaN,NaN,NaN,NaN,NaN,NaN,NaN,NaN,NaN,NaN,NaN,NaN,NaN,NaN,NaN,NaN,NaN,NaN,NaN,NaN,NaN,NaN,NaN,NaN,NaN,NaN,NaN,NaN,NaN,NaN,NaN,NaN,NaN,NaN,NaN,NaN,NaN,NaN,NaN,NaN,NaN,NaN,NaN,NaN,NaN,NaN,NaN,NaN,NaN,NaN,NaN,NaN,NaN,NaN,NaN,NaN,NaN,NaN,NaN,NaN
0.02606,0.025285,0.024576,0.023972,0.023449,0.022851,0.022181,0.02162,0.021086,0.02058,0.020103,0.019602,0.019168,0.018718,0.018332,0.017976,0.017626,0.017298,0.016952,0.016685,0.016449,0.016209,0.016,0.015836,0.015702,0.015596,0.015519,0.015528,0.015464,0.01543,0.015451,0.015529,0.015435,0.015392,0.015134,0.01506,0.014975,0.014916,0.014885,0.01487,0.014871,0.014894,0.01493,0.014977,0.015036,0.015117,0.015188,0.015307,0.015413,0.015544,0.015674,0.01581,0.01598,0.016171,0.016402,0.016651,0.016858,0.017236,0.018072,0.020257,0.021393,0.021007,0.020707,0.02042,0.020142,0.019919,0.019759,0.019711,0.019694,0.019841,0.020111,0.020323,0.02062,0.021254,0.021889,0.022323,0.022913,0.023466,0.024189,0.025691,0.027582,0.027597,0.027598,0.027643,0.027802,0.02867,0.032009,0.031474,0.030775,0.030182,0.029642,0.029225,0.02899,0.029112,0.031644,0.030903,0.029166,0.02789,0.026967,0.026756,0.026244,0.026185,0.02662,0.027565,0.029001,0.030877,0.033117,0.035645,0.03839,0.041299,0.04421,0.037984,0.035278,0.034044,0.033241,0.032423,0.031614,0.030815,0.030027,0.029251,0.028488,0.027739,0.027005,0.026288,0.025589,0.024909,0.02425,0.023613,0.023037,0.022449,0.021891,0.021363,0.02087,0.020413,0.019995,0.019663,0.019372,0.019123,0.018968,0.018759,0.018603,0.018501,0.018453,0.01846,0.018522,0.018707,0.018911,0.019115,0.01937,0.019673,0.020023,0.020417,0.020881,0.021339,0.021834,0.022366,0.022931,0.023528,0.024156,0.024812,0.025494,0.026202,0.026934,0.027688,0.028462,0.029255,0.030065,0.030891,0.03173,0.032582,0.033445,0.034319,0.035202,0.036094,NaN,NaN,NaN,NaN,NaN,NaN,NaN,NaN,NaN,NaN,NaN,NaN,NaN,NaN,NaN,NaN,NaN,NaN,NaN,NaN,NaN,NaN,NaN,NaN,NaN,NaN,NaN,NaN,NaN,NaN,NaN,NaN,NaN,NaN,NaN,NaN,NaN,NaN,NaN,NaN,NaN,NaN,NaN,NaN,NaN,NaN,NaN,NaN,NaN,NaN,NaN,NaN,NaN,NaN,NaN,NaN,NaN,NaN,NaN,NaN,NaN,NaN,NaN,NaN,NaN,NaN,NaN,NaN,NaN,NaN,NaN,NaN,NaN,NaN,NaN,NaN,NaN
0.026344,0.025444,0.024648,0.024013,0.023494,0.022803,0.022196,0.021637,0.021126,0.020661,0.020239,0.019807,0.019283,0.018833,0.018478,0.018159,0.017823,0.017532,0.017253,0.016949,0.016707,0.016494,0.016325,0.016141,0.016018,0.015925,0.015823,0.015768,0.015739,0.015737,0.015761,0.01581,0.015777,0.015516,0.015264,0.01513,0.015031,0.014966,0.014907,0.014875,0.01487,0.01488,0.014907,0.014951,0.015013,0.015109,0.015187,0.015292,0.015375,0.015499,0.015607,0.015751,0.015901,0.01612,0.016331,0.016619,0.016862,0.017168,0.018167,0.020189,0.021294,0.020977,0.020629,0.020325,0.020101,0.019936,0.019779,0.019741,0.019717,0.019817,0.020016,0.020329,0.020614,0.021239,0.02181,0.022212,0.022711,0.023388,0.024142,0.025584,0.0274,0.02735,0.0275,0.027431,0.027601,0.028738,0.032152,0.031563,0.030771,0.030054,0.029444,0.028949,0.028629,0.028675,0.031186,0.03016,0.028629,0.027374,0.026372,0.025826,0.025603,0.025733,0.026327,0.027388,0.028888,0.030768,0.032959,0.035393,0.038013,0.040774,0.043406,0.036654,0.034288,0.03342,0.032603,0.031824,0.031054,0.030294,0.029544,0.028806,0.02808,0.027368,0.026669,0.025986,0.025349,0.024698,0.024066,0.023456,0.022868,0.022341,0.021802,0.021292,0.020812,0.020367,0.019957,0.019585,0.019317,0.019019,0.018943,0.018721,0.018547,0.018423,0.018351,0.01833,0.018362,0.0185,0.018669,0.018885,0.019096,0.019354,0.019658,0.020068,0.020509,0.020902,0.021334,0.021802,0.022306,0.022843,0.023412,0.024012,0.024642,0.025301,0.025987,0.026699,0.027436,0.028195,0.028975,0.029773,0.030587,0.031417,0.032259,0.033114,0.033979,0.034854,0.035738,NaN,NaN,NaN,NaN,NaN,NaN,NaN,NaN,NaN,NaN,NaN,NaN,NaN,NaN,NaN,NaN,NaN,NaN,NaN,NaN,NaN,NaN,NaN,NaN,NaN,NaN,NaN,NaN,NaN,NaN,NaN,NaN,NaN,NaN,NaN,NaN,NaN,NaN,NaN,NaN,NaN,NaN,NaN,NaN,NaN,NaN,NaN,NaN,NaN,NaN,NaN,NaN,NaN,NaN,NaN,NaN,NaN,NaN,NaN,NaN,NaN,NaN,NaN,NaN,NaN,NaN,NaN,NaN,NaN,NaN,NaN,NaN,NaN,NaN,NaN,NaN
0.026369,0.025473,0.024674,0.024024,0.023486,0.022803,0.022207,0.021664,0.021171,0.020722,0.02025,0.019812,0.019283,0.018777,0.018395,0.018047,0.017676,0.017399,0.017124,0.016828,0.016564,0.016358,0.016161,0.016013,0.015878,0.015758,0.015685,0.015631,0.015611,0.015619,0.015641,0.015699,0.015741,0.015703,0.015387,0.015269,0.015215,0.015157,0.015114,0.015099,0.015058,0.015079,0.015114,0.015163,0.01523,0.015307,0.015414,0.015545,0.015673,0.015791,0.015924,0.016088,0.016267,0.016481,0.01667,0.016985,0.017257,0.017634,0.018283,0.020385,0.021511,0.021138,0.020802,0.020566,0.020253,0.020002,0.019825,0.019733,0.01973,0.020025,0.020233,0.020417,0.020735,0.021426,0.021933,0.022357,0.022859,0.023433,0.024153,0.025692,0.027558,0.027652,0.02761,0.027533,0.028,0.02872,0.032176,0.031538,0.030784,0.030096,0.029587,0.029139,0.028878,0.029062,0.031492,0.030591,0.02905,0.027732,0.026666,0.026197,0.025828,0.025902,0.026452,0.027487,0.028979,0.030867,0.03308,0.035547,0.038209,0.04102,0.043735,0.037123,0.034214,0.033117,0.032338,0.031576,0.030822,0.030078,0.029343,0.02862,0.027932,0.027229,0.02654,0.025866,0.025207,0.024565,0.023969,0.023363,0.02281,0.022245,0.021777,0.021287,0.020794,0.020331,0.019903,0.019511,0.019235,0.018913,0.018678,0.018486,0.018335,0.018183,0.018079,0.018026,0.018023,0.018071,0.018168,0.018315,0.01851,0.018751,0.019037,0.019421,0.019828,0.020212,0.020633,0.021089,0.02158,0.022102,0.022653,0.023234,0.023841,0.024473,0.02513,0.025809,0.026509,0.027229,0.027968,0.028723,0.029493,0.030304,0.031076,0.031865,0.032674,0.033506,0.034358,0.035223,NaN,NaN,NaN,NaN,NaN,NaN,NaN,NaN,NaN,NaN,NaN,NaN,NaN,NaN,NaN,NaN,NaN,NaN,NaN,NaN,NaN,NaN,NaN,NaN,NaN,NaN,NaN,NaN,NaN,NaN,NaN,NaN,NaN,NaN,NaN,NaN,NaN,NaN,NaN,NaN,NaN,NaN,NaN,NaN,NaN,NaN,NaN,NaN,NaN,NaN,NaN,NaN,NaN,NaN,NaN,NaN,NaN,NaN,NaN,NaN,NaN,NaN,NaN,NaN,NaN,NaN,NaN,NaN,NaN,NaN,NaN,NaN,NaN,NaN,NaN
0.026086,0.025332,0.024617,0.023961,0.023355,0.022713,0.022118,0.021558,0.021035,0.020548,0.020035,0.019553,0.019141,0.018724,0.01837,0.018051,0.017711,0.01739,0.017118,0.016842,0.016595,0.016382,0.01619,0.015996,0.015842,0.015733,0.015651,0.015578,0.015539,0.015526,0.015538,0.015562,0.015512,0.015459,0.015187,0.015052,0.014972,0.014867,0.01482,0.014784,0.014773,0.014771,0.014788,0.014819,0.014865,0.014936,0.015014,0.015092,0.0152,0.015313,0.015447,0.015601,0.015775,0.016006,0.016211,0.01649,0.016755,0.017251,0.018006,0.020362,0.02129,0.020916,0.02058,0.020285,0.020069,0.019863,0.019717,0.019678,0.019669,0.019819,0.020088,0.020296,0.020678,0.021198,0.021682,0.022127,0.022637,0.023208,0.023895,0.025244,0.027389,0.027609,0.027638,0.027576,0.028138,0.028878,0.033565,0.032567,0.031606,0.030716,0.029953,0.029455,0.02903,0.029093,0.030482,0.029839,0.028474,0.027244,0.026364,0.025985,0.02586,0.026009,0.026616,0.027688,0.029199,0.031096,0.033314,0.035783,0.038443,0.041248,0.044016,0.036797,0.033787,0.032935,0.032126,0.031379,0.030641,0.029911,0.029191,0.028481,0.027782,0.027094,0.02642,0.025759,0.025114,0.02451,0.023895,0.023299,0.022723,0.022169,0.021638,0.021133,0.02072,0.020266,0.019843,0.019493,0.019136,0.018859,0.018703,0.018578,0.018357,0.018181,0.018053,0.017972,0.017939,0.017955,0.018019,0.018131,0.01829,0.018495,0.018744,0.019074,0.019408,0.01976,0.020149,0.020575,0.021034,0.021526,0.022047,0.022598,0.023176,0.023779,0.024406,0.025055,0.025726,0.026416,0.027125,0.02785,0.02859,0.029345,0.030112,0.03089,0.031679,0.032478,0.033285,0.034101,0.034924,NaN,NaN,NaN,NaN,NaN,NaN,NaN,NaN,NaN,NaN,NaN,NaN,NaN,NaN,NaN,NaN,NaN,NaN,NaN,NaN,NaN,NaN,NaN,NaN,NaN,NaN,NaN,NaN,NaN,NaN,NaN,NaN,NaN,NaN,NaN,NaN,NaN,NaN,NaN,NaN,NaN,NaN,NaN,NaN,NaN,NaN,NaN,NaN,NaN,NaN,NaN,NaN,NaN,NaN,NaN,NaN,NaN,NaN,NaN,NaN,NaN,NaN,NaN,NaN,NaN,NaN,NaN,NaN,NaN,NaN,NaN,NaN,NaN,NaN
0.02647,0.025576,0.024764,0.024081,0.023503,0.022857,0.022164,0.021608,0.021105,0.020651,0.02024,0.019772,0.019249,0.018838,0.01841,0.018076,0.017753,0.017401,0.017076,0.016797,0.016554,0.016356,0.01619,0.016011,0.015895,0.015809,0.015752,0.015745,0.01572,0.015723,0.015756,0.015819,0.01581,0.015708,0.015478,0.015331,0.015246,0.015127,0.015101,0.015089,0.015003,0.015,0.015015,0.015042,0.015088,0.015152,0.015229,0.015296,0.015422,0.015559,0.015687,0.015839,0.016058,0.016262,0.016532,0.016744,0.017049,0.017558,0.018371,0.020684,0.021917,0.021514,0.021118,0.020766,0.020496,0.020246,0.02006,0.019946,0.01991,0.019995,0.020204,0.020401,0.020725,0.021206,0.021871,0.02227,0.022731,0.023248,0.023966,0.025775,0.027514,0.027609,0.027506,0.027401,0.027996,0.028577,0.03289,0.032289,0.031516,0.030855,0.030203,0.029714,0.02932,0.029309,0.031257,0.030246,0.028728,0.027439,0.026568,0.026036,0.025818,0.025952,0.026547,0.027607,0.029104,0.030981,0.033171,0.035605,0.038227,0.040992,0.043517,0.036328,0.033767,0.032512,0.031774,0.031044,0.030322,0.029608,0.028904,0.02821,0.027527,0.026855,0.026195,0.025549,0.024943,0.024348,0.023743,0.023156,0.022588,0.022041,0.021517,0.021017,0.020542,0.020096,0.019679,0.019294,0.018943,0.018745,0.018576,0.018357,0.018134,0.017954,0.017819,0.017729,0.017685,0.017678,0.01772,0.017808,0.017941,0.018118,0.018339,0.018601,0.018931,0.019251,0.019608,0.019999,0.020425,0.020881,0.021368,0.021883,0.022424,0.022991,0.023582,0.024195,0.024829,0.025483,0.026155,0.026844,0.027549,0.028269,0.029001,0.029745,0.030501,0.031266,0.03204,0.032823,0.033613,0.034411,NaN,NaN,NaN,NaN,NaN,NaN,NaN,NaN,NaN,NaN,NaN,NaN,NaN,NaN,NaN,NaN,NaN,NaN,NaN,NaN,NaN,NaN,NaN,NaN,NaN,NaN,NaN,NaN,NaN,NaN,NaN,NaN,NaN,NaN,NaN,NaN,NaN,NaN,NaN,NaN,NaN,NaN,NaN,NaN,NaN,NaN,NaN,NaN,NaN,NaN,NaN,NaN,NaN,NaN,NaN,NaN,NaN,NaN,NaN,NaN,NaN,NaN,NaN,NaN,NaN,NaN,NaN,NaN,NaN,NaN,NaN,NaN,NaN
0.026468,0.025592,0.024796,0.024134,0.023593,0.023016,0.022388,0.021752,0.021149,0.020575,0.020096,0.01965,0.019156,0.018754,0.018386,0.018052,0.017727,0.017401,0.017125,0.016812,0.016551,0.016343,0.016167,0.016021,0.015888,0.015796,0.01572,0.015737,0.015688,0.015678,0.0157,0.015777,0.015743,0.01552,0.015294,0.015162,0.015113,0.015035,0.015007,0.015003,0.014993,0.015006,0.015038,0.01508,0.015135,0.015205,0.015273,0.015361,0.015461,0.015566,0.015715,0.015884,0.016088,0.016265,0.016464,0.016684,0.017018,0.017403,0.01819,0.020421,0.021205,0.020877,0.020578,0.020287,0.020044,0.019855,0.019765,0.019696,0.019701,0.019864,0.020106,0.020318,0.020686,0.021226,0.021676,0.022116,0.022597,0.023235,0.023895,0.025396,0.027689,0.027675,0.02755,0.027475,0.027932,0.028763,0.032448,0.031825,0.030932,0.030162,0.02953,0.029061,0.028715,0.028841,0.031043,0.029891,0.028404,0.027262,0.026386,0.026171,0.025863,0.025983,0.026559,0.027598,0.029075,0.030936,0.033115,0.035545,0.038167,0.040935,0.043671,0.03592,0.033134,0.032257,0.031531,0.030812,0.030101,0.029398,0.028703,0.028019,0.027344,0.02668,0.026029,0.02539,0.024764,0.024153,0.023559,0.022981,0.022422,0.021883,0.021397,0.0209,0.020428,0.019987,0.019565,0.019174,0.018815,0.018505,0.01825,0.018031,0.017846,0.01766,0.017515,0.017414,0.017357,0.017344,0.017375,0.017451,0.017571,0.017733,0.017937,0.01819,0.018471,0.018763,0.019091,0.019453,0.019848,0.020273,0.020728,0.021209,0.021717,0.02225,0.022806,0.023384,0.023982,0.024601,0.025237,0.025891,0.026561,0.027246,0.027944,0.028654,0.029375,0.030106,0.030847,0.031597,0.032354,0.033119,0.03389,NaN,NaN,NaN,NaN,NaN,NaN,NaN,NaN,NaN,NaN,NaN,NaN,NaN,NaN,NaN,NaN,NaN,NaN,NaN,NaN,NaN,NaN,NaN,NaN,NaN,NaN,NaN,NaN,NaN,NaN,NaN,NaN,NaN,NaN,NaN,NaN,NaN,NaN,NaN,NaN,NaN,NaN,NaN,NaN,NaN,NaN,NaN,NaN,NaN,NaN,NaN,NaN,NaN,NaN,NaN,NaN,NaN,NaN,NaN,NaN,NaN,NaN,NaN,NaN,NaN,NaN,NaN,NaN,NaN,NaN,NaN,NaN
0.026276,0.025377,0.024583,0.023951,0.023435,0.02279,0.022175,0.02161,0.021096,0.020633,0.020156,0.01972,0.019278,0.01889,0.018433,0.018072,0.017716,0.017428,0.017111,0.016817,0.016551,0.016339,0.016136,0.015979,0.015814,0.015704,0.015612,0.01559,0.01552,0.015491,0.015499,0.015535,0.015558,0.01558,0.015252,0.015136,0.015077,0.015051,0.015018,0.015029,0.015054,0.015097,0.015158,0.015237,0.015331,0.01542,0.015527,0.015671,0.015809,0.015943,0.016064,0.016218,0.016359,0.016544,0.016769,0.017069,0.01735,0.017749,0.0186,0.021061,0.022313,0.021831,0.021389,0.020992,0.020646,0.020355,0.020127,0.01997,0.019892,0.020001,0.020162,0.020316,0.020697,0.021084,0.021635,0.022094,0.02257,0.023119,0.023861,0.025259,0.027026,0.027343,0.027563,0.027693,0.028013,0.028704,0.031543,0.031109,0.030529,0.029986,0.029485,0.029142,0.028986,0.029254,0.031348,0.030708,0.029079,0.02772,0.026933,0.026547,0.026146,0.026102,0.026545,0.027489,0.028914,0.030766,0.032974,0.035459,0.038155,0.041009,0.043714,0.035759,0.032689,0.031692,0.030995,0.030306,0.029624,0.028949,0.028283,0.027625,0.026977,0.026361,0.025732,0.025114,0.024532,0.023937,0.023358,0.022794,0.022247,0.021719,0.02121,0.020722,0.020258,0.019817,0.019402,0.01905,0.018689,0.018396,0.018168,0.01795,0.017708,0.017504,0.017339,0.017215,0.017133,0.017126,0.017124,0.017165,0.017249,0.017373,0.017567,0.017771,0.018006,0.01827,0.018568,0.018901,0.019266,0.019662,0.020088,0.020541,0.02102,0.021524,0.022052,0.022601,0.023171,0.023761,0.024369,0.024993,0.025634,0.026289,0.026957,0.027637,0.028329,0.029031,0.029742,0.030463,0.031191,0.031926,0.032669,0.033418,NaN,NaN,NaN,NaN,NaN,NaN,NaN,NaN,NaN,NaN,NaN,NaN,NaN,NaN,NaN,NaN,NaN,NaN,NaN,NaN,NaN,NaN,NaN,NaN,NaN,NaN,NaN,NaN,NaN,NaN,NaN,NaN,NaN,NaN,NaN,NaN,NaN,NaN,NaN,NaN,NaN,NaN,NaN,NaN,NaN,NaN,NaN,NaN,NaN,NaN,NaN,NaN,NaN,NaN,NaN,NaN,NaN,NaN,NaN,NaN,NaN,NaN,NaN,NaN,NaN,NaN,NaN,NaN,NaN,NaN,NaN
0.026281,0.025359,0.024552,0.023924,0.023426,0.022768,0.022181,0.021651,0.021174,0.020743,0.020352,0.019894,0.019253,0.018812,0.018432,0.018049,0.01767,0.017333,0.017025,0.016726,0.016485,0.016258,0.016074,0.01592,0.015797,0.015669,0.015593,0.015545,0.015511,0.015479,0.015495,0.015526,0.015503,0.015476,0.015156,0.015081,0.015059,0.015014,0.015008,0.01498,0.014985,0.015006,0.015042,0.015093,0.015152,0.015223,0.015315,0.015414,0.015507,0.015619,0.015762,0.015923,0.0161,0.016316,0.016505,0.016793,0.017097,0.017421,0.018288,0.020608,0.02183,0.021355,0.020928,0.020555,0.020248,0.020051,0.019889,0.019813,0.019827,0.020014,0.020316,0.020523,0.020857,0.021342,0.022226,0.022611,0.023099,0.023741,0.024465,0.025925,0.027781,0.027686,0.027781,0.027752,0.027946,0.028517,0.032291,0.031592,0.030832,0.030187,0.0296,0.029201,0.029046,0.029339,0.031154,0.030404,0.028797,0.027572,0.026593,0.025961,0.025663,0.025807,0.026422,0.027513,0.029047,0.030965,0.033194,0.035663,0.038318,0.041114,0.043843,0.035225,0.032247,0.031278,0.030615,0.029941,0.029274,0.028614,0.027962,0.027318,0.026683,0.026058,0.025443,0.024839,0.024248,0.023669,0.023126,0.022573,0.022087,0.021563,0.021057,0.020572,0.020108,0.019668,0.019252,0.018863,0.018501,0.01817,0.017903,0.017698,0.017455,0.017249,0.017079,0.016949,0.016858,0.016862,0.016844,0.016866,0.016941,0.017039,0.017177,0.01737,0.017571,0.017809,0.018081,0.018386,0.018723,0.019091,0.019487,0.019911,0.02036,0.020834,0.021331,0.02185,0.022389,0.022948,0.023525,0.024118,0.024727,0.025351,0.025988,0.026637,0.027298,0.027969,0.02865,0.029339,0.030037,0.030742,0.031454,0.032173,0.032897,NaN,NaN,NaN,NaN,NaN,NaN,NaN,NaN,NaN,NaN,NaN,NaN,NaN,NaN,NaN,NaN,NaN,NaN,NaN,NaN,NaN,NaN,NaN,NaN,NaN,NaN,NaN,NaN,NaN,NaN,NaN,NaN,NaN,NaN,NaN,NaN,NaN,NaN,NaN,NaN,NaN,NaN,NaN,NaN,NaN,NaN,NaN,NaN,NaN,NaN,NaN,NaN,NaN,NaN,NaN,NaN,NaN,NaN,NaN,NaN,NaN,NaN,NaN,NaN,NaN,NaN,NaN,NaN,NaN,NaN
0.026108,0.025319,0.024596,0.023973,0.023423,0.022794,0.022193,0.021627,0.021095,0.020597,0.020133,0.019653,0.019117,0.018704,0.018324,0.017945,0.017622,0.017334,0.01701,0.016748,0.016464,0.016251,0.01607,0.015919,0.015782,0.015685,0.015617,0.015605,0.015561,0.01555,0.015575,0.015641,0.015617,0.015571,0.015237,0.015139,0.01507,0.015006,0.014996,0.014976,0.014994,0.01502,0.015059,0.015108,0.015173,0.015252,0.015364,0.015483,0.01562,0.015717,0.015835,0.015999,0.016148,0.016356,0.01656,0.016785,0.017026,0.017516,0.018532,0.020618,0.021612,0.021266,0.020921,0.020622,0.02033,0.020094,0.019972,0.01986,0.019826,0.019974,0.020096,0.020374,0.020659,0.021411,0.021949,0.022315,0.022814,0.023366,0.024092,0.025408,0.027448,0.027524,0.027473,0.02751,0.028012,0.028708,0.032359,0.031844,0.031049,0.030337,0.02974,0.029219,0.028823,0.028732,0.030868,0.029906,0.028551,0.027444,0.026592,0.02622,0.026106,0.026169,0.026693,0.027687,0.029133,0.030979,0.033162,0.035609,0.038259,0.041062,0.043867,0.034945,0.032143,0.030895,0.030264,0.02962,0.028966,0.02832,0.02768,0.027049,0.026426,0.025813,0.025209,0.024616,0.024034,0.023464,0.022907,0.022364,0.021837,0.021325,0.020831,0.020356,0.019901,0.019467,0.019057,0.01867,0.018311,0.018042,0.017828,0.017541,0.017286,0.017065,0.01688,0.016731,0.01662,0.016547,0.016513,0.016518,0.016562,0.016644,0.016765,0.016923,0.017122,0.017341,0.017594,0.017879,0.018196,0.018542,0.018916,0.019317,0.019743,0.020192,0.020664,0.021157,0.021669,0.0222,0.022748,0.023313,0.023892,0.024485,0.025092,0.02571,0.026339,0.026979,0.027628,0.028287,0.028953,0.029626,0.030307,0.030995,0.031688,0.032387,NaN,NaN,NaN,NaN,NaN,NaN,NaN,NaN,NaN,NaN,NaN,NaN,NaN,NaN,NaN,NaN,NaN,NaN,NaN,NaN,NaN,NaN,NaN,NaN,NaN,NaN,NaN,NaN,NaN,NaN,NaN,NaN,NaN,NaN,NaN,NaN,NaN,NaN,NaN,NaN,NaN,NaN,NaN,NaN,NaN,NaN,NaN,NaN,NaN,NaN,NaN,NaN,NaN,NaN,NaN,NaN,NaN,NaN,NaN,NaN,NaN,NaN,NaN,NaN,NaN,NaN,NaN,NaN,NaN
0.026104,0.025357,0.024641,0.02397,0.023339,0.022696,0.022097,0.021537,0.021015,0.020529,0.020077,0.019608,0.019088,0.018642,0.018219,0.017857,0.017528,0.017207,0.016916,0.016608,0.016355,0.016146,0.015969,0.015824,0.015691,0.015587,0.01552,0.015463,0.015443,0.015452,0.015488,0.01555,0.015553,0.015554,0.015263,0.015179,0.015098,0.015059,0.01505,0.015036,0.015037,0.015061,0.015101,0.01515,0.015217,0.015298,0.015401,0.015497,0.015605,0.015744,0.015884,0.016042,0.016222,0.016443,0.016661,0.016904,0.017168,0.017694,0.018426,0.021111,0.022298,0.021837,0.021385,0.02098,0.020629,0.02034,0.020204,0.020036,0.020005,0.020036,0.020245,0.020492,0.020838,0.021355,0.022097,0.022555,0.023144,0.023771,0.024549,0.026025,0.028006,0.028136,0.02803,0.02785,0.027911,0.028987,0.032921,0.032034,0.03119,0.03042,0.029809,0.029283,0.028956,0.028852,0.030906,0.030015,0.02849,0.027246,0.02642,0.026036,0.025768,0.025929,0.026548,0.027629,0.029144,0.031038,0.033243,0.03569,0.038323,0.041096,0.043696,0.034842,0.031478,0.030487,0.029862,0.029228,0.028599,0.027977,0.027363,0.026756,0.026157,0.025566,0.025005,0.024432,0.023869,0.023317,0.022778,0.022253,0.021809,0.021305,0.020818,0.020348,0.019896,0.019466,0.019056,0.01867,0.018308,0.017973,0.017734,0.017455,0.017192,0.016962,0.016766,0.016604,0.016477,0.016415,0.016358,0.016339,0.016358,0.016414,0.016507,0.016665,0.016826,0.017016,0.01724,0.017496,0.017783,0.0181,0.018445,0.018817,0.019214,0.019635,0.020079,0.020544,0.021029,0.021533,0.022055,0.022593,0.023147,0.023715,0.024297,0.024891,0.025497,0.026113,0.026739,0.027374,0.028018,0.028669,0.029328,0.029994,0.030665,0.031343,0.032026,NaN,NaN,NaN,NaN,NaN,NaN,NaN,NaN,NaN,NaN,NaN,NaN,NaN,NaN,NaN,NaN,NaN,NaN,NaN,NaN,NaN,NaN,NaN,NaN,NaN,NaN,NaN,NaN,NaN,NaN,NaN,NaN,NaN,NaN,NaN,NaN,NaN,NaN,NaN,NaN,NaN,NaN,NaN,NaN,NaN,NaN,NaN,NaN,NaN,NaN,NaN,NaN,NaN,NaN,NaN,NaN,NaN,NaN,NaN,NaN,NaN,NaN,NaN,NaN,NaN,NaN,NaN,NaN
0.026214,0.02537,0.02461,0.023978,0.023439,0.022758,0.022146,0.021572,0.021039,0.020546,0.020093,0.01968,0.019184,0.018768,0.018417,0.018101,0.017794,0.017486,0.017183,0.01689,0.016622,0.016397,0.016217,0.016067,0.015905,0.015802,0.015727,0.015671,0.015644,0.015644,0.015655,0.015686,0.015603,0.015549,0.015301,0.015145,0.015071,0.015008,0.014952,0.014919,0.014914,0.014923,0.014941,0.014968,0.015011,0.015076,0.01515,0.015228,0.01532,0.015447,0.0156,0.015742,0.015921,0.01612,0.016363,0.016626,0.016875,0.017395,0.018223,0.020443,0.021299,0.020928,0.020596,0.020309,0.02007,0.019888,0.019769,0.019719,0.019746,0.019891,0.020154,0.020396,0.020713,0.021512,0.021887,0.022226,0.022675,0.023339,0.02406,0.025563,0.027364,0.027466,0.027695,0.027645,0.027889,0.028461,0.032936,0.032236,0.031311,0.030452,0.029772,0.029295,0.028951,0.029066,0.030524,0.029523,0.028177,0.026996,0.026235,0.025915,0.025709,0.025925,0.026588,0.027699,0.029229,0.031125,0.033321,0.03575,0.038358,0.041103,0.043719,0.03442,0.031088,0.03022,0.029594,0.028975,0.028361,0.027754,0.027154,0.026561,0.025976,0.025399,0.024831,0.024273,0.023725,0.023188,0.022663,0.02215,0.021673,0.021187,0.02074,0.020284,0.019858,0.019436,0.019037,0.018653,0.018318,0.018009,0.017724,0.017496,0.017229,0.016992,0.016788,0.016616,0.016478,0.016385,0.016309,0.01627,0.016267,0.0163,0.016369,0.016495,0.016614,0.016777,0.016972,0.0172,0.017459,0.017747,0.018064,0.018408,0.018777,0.019172,0.019589,0.020028,0.020488,0.020968,0.021456,0.021962,0.022485,0.023023,0.023576,0.024142,0.024721,0.025312,0.025915,0.026528,0.027152,0.027785,0.028427,0.029076,0.029733,0.030396,0.031066,0.03174,NaN,NaN,NaN,NaN,NaN,NaN,NaN,NaN,NaN,NaN,NaN,NaN,NaN,NaN,NaN,NaN,NaN,NaN,NaN,NaN,NaN,NaN,NaN,NaN,NaN,NaN,NaN,NaN,NaN,NaN,NaN,NaN,NaN,NaN,NaN,NaN,NaN,NaN,NaN,NaN,NaN,NaN,NaN,NaN,NaN,NaN,NaN,NaN,NaN,NaN,NaN,NaN,NaN,NaN,NaN,NaN,NaN,NaN,NaN,NaN,NaN,NaN,NaN,NaN,NaN,NaN,NaN
0.026347,0.025523,0.024758,0.024083,0.023478,0.022801,0.022186,0.021617,0.021093,0.020612,0.020174,0.019727,0.019231,0.018779,0.018423,0.018104,0.01777,0.017455,0.017192,0.016946,0.016718,0.016508,0.016334,0.016179,0.01602,0.015927,0.015862,0.015811,0.015862,0.015841,0.015827,0.015866,0.01582,0.015708,0.015513,0.01527,0.015182,0.015133,0.015073,0.01502,0.014993,0.014987,0.015003,0.015035,0.015075,0.015131,0.015224,0.01532,0.0154,0.015511,0.015628,0.015767,0.015944,0.01615,0.016368,0.016636,0.016921,0.017298,0.018154,0.020499,0.021505,0.021113,0.02076,0.020448,0.020185,0.019974,0.019823,0.01974,0.019771,0.019992,0.020229,0.020388,0.020627,0.021236,0.02159,0.02195,0.022446,0.023024,0.023653,0.025047,0.027327,0.027404,0.027474,0.027499,0.028127,0.029341,0.032516,0.031791,0.030915,0.030157,0.029733,0.02915,0.028826,0.02878,0.030826,0.03014,0.028734,0.027405,0.026531,0.026096,0.025836,0.025926,0.026476,0.027494,0.028956,0.030811,0.032989,0.035423,0.038051,0.040826,0.04359,0.034047,0.030687,0.029788,0.0292,0.028618,0.028042,0.027382,0.026807,0.026237,0.025691,0.025135,0.024587,0.024048,0.023519,0.023,0.022509,0.02203,0.021541,0.021066,0.020606,0.020161,0.019733,0.019323,0.018931,0.01856,0.018211,0.017919,0.01772,0.017447,0.017169,0.01692,0.016701,0.016512,0.016355,0.016276,0.016176,0.01611,0.016098,0.016098,0.016133,0.016201,0.016304,0.016441,0.01661,0.016811,0.017042,0.017303,0.017592,0.017909,0.018251,0.018619,0.01901,0.019423,0.019857,0.020311,0.020784,0.021275,0.021781,0.022303,0.022839,0.023388,0.023949,0.024521,0.025104,0.025697,0.026298,0.026928,0.027527,0.028136,0.028757,0.029394,0.030044,0.030706,0.031375,NaN,NaN,NaN,NaN,NaN,NaN,NaN,NaN,NaN,NaN,NaN,NaN,NaN,NaN,NaN,NaN,NaN,NaN,NaN,NaN,NaN,NaN,NaN,NaN,NaN,NaN,NaN,NaN,NaN,NaN,NaN,NaN,NaN,NaN,NaN,NaN,NaN,NaN,NaN,NaN,NaN,NaN,NaN,NaN,NaN,NaN,NaN,NaN,NaN,NaN,NaN,NaN,NaN,NaN,NaN,NaN,NaN,NaN,NaN,NaN,NaN,NaN,NaN,NaN,NaN,NaN
0.026057,0.025256,0.024522,0.02389,0.023335,0.022707,0.022119,0.021573,0.021067,0.020599,0.020167,0.019719,0.019177,0.018741,0.018366,0.017988,0.017667,0.017352,0.017088,0.016755,0.01648,0.016257,0.016064,0.015901,0.015766,0.01566,0.015582,0.015603,0.015521,0.015478,0.015482,0.015535,0.015591,0.015453,0.015209,0.015026,0.014962,0.014926,0.014847,0.01478,0.014754,0.01475,0.014764,0.014796,0.014858,0.014918,0.014997,0.015082,0.015204,0.015343,0.015487,0.015652,0.015874,0.016089,0.016372,0.016647,0.017044,0.017448,0.018311,0.020358,0.021299,0.020948,0.020658,0.020426,0.020282,0.020019,0.019929,0.01986,0.019864,0.020158,0.020489,0.020656,0.020995,0.021428,0.02195,0.022419,0.022816,0.02335,0.023913,0.025182,0.027328,0.027399,0.027359,0.02726,0.027689,0.028729,0.033221,0.032587,0.031657,0.03084,0.030148,0.029639,0.029245,0.029331,0.030696,0.02987,0.028378,0.02717,0.026391,0.026084,0.025896,0.026053,0.026659,0.027719,0.029207,0.031074,0.033253,0.035678,0.03829,0.041045,0.043742,0.033951,0.030368,0.029406,0.028822,0.028244,0.027673,0.027108,0.02655,0.025999,0.025455,0.024935,0.024406,0.023838,0.02332,0.022811,0.02233,0.021841,0.021383,0.020917,0.020465,0.020028,0.019606,0.019202,0.018863,0.01849,0.018138,0.017808,0.017508,0.017272,0.017028,0.016781,0.016562,0.016373,0.016214,0.016086,0.015994,0.015927,0.015893,0.015893,0.015925,0.015988,0.016069,0.016182,0.016327,0.016503,0.016709,0.016943,0.017206,0.017494,0.017809,0.018148,0.018509,0.018893,0.019298,0.019723,0.020167,0.020628,0.021106,0.0216,0.022109,0.022632,0.023167,0.023714,0.024272,0.024841,0.025425,0.025998,0.026581,0.027173,0.027776,0.02839,0.029015,0.02965,0.030291,0.030939,NaN,NaN,NaN,NaN,NaN,NaN,NaN,NaN,NaN,NaN,NaN,NaN,NaN,NaN,NaN,NaN,NaN,NaN,NaN,NaN,NaN,NaN,NaN,NaN,NaN,NaN,NaN,NaN,NaN,NaN,NaN,NaN,NaN,NaN,NaN,NaN,NaN,NaN,NaN,NaN,NaN,NaN,NaN,NaN,NaN,NaN,NaN,NaN,NaN,NaN,NaN,NaN,NaN,NaN,NaN,NaN,NaN,NaN,NaN,NaN,NaN,NaN,NaN,NaN,NaN
0.026261,0.025379,0.024594,0.023962,0.023445,0.02278,0.022202,0.021669,0.021078,0.020601,0.020164,0.019714,0.019174,0.018787,0.018435,0.018082,0.017793,0.017538,0.017273,0.016973,0.016748,0.016527,0.016361,0.016202,0.016088,0.015972,0.015877,0.015858,0.015801,0.015758,0.015761,0.015777,0.015741,0.015628,0.015321,0.015155,0.015048,0.014946,0.01489,0.014836,0.014798,0.014788,0.014797,0.014826,0.014875,0.014939,0.015052,0.01514,0.015227,0.015321,0.015457,0.015597,0.01574,0.015962,0.016158,0.016348,0.016592,0.016959,0.017776,0.019848,0.020959,0.020612,0.020327,0.020049,0.019815,0.019632,0.019506,0.019442,0.019448,0.019567,0.019761,0.01998,0.020272,0.020763,0.021408,0.021861,0.02233,0.022911,0.023529,0.025067,0.026699,0.026903,0.026791,0.026907,0.027415,0.028363,0.03292,0.032045,0.03115,0.030311,0.029585,0.028989,0.02853,0.028673,0.030744,0.029885,0.028421,0.027171,0.026338,0.025964,0.025719,0.025852,0.026442,0.027492,0.028977,0.030843,0.033024,0.035453,0.038072,0.040836,0.043529,0.033714,0.029967,0.029017,0.028482,0.027915,0.027354,0.026797,0.026247,0.025703,0.025165,0.024635,0.024112,0.023614,0.023106,0.022635,0.022142,0.021659,0.021206,0.020744,0.020296,0.019862,0.019443,0.01904,0.018676,0.018305,0.017954,0.017673,0.017408,0.017164,0.016886,0.016634,0.016409,0.016212,0.016083,0.015959,0.015842,0.015752,0.015695,0.015669,0.015676,0.015714,0.015807,0.015905,0.016035,0.016194,0.016383,0.0166,0.016845,0.017086,0.017377,0.017691,0.018029,0.018389,0.01877,0.01917,0.019589,0.020027,0.020481,0.02095,0.021435,0.021933,0.022445,0.022968,0.023503,0.024049,0.024607,0.025159,0.025721,0.026293,0.026874,0.027465,0.028066,0.028676,0.029294,0.029919,0.03055,NaN,NaN,NaN,NaN,NaN,NaN,NaN,NaN,NaN,NaN,NaN,NaN,NaN,NaN,NaN,NaN,NaN,NaN,NaN,NaN,NaN,NaN,NaN,NaN,NaN,NaN,NaN,NaN,NaN,NaN,NaN,NaN,NaN,NaN,NaN,NaN,NaN,NaN,NaN,NaN,NaN,NaN,NaN,NaN,NaN,NaN,NaN,NaN,NaN,NaN,NaN,NaN,NaN,NaN,NaN,NaN,NaN,NaN,NaN,NaN,NaN,NaN,NaN,NaN
0.026253,0.025475,0.024745,0.024088,0.023488,0.022834,0.022227,0.021657,0.021124,0.020628,0.020167,0.019741,0.019229,0.018755,0.018374,0.017992,0.017672,0.017388,0.017118,0.016826,0.016598,0.016395,0.016238,0.016112,0.015998,0.015913,0.015866,0.015829,0.015809,0.01583,0.015877,0.015936,0.015964,0.015825,0.015497,0.015338,0.015256,0.0152,0.015162,0.015142,0.015148,0.015162,0.015183,0.015209,0.015246,0.015298,0.015375,0.015487,0.015582,0.015668,0.015806,0.015931,0.016089,0.016257,0.01649,0.016694,0.016981,0.017228,0.018182,0.020322,0.021077,0.020715,0.020339,0.020012,0.019742,0.019537,0.019449,0.019392,0.019422,0.019724,0.020073,0.020271,0.020558,0.020972,0.021559,0.022063,0.022642,0.023289,0.024075,0.026192,0.027773,0.027525,0.027317,0.027111,0.027567,0.028127,0.031482,0.03074,0.030039,0.02939,0.028827,0.028383,0.02812,0.02837,0.030594,0.029845,0.028497,0.027354,0.026478,0.026202,0.025893,0.025915,0.026398,0.027353,0.02876,0.03057,0.032713,0.035119,0.037726,0.040485,0.043281,0.033644,0.02992,0.029031,0.028469,0.027911,0.027359,0.026812,0.02627,0.025735,0.025206,0.024684,0.024185,0.023676,0.023175,0.022683,0.022201,0.021745,0.021299,0.020845,0.020403,0.019993,0.019576,0.019175,0.018807,0.018436,0.018083,0.01775,0.017534,0.017284,0.017,0.01674,0.016506,0.016298,0.016118,0.015997,0.015865,0.015764,0.015692,0.015652,0.015644,0.015665,0.01571,0.015786,0.015893,0.01603,0.016195,0.016389,0.01661,0.016858,0.017131,0.017428,0.017748,0.018091,0.018455,0.018838,0.019241,0.019662,0.020099,0.020553,0.021021,0.021504,0.021999,0.022507,0.023026,0.023555,0.024095,0.024643,0.0252,0.025765,0.026337,0.026916,0.027501,0.028092,0.028689,0.029291,0.029898,0.030509,NaN,NaN,NaN,NaN,NaN,NaN,NaN,NaN,NaN,NaN,NaN,NaN,NaN,NaN,NaN,NaN,NaN,NaN,NaN,NaN,NaN,NaN,NaN,NaN,NaN,NaN,NaN,NaN,NaN,NaN,NaN,NaN,NaN,NaN,NaN,NaN,NaN,NaN,NaN,NaN,NaN,NaN,NaN,NaN,NaN,NaN,NaN,NaN,NaN,NaN,NaN,NaN,NaN,NaN,NaN,NaN,NaN,NaN,NaN,NaN,NaN,NaN,NaN
0.02626,0.025314,0.024506,0.023917,0.023493,0.022855,0.022323,0.021709,0.02124,0.020811,0.020357,0.019931,0.01937,0.01898,0.018579,0.018171,0.017815,0.017479,0.017171,0.016892,0.016635,0.016419,0.016209,0.016017,0.015874,0.015743,0.015648,0.015615,0.015545,0.015505,0.0155,0.015534,0.015537,0.015452,0.015162,0.015044,0.01495,0.014903,0.014836,0.014787,0.014766,0.014762,0.014777,0.014806,0.014853,0.014908,0.014981,0.015053,0.015152,0.015275,0.015406,0.015597,0.015749,0.015904,0.016104,0.016323,0.016563,0.016889,0.017647,0.020142,0.02065,0.020326,0.020038,0.019789,0.019582,0.019423,0.019315,0.019265,0.019278,0.019397,0.019625,0.019822,0.020087,0.020672,0.021196,0.021566,0.021995,0.022481,0.023079,0.024296,0.026495,0.026676,0.026716,0.026766,0.027408,0.028053,0.032337,0.031698,0.030874,0.030139,0.0295,0.028967,0.028609,0.028557,0.030753,0.030025,0.028616,0.027347,0.026439,0.02574,0.025553,0.025637,0.02618,0.027191,0.028641,0.030478,0.03263,0.035031,0.037621,0.040354,0.043162,0.033316,0.029743,0.028682,0.028137,0.027598,0.027063,0.026533,0.026009,0.025491,0.024979,0.024474,0.023976,0.023502,0.023017,0.022552,0.022083,0.021623,0.021191,0.020769,0.020338,0.019919,0.01955,0.019149,0.018765,0.018398,0.018049,0.01774,0.017494,0.017216,0.016934,0.016698,0.01646,0.016246,0.016079,0.015949,0.015809,0.015695,0.015608,0.015552,0.015512,0.015504,0.015528,0.015583,0.015668,0.015782,0.015924,0.016094,0.016292,0.016515,0.016764,0.017037,0.017333,0.017652,0.017991,0.018352,0.018731,0.019129,0.019544,0.019975,0.020421,0.020882,0.021356,0.021843,0.022342,0.022851,0.023371,0.0239,0.024438,0.024984,0.025537,0.026098,0.026665,0.027238,0.027817,0.028402,0.028991,0.029585,0.030184,NaN,NaN,NaN,NaN,NaN,NaN,NaN,NaN,NaN,NaN,NaN,NaN,NaN,NaN,NaN,NaN,NaN,NaN,NaN,NaN,NaN,NaN,NaN,NaN,NaN,NaN,NaN,NaN,NaN,NaN,NaN,NaN,NaN,NaN,NaN,NaN,NaN,NaN,NaN,NaN,NaN,NaN,NaN,NaN,NaN,NaN,NaN,NaN,NaN,NaN,NaN,NaN,NaN,NaN,NaN,NaN,NaN,NaN,NaN,NaN,NaN,NaN
0.026267,0.025412,0.024647,0.024035,0.023552,0.023025,0.022192,0.021645,0.021131,0.020649,0.020198,0.019763,0.019229,0.018815,0.018433,0.018082,0.017739,0.017446,0.017171,0.016901,0.016649,0.016432,0.016236,0.016061,0.015933,0.015833,0.015748,0.015725,0.015669,0.015643,0.015652,0.015685,0.015613,0.015494,0.015256,0.01511,0.014957,0.01487,0.014785,0.014738,0.014715,0.014706,0.014718,0.01475,0.014801,0.014868,0.014976,0.015081,0.015203,0.015333,0.015462,0.015609,0.015775,0.015941,0.016193,0.016409,0.016614,0.016969,0.017705,0.019749,0.020859,0.020593,0.02029,0.020024,0.019834,0.019647,0.019514,0.019439,0.019429,0.019528,0.019738,0.019968,0.020216,0.020747,0.021277,0.021641,0.022104,0.022578,0.023177,0.024281,0.026214,0.026217,0.026299,0.026391,0.026979,0.028287,0.031961,0.03162,0.030882,0.030332,0.029697,0.029199,0.028826,0.028738,0.031455,0.030621,0.029034,0.027659,0.026659,0.026141,0.02581,0.025844,0.026356,0.027354,0.028812,0.030813,0.032972,0.035398,0.038034,0.040838,0.043662,0.033608,0.029944,0.028657,0.028117,0.027581,0.027051,0.026525,0.026005,0.02549,0.024981,0.024479,0.023998,0.023508,0.023026,0.022551,0.022086,0.02163,0.021217,0.020777,0.020368,0.019949,0.019562,0.019188,0.018806,0.018441,0.018092,0.017804,0.01756,0.017245,0.016951,0.016679,0.01643,0.016205,0.016006,0.01585,0.015698,0.015573,0.015476,0.015409,0.01537,0.015361,0.015382,0.015431,0.01551,0.015617,0.015753,0.015884,0.016068,0.016277,0.016511,0.016769,0.01705,0.017354,0.017678,0.018022,0.018385,0.018766,0.019164,0.019577,0.020006,0.020449,0.020905,0.021374,0.021854,0.022345,0.022847,0.023357,0.023877,0.024405,0.02494,0.025483,0.026032,0.026588,0.027149,0.027716,0.028288,0.028865,0.029447,0.030032,NaN,NaN,NaN,NaN,NaN,NaN,NaN,NaN,NaN,NaN,NaN,NaN,NaN,NaN,NaN,NaN,NaN,NaN,NaN,NaN,NaN,NaN,NaN,NaN,NaN,NaN,NaN,NaN,NaN,NaN,NaN,NaN,NaN,NaN,NaN,NaN,NaN,NaN,NaN,NaN,NaN,NaN,NaN,NaN,NaN,NaN,NaN,NaN,NaN,NaN,NaN,NaN,NaN,NaN,NaN,NaN,NaN,NaN,NaN,NaN,NaN
0.026291,0.02544,0.024665,0.024005,0.023443,0.022809,0.022256,0.021754,0.021195,0.020675,0.020251,0.019713,0.019279,0.018867,0.018518,0.01817,0.017853,0.01756,0.017272,0.016976,0.016717,0.016513,0.016338,0.01617,0.015991,0.015875,0.015787,0.015737,0.015663,0.015602,0.015589,0.015602,0.01555,0.015496,0.015177,0.015024,0.014938,0.014877,0.014824,0.014806,0.0148,0.014811,0.014835,0.014882,0.014939,0.015005,0.015088,0.015182,0.015282,0.015398,0.01553,0.015666,0.015838,0.016031,0.016266,0.016494,0.016711,0.017079,0.01799,0.020274,0.021183,0.020835,0.020509,0.020197,0.019932,0.01972,0.019569,0.019486,0.01952,0.019628,0.019948,0.020151,0.020433,0.021055,0.021416,0.021849,0.022357,0.022986,0.02367,0.025174,0.02718,0.027251,0.027458,0.027357,0.027584,0.028053,0.031672,0.030852,0.030085,0.029402,0.028915,0.028427,0.028047,0.028212,0.029904,0.029492,0.028168,0.027104,0.026267,0.025994,0.025729,0.02594,0.026504,0.027514,0.028948,0.030756,0.032875,0.03524,0.037792,0.040487,0.043128,0.032725,0.0293,0.028302,0.027787,0.027265,0.026749,0.026236,0.025729,0.025227,0.024742,0.02425,0.023764,0.023293,0.022819,0.022353,0.021895,0.021445,0.021021,0.020589,0.020159,0.019745,0.019362,0.018971,0.018609,0.018244,0.017917,0.017582,0.017328,0.017065,0.01677,0.016497,0.016245,0.016016,0.01581,0.015659,0.015499,0.015364,0.015257,0.015178,0.015126,0.015103,0.015108,0.015141,0.015202,0.015291,0.015408,0.01555,0.015719,0.015914,0.016132,0.016374,0.016639,0.016925,0.017232,0.017559,0.017904,0.018267,0.018646,0.019041,0.019451,0.019875,0.020311,0.02076,0.02122,0.021691,0.022172,0.022662,0.02316,0.023667,0.024181,0.024703,0.025231,0.025765,0.026305,0.026971,0.027475,0.027999,0.028557,0.02915,0.029763,NaN,NaN,NaN,NaN,NaN,NaN,NaN,NaN,NaN,NaN,NaN,NaN,NaN,NaN,NaN,NaN,NaN,NaN,NaN,NaN,NaN,NaN,NaN,NaN,NaN,NaN,NaN,NaN,NaN,NaN,NaN,NaN,NaN,NaN,NaN,NaN,NaN,NaN,NaN,NaN,NaN,NaN,NaN,NaN,NaN,NaN,NaN,NaN,NaN,NaN,NaN,NaN,NaN,NaN,NaN,NaN,NaN,NaN,NaN,NaN
0.026209,0.025448,0.024735,0.024095,0.023513,0.022898,0.022304,0.02174,0.021207,0.020627,0.020136,0.019676,0.019207,0.018759,0.018375,0.018025,0.01771,0.017405,0.017082,0.01681,0.016594,0.016393,0.016216,0.016063,0.015939,0.015857,0.015804,0.015772,0.015756,0.015775,0.01582,0.015873,0.015797,0.015717,0.015466,0.01539,0.015348,0.015301,0.015255,0.015187,0.015166,0.015157,0.01517,0.015189,0.015224,0.015263,0.01534,0.015425,0.015478,0.015552,0.015658,0.015784,0.015959,0.016113,0.016265,0.016494,0.016768,0.017097,0.017823,0.019951,0.020817,0.020504,0.020195,0.019994,0.019801,0.019626,0.019552,0.019504,0.019576,0.019716,0.019935,0.020185,0.020498,0.02105,0.021621,0.022054,0.022559,0.023136,0.023801,0.025597,0.027341,0.027289,0.027488,0.027265,0.027417,0.028602,0.032139,0.031288,0.030402,0.029691,0.029056,0.028559,0.028351,0.028204,0.030324,0.029582,0.02816,0.02706,0.0264,0.026205,0.025962,0.026055,0.026592,0.027582,0.029005,0.030817,0.032952,0.035344,0.037931,0.040667,0.04347,0.033774,0.029723,0.028719,0.028196,0.027676,0.027162,0.026652,0.026147,0.025648,0.025154,0.024666,0.024185,0.02371,0.023243,0.022796,0.022325,0.021877,0.021438,0.021,0.020597,0.020185,0.019784,0.019397,0.019063,0.018699,0.018395,0.018113,0.017851,0.017551,0.017247,0.016964,0.016702,0.016463,0.016247,0.016072,0.015899,0.015751,0.01563,0.015536,0.01547,0.015431,0.01542,0.015438,0.015483,0.015518,0.015613,0.015734,0.015882,0.016055,0.016254,0.016476,0.016722,0.01699,0.01728,0.01759,0.017919,0.018267,0.018633,0.019015,0.019413,0.019826,0.020253,0.020693,0.021145,0.021609,0.022084,0.022569,0.023063,0.023565,0.024077,0.024595,0.025121,0.025654,0.026193,0.026737,0.027288,0.027843,0.028403,0.028968,0.029537,0.030111,NaN,NaN,NaN,NaN,NaN,NaN,NaN,NaN,NaN,NaN,NaN,NaN,NaN,NaN,NaN,NaN,NaN,NaN,NaN,NaN,NaN,NaN,NaN,NaN,NaN,NaN,NaN,NaN,NaN,NaN,NaN,NaN,NaN,NaN,NaN,NaN,NaN,NaN,NaN,NaN,NaN,NaN,NaN,NaN,NaN,NaN,NaN,NaN,NaN,NaN,NaN,NaN,NaN,NaN,NaN,NaN,NaN,NaN,NaN
0.026095,0.025355,0.024647,0.02399,0.023381,0.022788,0.022107,0.02154,0.021005,0.020502,0.020031,0.019541,0.019079,0.01864,0.018262,0.017917,0.017581,0.017269,0.016989,0.016739,0.016466,0.01631,0.016124,0.015947,0.015818,0.015721,0.01563,0.015585,0.015572,0.01559,0.015638,0.015713,0.015709,0.015681,0.015278,0.015157,0.015063,0.015016,0.014974,0.014952,0.014927,0.014935,0.014963,0.015006,0.015069,0.015141,0.015224,0.015344,0.015457,0.015621,0.015768,0.015933,0.016114,0.016361,0.016547,0.016831,0.017107,0.017463,0.018554,0.020903,0.021881,0.02143,0.021019,0.020653,0.020337,0.020077,0.01988,0.019755,0.019709,0.019811,0.019927,0.020264,0.020635,0.021055,0.021522,0.021967,0.022493,0.023095,0.023756,0.025344,0.027251,0.027276,0.027268,0.027323,0.02786,0.028884,0.03315,0.032338,0.031336,0.030518,0.029763,0.029144,0.028667,0.028556,0.029911,0.029492,0.028095,0.026913,0.026042,0.025689,0.02557,0.025774,0.026413,0.02749,0.028977,0.030822,0.032962,0.035333,0.037884,0.040571,0.043377,0.034079,0.030291,0.029256,0.028751,0.028247,0.027734,0.027227,0.026704,0.026203,0.025721,0.025229,0.024744,0.024265,0.023793,0.023358,0.022897,0.022444,0.022019,0.021602,0.021215,0.020793,0.0204,0.02,0.019612,0.019262,0.018925,0.018577,0.01837,0.018123,0.017833,0.01756,0.01728,0.017022,0.016786,0.016592,0.016398,0.016229,0.016087,0.015971,0.015883,0.015822,0.01579,0.015785,0.015809,0.01586,0.01594,0.016046,0.01618,0.016339,0.016525,0.016735,0.016969,0.017227,0.017506,0.017807,0.018128,0.018469,0.018828,0.019205,0.019598,0.020007,0.02043,0.020867,0.021317,0.021779,0.022252,0.022736,0.02323,0.023733,0.024245,0.024765,0.025292,0.025826,0.026367,0.026914,0.027467,0.028026,0.02859,0.029158,0.029731,0.030308,0.03089,NaN,NaN,NaN,NaN,NaN,NaN,NaN,NaN,NaN,NaN,NaN,NaN,NaN,NaN,NaN,NaN,NaN,NaN,NaN,NaN,NaN,NaN,NaN,NaN,NaN,NaN,NaN,NaN,NaN,NaN,NaN,NaN,NaN,NaN,NaN,NaN,NaN,NaN,NaN,NaN,NaN,NaN,NaN,NaN,NaN,NaN,NaN,NaN,NaN,NaN,NaN,NaN,NaN,NaN,NaN,NaN,NaN,NaN
0.026199,0.025379,0.024644,0.024042,0.023541,0.022925,0.022233,0.021658,0.021118,0.020617,0.020153,0.019724,0.01932,0.018821,0.018443,0.018097,0.017785,0.017479,0.017203,0.016891,0.016625,0.016415,0.016217,0.016062,0.015937,0.01584,0.015772,0.015722,0.015702,0.015709,0.015741,0.015783,0.015761,0.015617,0.015367,0.015261,0.01523,0.015158,0.01511,0.015076,0.01507,0.015072,0.01509,0.015114,0.015152,0.015212,0.015297,0.015393,0.015477,0.015564,0.015676,0.015776,0.015912,0.016087,0.016258,0.016436,0.016679,0.0171,0.017794,0.019825,0.020832,0.020484,0.020175,0.019908,0.019688,0.01952,0.019446,0.019392,0.019408,0.019536,0.019692,0.019923,0.02027,0.020801,0.021435,0.021821,0.022266,0.022768,0.023383,0.02502,0.02689,0.026886,0.026774,0.026782,0.027132,0.027447,0.030732,0.030234,0.029565,0.02897,0.028466,0.028063,0.02792,0.028164,0.031236,0.030741,0.029275,0.027959,0.02709,0.026561,0.02615,0.026078,0.026478,0.027368,0.028729,0.030511,0.032642,0.035048,0.037665,0.040441,0.043271,0.034534,0.030642,0.029242,0.028734,0.028193,0.02768,0.027172,0.02667,0.026175,0.025686,0.025205,0.024732,0.024268,0.023812,0.02336,0.022916,0.022482,0.022091,0.021671,0.021262,0.0209,0.020471,0.020073,0.019689,0.01932,0.018988,0.018662,0.018352,0.018052,0.017719,0.017424,0.017145,0.016886,0.016648,0.016433,0.016261,0.016088,0.015939,0.015817,0.01572,0.015651,0.015608,0.015592,0.015604,0.015642,0.015708,0.0158,0.015919,0.016063,0.016233,0.016426,0.016644,0.016884,0.017146,0.017429,0.017732,0.018054,0.018394,0.018752,0.019126,0.019516,0.01992,0.020338,0.020769,0.021212,0.021666,0.022131,0.022606,0.02309,0.023583,0.024084,0.024592,0.025108,0.025631,0.026159,0.026694,0.027234,0.02778,0.02833,0.028885,0.029444,0.030008,0.030575,NaN,NaN,NaN,NaN,NaN,NaN,NaN,NaN,NaN,NaN,NaN,NaN,NaN,NaN,NaN,NaN,NaN,NaN,NaN,NaN,NaN,NaN,NaN,NaN,NaN,NaN,NaN,NaN,NaN,NaN,NaN,NaN,NaN,NaN,NaN,NaN,NaN,NaN,NaN,NaN,NaN,NaN,NaN,NaN,NaN,NaN,NaN,NaN,NaN,NaN,NaN,NaN,NaN,NaN,NaN,NaN,NaN
0.025989,0.025248,0.024561,0.023958,0.023414,0.022786,0.022202,0.021644,0.021112,0.020607,0.02013,0.01963,0.019157,0.018742,0.018358,0.018006,0.017661,0.017366,0.017057,0.016815,0.016572,0.016362,0.016149,0.015999,0.015879,0.015788,0.015724,0.015679,0.015651,0.015657,0.015689,0.015746,0.015661,0.015552,0.015286,0.015177,0.015113,0.015044,0.015001,0.014974,0.01497,0.014988,0.015018,0.015063,0.015117,0.015185,0.015263,0.01536,0.015485,0.015596,0.015747,0.015911,0.016104,0.016283,0.01649,0.016756,0.016957,0.017303,0.01809,0.020429,0.021038,0.020688,0.02034,0.020036,0.019779,0.019614,0.019517,0.019425,0.019457,0.019554,0.019731,0.019942,0.020281,0.020952,0.021478,0.021873,0.022371,0.022997,0.023705,0.02494,0.027207,0.027467,0.027379,0.027257,0.027418,0.028197,0.031612,0.030793,0.029956,0.029221,0.028592,0.02813,0.027762,0.027696,0.029384,0.028725,0.02745,0.026382,0.025808,0.025359,0.025259,0.025453,0.026054,0.027068,0.02847,0.030215,0.032241,0.03449,0.03691,0.039461,0.042043,0.033311,0.02963,0.028449,0.027973,0.027501,0.027033,0.026569,0.02611,0.025667,0.025215,0.024783,0.02434,0.023904,0.023455,0.023028,0.022612,0.022213,0.021804,0.021404,0.021031,0.020647,0.020291,0.019943,0.019607,0.019282,0.01899,0.018856,0.018698,0.01841,0.018083,0.017773,0.017481,0.017209,0.016978,0.016768,0.016545,0.016344,0.016168,0.016015,0.015887,0.015785,0.015709,0.015659,0.015636,0.015638,0.015668,0.015724,0.015805,0.015913,0.016046,0.016204,0.016386,0.016592,0.016821,0.017072,0.017344,0.017637,0.01795,0.018282,0.018631,0.018998,0.019381,0.019778,0.020191,0.020616,0.021055,0.021505,0.021966,0.022437,0.022918,0.023408,0.023907,0.024413,0.024927,0.025448,0.025975,0.026508,0.027047,0.027591,0.02814,0.028694,0.029252,0.029814,0.030381,NaN,NaN,NaN,NaN,NaN,NaN,NaN,NaN,NaN,NaN,NaN,NaN,NaN,NaN,NaN,NaN,NaN,NaN,NaN,NaN,NaN,NaN,NaN,NaN,NaN,NaN,NaN,NaN,NaN,NaN,NaN,NaN,NaN,NaN,NaN,NaN,NaN,NaN,NaN,NaN,NaN,NaN,NaN,NaN,NaN,NaN,NaN,NaN,NaN,NaN,NaN,NaN,NaN,NaN,NaN,NaN
0.026307,0.025441,0.024672,0.024057,0.023562,0.022945,0.022284,0.021752,0.021261,0.020808,0.020326,0.019873,0.019408,0.018909,0.018532,0.018189,0.017826,0.017533,0.017274,0.01703,0.016813,0.016619,0.016481,0.016304,0.016172,0.01607,0.015984,0.015917,0.015887,0.015886,0.015913,0.015967,0.015983,0.015964,0.015597,0.015334,0.015245,0.015127,0.015055,0.015001,0.014955,0.01493,0.014922,0.014927,0.014946,0.014973,0.014998,0.015047,0.015099,0.015164,0.01525,0.015372,0.015512,0.015699,0.015877,0.016102,0.016318,0.016553,0.017189,0.019247,0.020232,0.019925,0.019684,0.019446,0.019291,0.019135,0.019032,0.01899,0.019014,0.019109,0.019403,0.01968,0.020015,0.020488,0.021017,0.021412,0.02188,0.022429,0.023081,0.024603,0.026558,0.026613,0.026644,0.026803,0.027155,0.028204,0.031819,0.031056,0.030223,0.029496,0.028834,0.028295,0.027887,0.02791,0.029724,0.028989,0.027706,0.026633,0.025904,0.02558,0.025339,0.025497,0.02608,0.027092,0.028509,0.030282,0.032347,0.034643,0.037116,0.039723,0.042361,0.033018,0.029344,0.028267,0.027791,0.027328,0.026859,0.026393,0.025932,0.025476,0.025024,0.024578,0.024137,0.023702,0.023273,0.022863,0.022445,0.022036,0.021679,0.02128,0.020898,0.020545,0.020164,0.019812,0.019451,0.019162,0.01892,0.018646,0.018501,0.01816,0.017835,0.017548,0.017255,0.016981,0.016726,0.016491,0.016277,0.016085,0.015916,0.01577,0.015649,0.015525,0.015446,0.015393,0.015365,0.015363,0.015387,0.015435,0.015509,0.015608,0.015732,0.015879,0.016051,0.016245,0.016461,0.016698,0.016957,0.017235,0.017532,0.017847,0.01818,0.018529,0.018894,0.019273,0.019666,0.020072,0.020491,0.020921,0.021362,0.021813,0.022273,0.022742,0.02322,0.023705,0.024198,0.024697,0.025203,0.025715,0.026232,0.026755,0.027283,0.027815,0.028352,0.028893,0.029438,0.029987,NaN,NaN,NaN,NaN,NaN,NaN,NaN,NaN,NaN,NaN,NaN,NaN,NaN,NaN,NaN,NaN,NaN,NaN,NaN,NaN,NaN,NaN,NaN,NaN,NaN,NaN,NaN,NaN,NaN,NaN,NaN,NaN,NaN,NaN,NaN,NaN,NaN,NaN,NaN,NaN,NaN,NaN,NaN,NaN,NaN,NaN,NaN,NaN,NaN,NaN,NaN,NaN,NaN,NaN,NaN
0.025941,0.025161,0.024448,0.023839,0.023311,0.022692,0.022139,0.021629,0.021159,0.020727,0.020262,0.019806,0.019415,0.018927,0.018558,0.018151,0.017737,0.017384,0.017079,0.016804,0.016558,0.016324,0.016131,0.015967,0.015831,0.015723,0.015641,0.015701,0.015583,0.015529,0.015552,0.01564,0.015545,0.015394,0.015118,0.015031,0.014955,0.014898,0.014834,0.014799,0.014794,0.01478,0.014784,0.014801,0.014835,0.014883,0.014962,0.015044,0.015132,0.01526,0.015375,0.015524,0.015672,0.01584,0.016028,0.016236,0.016593,0.017003,0.017763,0.020008,0.020905,0.020513,0.02016,0.01985,0.019621,0.019406,0.019256,0.019177,0.019175,0.019411,0.01955,0.019746,0.020072,0.020548,0.021092,0.021502,0.021973,0.022503,0.023084,0.024561,0.026183,0.02624,0.026287,0.026493,0.027029,0.028028,0.032217,0.031454,0.030478,0.02959,0.028805,0.028134,0.027591,0.027483,0.029248,0.028608,0.027323,0.026301,0.025503,0.025095,0.025028,0.025268,0.025912,0.026961,0.028388,0.030145,0.032172,0.034413,0.036817,0.039348,0.04194,0.033112,0.029061,0.028163,0.027703,0.027245,0.026792,0.026344,0.025902,0.025465,0.025034,0.024609,0.024192,0.023782,0.023393,0.02302,0.022641,0.022255,0.021888,0.021529,0.021178,0.020818,0.020499,0.020136,0.019807,0.019489,0.019177,0.018923,0.018811,0.018569,0.018262,0.017971,0.017674,0.017393,0.017131,0.016903,0.016692,0.01648,0.016255,0.01608,0.015928,0.0158,0.015696,0.015616,0.015561,0.015531,0.015527,0.015547,0.015593,0.015663,0.015758,0.015878,0.016021,0.016188,0.016378,0.01659,0.016824,0.017078,0.017353,0.017647,0.017959,0.01829,0.018637,0.019,0.019378,0.01977,0.020176,0.020594,0.021025,0.021466,0.021918,0.022379,0.022849,0.023328,0.023815,0.02431,0.024811,0.025319,0.025833,0.026352,0.026877,0.027407,0.027942,0.028481,0.029025,0.029572,0.030123,NaN,NaN,NaN,NaN,NaN,NaN,NaN,NaN,NaN,NaN,NaN,NaN,NaN,NaN,NaN,NaN,NaN,NaN,NaN,NaN,NaN,NaN,NaN,NaN,NaN,NaN,NaN,NaN,NaN,NaN,NaN,NaN,NaN,NaN,NaN,NaN,NaN,NaN,NaN,NaN,NaN,NaN,NaN,NaN,NaN,NaN,NaN,NaN,NaN,NaN,NaN,NaN,NaN,NaN
0.026043,0.025221,0.024486,0.023886,0.023387,0.022758,0.022207,0.021695,0.021221,0.020704,0.020151,0.019724,0.019287,0.018912,0.01857,0.018226,0.017882,0.017609,0.017301,0.017018,0.016778,0.016578,0.016405,0.016239,0.016115,0.016003,0.015868,0.015796,0.015749,0.015726,0.015707,0.015713,0.015708,0.015553,0.015266,0.015164,0.015056,0.014992,0.014945,0.014898,0.014876,0.014873,0.014884,0.014912,0.014959,0.01502,0.015094,0.015173,0.015268,0.015392,0.015499,0.015652,0.015786,0.015939,0.016112,0.016305,0.016548,0.016985,0.017794,0.019966,0.020926,0.020582,0.020255,0.019938,0.019663,0.019435,0.019262,0.019149,0.019104,0.019251,0.019377,0.019532,0.019806,0.020226,0.020607,0.021045,0.021485,0.021983,0.022596,0.024095,0.025795,0.025978,0.026138,0.026146,0.026275,0.027117,0.03011,0.029422,0.028862,0.02829,0.027818,0.027428,0.027185,0.027333,0.029298,0.028739,0.027462,0.026318,0.025671,0.025268,0.024994,0.025023,0.025465,0.026332,0.027606,0.029244,0.031184,0.033362,0.03572,0.038217,0.040749,0.033103,0.028462,0.027583,0.027191,0.026792,0.026398,0.026008,0.025622,0.02524,0.024864,0.024492,0.024125,0.023763,0.023408,0.023102,0.022732,0.022425,0.022043,0.021706,0.021392,0.021065,0.020743,0.020471,0.020227,0.019893,0.019637,0.019453,0.01927,0.018984,0.018654,0.018364,0.018045,0.017742,0.017493,0.017234,0.016972,0.016731,0.01651,0.01631,0.016132,0.015977,0.015846,0.015738,0.015654,0.015595,0.015561,0.015552,0.015568,0.015609,0.015675,0.015765,0.01588,0.01602,0.016182,0.016368,0.016577,0.016808,0.017059,0.017332,0.017624,0.017934,0.018263,0.018609,0.018971,0.019348,0.01974,0.020145,0.020564,0.020994,0.021435,0.021886,0.022348,0.022819,0.023298,0.023785,0.02428,0.024781,0.02529,0.025804,0.026445,0.027036,0.027501,0.027991,0.028518,0.029087,0.029688,0.030306,NaN,NaN,NaN,NaN,NaN,NaN,NaN,NaN,NaN,NaN,NaN,NaN,NaN,NaN,NaN,NaN,NaN,NaN,NaN,NaN,NaN,NaN,NaN,NaN,NaN,NaN,NaN,NaN,NaN,NaN,NaN,NaN,NaN,NaN,NaN,NaN,NaN,NaN,NaN,NaN,NaN,NaN,NaN,NaN,NaN,NaN,NaN,NaN,NaN,NaN,NaN,NaN,NaN
0.026207,0.025441,0.024716,0.024053,0.023443,0.022828,0.022241,0.021697,0.021195,0.020732,0.020307,0.019816,0.019268,0.018874,0.018514,0.018154,0.017827,0.017558,0.017324,0.017088,0.01684,0.016647,0.016481,0.016362,0.016272,0.016191,0.016129,0.016147,0.016081,0.016073,0.016108,0.016197,0.016058,0.015969,0.015723,0.015574,0.01548,0.015411,0.015369,0.015272,0.015233,0.01519,0.015163,0.015152,0.01516,0.015186,0.015241,0.015302,0.015378,0.015459,0.01558,0.015703,0.015861,0.016013,0.016185,0.01635,0.016605,0.017026,0.017857,0.019712,0.020632,0.020349,0.020021,0.019735,0.019533,0.019352,0.019232,0.019201,0.019275,0.019363,0.019468,0.019592,0.019784,0.020139,0.020544,0.02094,0.021339,0.02179,0.022338,0.023711,0.025698,0.025791,0.025842,0.025892,0.026143,0.027021,0.030188,0.029681,0.028975,0.028316,0.027763,0.027324,0.027004,0.026904,0.028609,0.02835,0.027102,0.026027,0.025271,0.024808,0.02467,0.024805,0.025327,0.026243,0.02753,0.029145,0.031028,0.033125,0.035386,0.037773,0.040109,0.03235,0.028603,0.027325,0.026884,0.026493,0.026106,0.025722,0.025343,0.024969,0.024599,0.024233,0.023872,0.023517,0.023178,0.022842,0.0225,0.022177,0.0219,0.021598,0.021286,0.020962,0.020663,0.020382,0.02009,0.019824,0.019528,0.019262,0.019197,0.019025,0.018731,0.01841,0.018103,0.017812,0.017547,0.017358,0.017111,0.016865,0.016638,0.016432,0.016267,0.016117,0.015971,0.015846,0.015745,0.015668,0.015615,0.015585,0.01558,0.015599,0.015642,0.01571,0.015781,0.015891,0.016024,0.01618,0.016359,0.01656,0.016782,0.017026,0.017289,0.017573,0.017875,0.018195,0.018532,0.018886,0.019256,0.01964,0.020038,0.020449,0.020872,0.021307,0.021753,0.022209,0.022674,0.023149,0.023631,0.024121,0.024619,0.025123,0.025633,0.026378,0.026819,0.027278,0.027768,0.028301,0.028876,0.029481,0.030103,NaN,NaN,NaN,NaN,NaN,NaN,NaN,NaN,NaN,NaN,NaN,NaN,NaN,NaN,NaN,NaN,NaN,NaN,NaN,NaN,NaN,NaN,NaN,NaN,NaN,NaN,NaN,NaN,NaN,NaN,NaN,NaN,NaN,NaN,NaN,NaN,NaN,NaN,NaN,NaN,NaN,NaN,NaN,NaN,NaN,NaN,NaN,NaN,NaN,NaN,NaN,NaN
0.02583,0.025115,0.024455,0.023879,0.023363,0.022759,0.022207,0.02168,0.021182,0.020711,0.020205,0.019774,0.01937,0.018996,0.018611,0.018251,0.017893,0.0176,0.017337,0.017087,0.016842,0.016626,0.016431,0.016278,0.016152,0.016093,0.015977,0.01588,0.015816,0.015784,0.015787,0.015807,0.015737,0.015659,0.01532,0.015245,0.015118,0.015024,0.014961,0.014913,0.014883,0.014862,0.014853,0.014858,0.014878,0.014926,0.014976,0.015043,0.015106,0.015191,0.01529,0.015391,0.015511,0.015667,0.01582,0.015993,0.01629,0.016703,0.017317,0.019158,0.020076,0.019759,0.019475,0.019229,0.019064,0.018898,0.018804,0.018767,0.018768,0.018876,0.019047,0.019236,0.019641,0.019987,0.020321,0.020676,0.021116,0.021634,0.022354,0.023743,0.025275,0.025319,0.02531,0.025298,0.025437,0.025947,0.029455,0.028911,0.028282,0.027642,0.027138,0.026727,0.026431,0.02643,0.028864,0.028306,0.02696,0.025876,0.025225,0.02486,0.024576,0.024672,0.025159,0.026044,0.027308,0.028908,0.030788,0.032887,0.035155,0.037551,0.040007,0.031412,0.028135,0.026963,0.026574,0.026209,0.025839,0.025473,0.025111,0.024762,0.024406,0.024054,0.02372,0.023376,0.023038,0.022734,0.022401,0.022058,0.021747,0.021457,0.021156,0.020895,0.020612,0.020367,0.020103,0.019846,0.019681,0.019443,0.019283,0.019138,0.018827,0.018509,0.018239,0.017946,0.017701,0.017461,0.017186,0.016931,0.016712,0.016493,0.016293,0.016114,0.015958,0.015819,0.015702,0.015608,0.015538,0.01549,0.015467,0.015467,0.01549,0.015538,0.015609,0.015703,0.015821,0.015961,0.016124,0.016309,0.016516,0.016743,0.016991,0.017259,0.017546,0.017851,0.018173,0.018512,0.018867,0.019236,0.01962,0.020017,0.020426,0.020847,0.021279,0.021722,0.022173,0.022634,0.023103,0.02358,0.024064,0.024555,0.025053,0.025862,0.026338,0.026731,0.027159,0.027639,0.028185,0.028786,0.029424,0.030085,NaN,NaN,NaN,NaN,NaN,NaN,NaN,NaN,NaN,NaN,NaN,NaN,NaN,NaN,NaN,NaN,NaN,NaN,NaN,NaN,NaN,NaN,NaN,NaN,NaN,NaN,NaN,NaN,NaN,NaN,NaN,NaN,NaN,NaN,NaN,NaN,NaN,NaN,NaN,NaN,NaN,NaN,NaN,NaN,NaN,NaN,NaN,NaN,NaN,NaN,NaN
0.025661,0.02496,0.024316,0.023759,0.023268,0.0227,0.022185,0.021698,0.021239,0.020722,0.02029,0.01983,0.019349,0.018949,0.018573,0.018222,0.017871,0.017564,0.017262,0.017001,0.016767,0.016521,0.016326,0.016135,0.015984,0.015857,0.015738,0.015646,0.01555,0.015498,0.015468,0.015461,0.015347,0.015315,0.015105,0.014995,0.014928,0.014885,0.014833,0.014803,0.014803,0.01482,0.014847,0.014891,0.01494,0.015005,0.015096,0.015222,0.01533,0.015395,0.015489,0.015583,0.01571,0.01587,0.016025,0.01617,0.016409,0.01674,0.017482,0.019544,0.020046,0.019725,0.019439,0.019222,0.019008,0.018874,0.018744,0.018669,0.018694,0.018735,0.018882,0.019044,0.019269,0.019597,0.020159,0.020501,0.02086,0.021334,0.021869,0.023238,0.024648,0.024736,0.024821,0.024935,0.025314,0.02569,0.028941,0.02827,0.027614,0.027118,0.026602,0.026286,0.025918,0.025963,0.028025,0.027425,0.026244,0.025283,0.024758,0.02456,0.02439,0.024471,0.024915,0.025732,0.026904,0.028395,0.030154,0.032126,0.034262,0.036524,0.038883,0.031793,0.027716,0.026492,0.026161,0.025841,0.025516,0.025196,0.024879,0.024567,0.024258,0.023872,0.023562,0.023268,0.022966,0.022705,0.022436,0.022148,0.021922,0.021644,0.021413,0.021148,0.020857,0.020596,0.02035,0.020111,0.019884,0.019707,0.019691,0.019363,0.019027,0.018721,0.018409,0.018101,0.017837,0.017567,0.017283,0.017012,0.016762,0.016531,0.016318,0.016126,0.015956,0.015798,0.015662,0.015548,0.015456,0.015387,0.015341,0.015318,0.015319,0.015343,0.01539,0.015461,0.015555,0.015672,0.015812,0.015974,0.016157,0.016362,0.016588,0.016834,0.0171,0.017384,0.017686,0.018005,0.01834,0.018691,0.019057,0.019437,0.019829,0.020234,0.02065,0.021077,0.021514,0.02196,0.022415,0.022878,0.023349,0.023827,0.024312,0.024962,0.025404,0.025857,0.026326,0.026814,0.027328,0.027866,0.028424,0.028996,0.029577,NaN,NaN,NaN,NaN,NaN,NaN,NaN,NaN,NaN,NaN,NaN,NaN,NaN,NaN,NaN,NaN,NaN,NaN,NaN,NaN,NaN,NaN,NaN,NaN,NaN,NaN,NaN,NaN,NaN,NaN,NaN,NaN,NaN,NaN,NaN,NaN,NaN,NaN,NaN,NaN,NaN,NaN,NaN,NaN,NaN,NaN,NaN,NaN,NaN,NaN
0.025962,0.025188,0.024488,0.0239,0.023393,0.022756,0.022186,0.02165,0.021148,0.020683,0.020253,0.019858,0.019414,0.019019,0.018646,0.018333,0.018022,0.017763,0.017464,0.01717,0.016898,0.016671,0.016484,0.016301,0.016162,0.016035,0.015943,0.015865,0.015817,0.015793,0.015792,0.015801,0.015797,0.015665,0.015397,0.01529,0.0152,0.015144,0.015092,0.015064,0.015044,0.015049,0.015065,0.015092,0.015136,0.015202,0.015284,0.015351,0.015414,0.015505,0.015606,0.015706,0.015881,0.015994,0.016182,0.016335,0.01649,0.016798,0.017491,0.019167,0.019919,0.019605,0.019329,0.019093,0.018937,0.018794,0.018742,0.018706,0.018729,0.018814,0.018979,0.019201,0.019429,0.019797,0.020265,0.020568,0.020938,0.021385,0.021933,0.023234,0.024948,0.025266,0.025317,0.025214,0.025582,0.026325,0.02987,0.029178,0.028493,0.027899,0.027405,0.026961,0.026683,0.026777,0.028594,0.027803,0.02655,0.02558,0.024817,0.024437,0.024311,0.024519,0.025019,0.025904,0.027153,0.028722,0.030558,0.032606,0.034816,0.037151,0.039537,0.031619,0.027195,0.026386,0.026042,0.025701,0.025363,0.02503,0.0247,0.024374,0.024029,0.023709,0.023393,0.023082,0.022795,0.022502,0.022223,0.021948,0.021665,0.021399,0.021137,0.020866,0.020577,0.020345,0.020058,0.019808,0.019584,0.019394,0.0193,0.019076,0.018745,0.018427,0.018121,0.017821,0.01754,0.01731,0.017032,0.016774,0.016533,0.016305,0.016084,0.015891,0.015718,0.015565,0.015432,0.015321,0.015231,0.015162,0.015116,0.015093,0.015091,0.015112,0.015156,0.015221,0.015309,0.015419,0.015551,0.015704,0.015878,0.016072,0.016286,0.01652,0.016772,0.017042,0.01733,0.017634,0.017954,0.018288,0.018637,0.019,0.019375,0.019762,0.02016,0.020568,0.020987,0.021414,0.021851,0.022295,0.022747,0.023206,0.023672,0.024427,0.024809,0.025205,0.02562,0.02606,0.026534,0.027046,0.027592,0.028162,0.028749,0.029348,NaN,NaN,NaN,NaN,NaN,NaN,NaN,NaN,NaN,NaN,NaN,NaN,NaN,NaN,NaN,NaN,NaN,NaN,NaN,NaN,NaN,NaN,NaN,NaN,NaN,NaN,NaN,NaN,NaN,NaN,NaN,NaN,NaN,NaN,NaN,NaN,NaN,NaN,NaN,NaN,NaN,NaN,NaN,NaN,NaN,NaN,NaN,NaN,NaN
0.026075,0.02529,0.024565,0.023932,0.023373,0.022749,0.02219,0.021678,0.021213,0.020713,0.020313,0.019952,0.019501,0.019134,0.018788,0.018434,0.018136,0.017859,0.01752,0.017229,0.016986,0.016757,0.016573,0.016414,0.016243,0.01611,0.016009,0.015924,0.015853,0.01579,0.015766,0.015765,0.015743,0.015664,0.015338,0.015232,0.015158,0.015076,0.015036,0.014993,0.014959,0.01495,0.014951,0.014968,0.015001,0.015051,0.015102,0.015155,0.015217,0.015307,0.01541,0.015542,0.015685,0.015846,0.016047,0.016291,0.016469,0.016676,0.017197,0.019463,0.020034,0.019681,0.019363,0.019086,0.018854,0.018673,0.018549,0.018489,0.018499,0.018661,0.018848,0.019059,0.019339,0.019853,0.020362,0.020813,0.02126,0.021757,0.022347,0.02357,0.025251,0.025337,0.025351,0.025137,0.025523,0.026,0.029295,0.028696,0.028024,0.027518,0.027068,0.026814,0.026625,0.026981,0.028681,0.028055,0.026928,0.025856,0.025103,0.024912,0.024747,0.024778,0.025204,0.026036,0.027255,0.028821,0.030676,0.032762,0.035024,0.03742,0.039916,0.031325,0.027535,0.026343,0.026002,0.02565,0.0253,0.024954,0.024612,0.024274,0.02394,0.02361,0.023284,0.022985,0.022654,0.022372,0.022044,0.021735,0.021469,0.021175,0.020872,0.020561,0.020282,0.020022,0.019768,0.01949,0.019279,0.019068,0.018911,0.01868,0.018366,0.018048,0.017743,0.017463,0.017176,0.016947,0.016701,0.016455,0.016224,0.016011,0.015815,0.015613,0.015446,0.015298,0.01517,0.015063,0.014976,0.01491,0.014865,0.014841,0.014839,0.014859,0.0149,0.014962,0.015046,0.01515,0.015275,0.015421,0.015586,0.015771,0.015975,0.016197,0.016437,0.016694,0.016968,0.017257,0.017562,0.017881,0.018213,0.018558,0.018916,0.019285,0.019664,0.020054,0.020454,0.020863,0.02128,0.021705,0.022137,0.022576,0.023022,0.023591,0.0241,0.024493,0.024899,0.025321,0.025765,0.026236,0.026734,0.027256,0.027796,0.028348,0.028909,NaN,NaN,NaN,NaN,NaN,NaN,NaN,NaN,NaN,NaN,NaN,NaN,NaN,NaN,NaN,NaN,NaN,NaN,NaN,NaN,NaN,NaN,NaN,NaN,NaN,NaN,NaN,NaN,NaN,NaN,NaN,NaN,NaN,NaN,NaN,NaN,NaN,NaN,NaN,NaN,NaN,NaN,NaN,NaN,NaN,NaN,NaN,NaN
0.026037,0.025306,0.024614,0.023979,0.023393,0.02277,0.022193,0.021653,0.02115,0.020684,0.020256,0.019811,0.019356,0.018991,0.018658,0.01829,0.017973,0.017685,0.017371,0.017075,0.016833,0.01661,0.016433,0.016285,0.016147,0.016048,0.015976,0.015919,0.015939,0.015897,0.015889,0.015926,0.015921,0.015906,0.015583,0.015485,0.015402,0.015349,0.015257,0.015222,0.015197,0.015186,0.015187,0.0152,0.015224,0.015255,0.015313,0.015367,0.015455,0.015536,0.015625,0.01573,0.015858,0.015977,0.016161,0.016363,0.016582,0.016899,0.017686,0.019621,0.020464,0.02009,0.019754,0.019459,0.019212,0.019016,0.01888,0.018809,0.018848,0.019006,0.019167,0.019351,0.01965,0.020108,0.020505,0.020852,0.021256,0.021716,0.022254,0.023671,0.025181,0.025451,0.025479,0.025345,0.025709,0.026084,0.029231,0.028638,0.028013,0.027464,0.026999,0.02668,0.026402,0.026787,0.028347,0.028142,0.026924,0.02587,0.025124,0.024894,0.024686,0.024745,0.025195,0.026044,0.027276,0.028848,0.030703,0.032784,0.035036,0.03742,0.039903,0.030717,0.027026,0.026102,0.025703,0.025363,0.025026,0.024694,0.024366,0.024043,0.023726,0.023414,0.023108,0.022807,0.022513,0.022238,0.022,0.021726,0.021466,0.021183,0.020889,0.020592,0.020269,0.019982,0.01973,0.01946,0.019208,0.018977,0.018835,0.0186,0.018323,0.018041,0.017735,0.017443,0.01718,0.016953,0.01668,0.016422,0.01618,0.015954,0.015744,0.015552,0.015378,0.015222,0.015085,0.014968,0.01487,0.014792,0.014735,0.014698,0.014682,0.014687,0.014713,0.01476,0.014827,0.014915,0.015024,0.015152,0.0153,0.015468,0.015654,0.015859,0.016081,0.016321,0.016577,0.016849,0.017136,0.017438,0.017754,0.018082,0.018423,0.018776,0.01914,0.019514,0.019898,0.020291,0.020693,0.021103,0.02152,0.021945,0.022377,0.022907,0.023316,0.023732,0.024156,0.024591,0.025037,0.025497,0.025971,0.026458,0.026956,0.027462,0.027975,0.028494,NaN,NaN,NaN,NaN,NaN,NaN,NaN,NaN,NaN,NaN,NaN,NaN,NaN,NaN,NaN,NaN,NaN,NaN,NaN,NaN,NaN,NaN,NaN,NaN,NaN,NaN,NaN,NaN,NaN,NaN,NaN,NaN,NaN,NaN,NaN,NaN,NaN,NaN,NaN,NaN,NaN,NaN,NaN,NaN,NaN,NaN,NaN
0.026073,0.025306,0.024582,0.023923,0.02332,0.022695,0.022132,0.02162,0.02116,0.020748,0.020381,0.0199,0.019489,0.019084,0.01873,0.018441,0.018128,0.017858,0.017566,0.017263,0.017011,0.01675,0.016553,0.016382,0.016236,0.016115,0.015989,0.015934,0.015843,0.01578,0.01575,0.015744,0.015633,0.015601,0.015351,0.015256,0.015188,0.015108,0.015039,0.014992,0.014955,0.014938,0.014932,0.014942,0.014969,0.015014,0.015083,0.015158,0.015245,0.015323,0.01542,0.015564,0.015721,0.015898,0.016046,0.016272,0.016509,0.016998,0.017878,0.019762,0.020302,0.019939,0.019611,0.019322,0.019077,0.018879,0.018737,0.018655,0.018641,0.018697,0.018869,0.019063,0.019355,0.019678,0.020145,0.020566,0.02104,0.021562,0.022158,0.02339,0.025149,0.025258,0.025353,0.025306,0.025771,0.026335,0.029554,0.029016,0.028314,0.027742,0.027315,0.026854,0.026555,0.026531,0.028666,0.028182,0.026924,0.025848,0.025035,0.024631,0.024411,0.024551,0.025074,0.025987,0.027265,0.028861,0.030719,0.032781,0.035001,0.037343,0.039697,0.031268,0.026873,0.025901,0.025536,0.025176,0.024845,0.024518,0.024195,0.023875,0.023559,0.023247,0.022938,0.022635,0.022297,0.02201,0.021703,0.021418,0.021137,0.02086,0.020598,0.020314,0.020069,0.019773,0.019496,0.019221,0.019012,0.01877,0.018651,0.018525,0.018211,0.017908,0.017617,0.017337,0.017079,0.016874,0.016621,0.01637,0.016134,0.015914,0.015705,0.015514,0.01534,0.015184,0.015046,0.014927,0.014786,0.014699,0.014633,0.014586,0.014559,0.014552,0.014565,0.014599,0.014652,0.014726,0.014819,0.014932,0.015064,0.015214,0.015384,0.015571,0.015776,0.015997,0.016236,0.01649,0.016759,0.017043,0.017341,0.017652,0.017976,0.018312,0.018659,0.019016,0.019384,0.019761,0.020148,0.020542,0.020945,0.021354,0.021771,0.022266,0.022665,0.023071,0.023484,0.023907,0.024339,0.024783,0.025238,0.025706,0.026184,0.02667,0.027163,0.027662,0.028166,NaN,NaN,NaN,NaN,NaN,NaN,NaN,NaN,NaN,NaN,NaN,NaN,NaN,NaN,NaN,NaN,NaN,NaN,NaN,NaN,NaN,NaN,NaN,NaN,NaN,NaN,NaN,NaN,NaN,NaN,NaN,NaN,NaN,NaN,NaN,NaN,NaN,NaN,NaN,NaN,NaN,NaN,NaN,NaN,NaN,NaN
0.026202,0.025371,0.024628,0.024022,0.023525,0.022921,0.022268,0.021739,0.02125,0.020799,0.020384,0.019897,0.019439,0.019028,0.018682,0.018337,0.017993,0.017719,0.017455,0.017185,0.016943,0.016717,0.016547,0.016406,0.016269,0.016177,0.01611,0.016068,0.016051,0.016058,0.016087,0.016125,0.016066,0.016019,0.015671,0.015563,0.015443,0.015325,0.015229,0.015156,0.015104,0.015068,0.015047,0.015038,0.015043,0.015056,0.015087,0.015135,0.015177,0.015224,0.015292,0.015397,0.015529,0.015685,0.015849,0.016039,0.016256,0.016533,0.017363,0.019051,0.019899,0.019578,0.019311,0.019053,0.018869,0.018693,0.01857,0.018506,0.018507,0.018579,0.018806,0.019052,0.019315,0.019701,0.020411,0.020776,0.021197,0.021671,0.022312,0.023476,0.025583,0.025695,0.025628,0.025506,0.025829,0.026318,0.029432,0.028772,0.028139,0.027492,0.026934,0.026534,0.026315,0.026471,0.028303,0.027517,0.026469,0.02546,0.024763,0.02452,0.024312,0.024457,0.024976,0.025874,0.02713,0.028703,0.030537,0.032578,0.034777,0.037098,0.039513,0.03081,0.026451,0.025465,0.025176,0.024939,0.024416,0.024106,0.023801,0.023499,0.0232,0.022906,0.022624,0.022336,0.02206,0.021791,0.021532,0.021261,0.021012,0.020776,0.020499,0.020247,0.019988,0.019734,0.01946,0.019235,0.01897,0.01876,0.018738,0.018579,0.018291,0.017989,0.017704,0.017449,0.017239,0.017035,0.01676,0.016498,0.016251,0.016018,0.0158,0.015573,0.015383,0.015211,0.015055,0.014917,0.014798,0.014697,0.014615,0.014552,0.014508,0.014484,0.014479,0.014494,0.014529,0.014583,0.014657,0.01475,0.014863,0.014994,0.015144,0.015312,0.015498,0.015701,0.015922,0.016158,0.01641,0.016677,0.016959,0.017255,0.017564,0.017885,0.018218,0.018562,0.018917,0.019282,0.019656,0.020084,0.020465,0.020855,0.021252,0.021749,0.022115,0.02249,0.022876,0.023273,0.023683,0.024107,0.024548,0.025005,0.025478,0.025963,0.026459,0.026963,0.027474,0.027991,NaN,NaN,NaN,NaN,NaN,NaN,NaN,NaN,NaN,NaN,NaN,NaN,NaN,NaN,NaN,NaN,NaN,NaN,NaN,NaN,NaN,NaN,NaN,NaN,NaN,NaN,NaN,NaN,NaN,NaN,NaN,NaN,NaN,NaN,NaN,NaN,NaN,NaN,NaN,NaN,NaN,NaN,NaN,NaN,NaN
0.026023,0.025235,0.024514,0.023904,0.023381,0.022795,0.022144,0.021616,0.021127,0.020675,0.020194,0.019795,0.019386,0.018998,0.018591,0.018238,0.017913,0.017634,0.01734,0.01707,0.016748,0.016517,0.016315,0.016139,0.015967,0.015839,0.015736,0.015658,0.015605,0.015576,0.01557,0.015574,0.015485,0.015401,0.015146,0.015084,0.014982,0.014932,0.014898,0.014893,0.014866,0.014875,0.014892,0.014924,0.01498,0.015045,0.015128,0.015207,0.015311,0.015431,0.015531,0.015662,0.015825,0.015984,0.016183,0.016346,0.016614,0.016869,0.017796,0.019665,0.020525,0.020184,0.019848,0.019611,0.019378,0.019157,0.018998,0.018949,0.018972,0.019069,0.019204,0.019531,0.019779,0.020191,0.020734,0.021183,0.021707,0.022293,0.022875,0.024162,0.025759,0.025793,0.025903,0.025839,0.0261,0.02672,0.031095,0.030298,0.029549,0.028822,0.028199,0.027612,0.027155,0.026961,0.029097,0.028484,0.027207,0.026127,0.025493,0.025083,0.02501,0.025147,0.025686,0.026633,0.027965,0.029637,0.031593,0.033772,0.036124,0.038607,0.041147,0.031648,0.026772,0.025781,0.025429,0.025079,0.024727,0.024379,0.024034,0.023693,0.023356,0.023022,0.022693,0.022367,0.022046,0.02174,0.021438,0.021132,0.02083,0.020542,0.020238,0.019949,0.019648,0.019377,0.019102,0.018857,0.018653,0.018401,0.018177,0.017953,0.017641,0.017346,0.017061,0.016787,0.016513,0.016281,0.016041,0.015806,0.015585,0.015376,0.015183,0.015004,0.014842,0.014696,0.014567,0.014456,0.014362,0.014286,0.014229,0.01419,0.01417,0.014168,0.014185,0.014221,0.014275,0.014348,0.014438,0.014547,0.014673,0.014817,0.014978,0.015154,0.015347,0.015556,0.015779,0.016017,0.016269,0.016534,0.016811,0.017101,0.017402,0.017715,0.018037,0.01837,0.018712,0.019062,0.019421,0.019788,0.020162,0.020543,0.020959,0.021503,0.021822,0.022123,0.022436,0.022763,0.023107,0.023472,0.023861,0.024278,0.024723,0.025191,0.02568,0.026183,0.026699,0.027224,0.027757,NaN,NaN,NaN,NaN,NaN,NaN,NaN,NaN,NaN,NaN,NaN,NaN,NaN,NaN,NaN,NaN,NaN,NaN,NaN,NaN,NaN,NaN,NaN,NaN,NaN,NaN,NaN,NaN,NaN,NaN,NaN,NaN,NaN,NaN,NaN,NaN,NaN,NaN,NaN,NaN,NaN,NaN,NaN,NaN
0.025821,0.025085,0.024405,0.023812,0.023285,0.022679,0.022128,0.021612,0.021128,0.020676,0.02019,0.019781,0.019277,0.018889,0.01849,0.018149,0.017838,0.017556,0.017304,0.016971,0.01672,0.016506,0.01632,0.016161,0.01599,0.015856,0.015755,0.01566,0.015598,0.015542,0.01552,0.015504,0.015482,0.015422,0.015159,0.015043,0.014929,0.014824,0.014777,0.014746,0.014726,0.014724,0.014733,0.014756,0.014794,0.014854,0.014941,0.015039,0.015127,0.015217,0.015326,0.015468,0.015624,0.015798,0.015966,0.016181,0.016412,0.016739,0.017455,0.019492,0.020546,0.020222,0.01993,0.019705,0.019511,0.019318,0.019174,0.019086,0.019107,0.019216,0.019344,0.019537,0.019746,0.02011,0.020614,0.020934,0.021327,0.021774,0.022367,0.023581,0.025374,0.025435,0.025503,0.025574,0.026139,0.027056,0.030555,0.029817,0.029103,0.028511,0.028009,0.027534,0.027188,0.027183,0.029608,0.02907,0.027705,0.026605,0.025744,0.025331,0.024993,0.025044,0.025514,0.026409,0.027709,0.029366,0.031318,0.033501,0.035862,0.038358,0.040869,0.031556,0.026747,0.025515,0.025185,0.024849,0.024516,0.024187,0.023861,0.023543,0.023196,0.022877,0.022563,0.022252,0.021946,0.021644,0.021353,0.021056,0.02076,0.020495,0.020224,0.019936,0.019653,0.019362,0.019095,0.018835,0.018592,0.018397,0.01823,0.017963,0.017694,0.017421,0.017158,0.016905,0.016617,0.016355,0.016123,0.01588,0.015649,0.015433,0.015231,0.015043,0.014871,0.014715,0.014575,0.014452,0.014345,0.014256,0.014185,0.014132,0.014096,0.014079,0.01408,0.014099,0.014136,0.014191,0.014265,0.014355,0.014464,0.01459,0.014732,0.014891,0.015066,0.015257,0.015463,0.015683,0.015918,0.016167,0.016428,0.016702,0.016988,0.017286,0.017594,0.017913,0.018241,0.018579,0.018925,0.019279,0.019641,0.020011,0.020387,0.020885,0.021191,0.02151,0.021827,0.022155,0.022507,0.022855,0.023221,0.02361,0.024023,0.02446,0.024919,0.025396,0.025887,0.026389,0.026901,0.027419,NaN,NaN,NaN,NaN,NaN,NaN,NaN,NaN,NaN,NaN,NaN,NaN,NaN,NaN,NaN,NaN,NaN,NaN,NaN,NaN,NaN,NaN,NaN,NaN,NaN,NaN,NaN,NaN,NaN,NaN,NaN,NaN,NaN,NaN,NaN,NaN,NaN,NaN,NaN,NaN,NaN,NaN,NaN
0.025741,0.025061,0.024412,0.023809,0.023251,0.022706,0.022175,0.021675,0.021204,0.020632,0.020174,0.019745,0.019345,0.018974,0.018632,0.018286,0.017993,0.017729,0.017406,0.017083,0.016807,0.016583,0.016386,0.016215,0.016071,0.015952,0.015943,0.01584,0.015766,0.015725,0.015721,0.015754,0.015712,0.015666,0.015222,0.01508,0.014996,0.014941,0.014878,0.014841,0.014827,0.014808,0.014804,0.014815,0.014844,0.014879,0.014929,0.015,0.01508,0.015162,0.015273,0.015412,0.015533,0.015673,0.015833,0.016062,0.016251,0.016654,0.017549,0.019741,0.020311,0.019985,0.019656,0.019364,0.019114,0.01891,0.018759,0.018668,0.018644,0.018771,0.01888,0.019063,0.019319,0.019855,0.020259,0.020631,0.021077,0.021594,0.022169,0.023345,0.025405,0.025363,0.025334,0.025304,0.025592,0.026629,0.02951,0.028989,0.028247,0.027605,0.027016,0.026575,0.026263,0.026551,0.028051,0.027615,0.026497,0.025501,0.024874,0.024674,0.024575,0.024663,0.025134,0.025996,0.027233,0.028803,0.030652,0.032719,0.034954,0.037316,0.039702,0.030211,0.025898,0.024936,0.02463,0.024327,0.024027,0.02373,0.023436,0.023145,0.022857,0.022573,0.022292,0.022015,0.021737,0.021463,0.021202,0.020937,0.020669,0.020413,0.020177,0.019913,0.019661,0.019403,0.019169,0.018927,0.018698,0.01854,0.018383,0.018189,0.01789,0.017599,0.017318,0.017046,0.016792,0.016565,0.01631,0.016059,0.01582,0.015595,0.015383,0.015165,0.014979,0.014807,0.014651,0.014511,0.014387,0.01428,0.01419,0.014118,0.014063,0.014026,0.014006,0.014005,0.014021,0.014056,0.014109,0.014179,0.014267,0.014372,0.014495,0.014634,0.01479,0.014963,0.01515,0.015353,0.015571,0.015803,0.016048,0.016307,0.016578,0.016862,0.017156,0.017462,0.017777,0.018103,0.018438,0.018781,0.019132,0.019492,0.019858,0.020313,0.02067,0.020986,0.021308,0.02164,0.021983,0.022338,0.022722,0.023096,0.02349,0.023903,0.024364,0.024793,0.025243,0.025715,0.026209,0.02672,0.027242,NaN,NaN,NaN,NaN,NaN,NaN,NaN,NaN,NaN,NaN,NaN,NaN,NaN,NaN,NaN,NaN,NaN,NaN,NaN,NaN,NaN,NaN,NaN,NaN,NaN,NaN,NaN,NaN,NaN,NaN,NaN,NaN,NaN,NaN,NaN,NaN,NaN,NaN,NaN,NaN,NaN,NaN
0.02587,0.025083,0.024378,0.023803,0.023319,0.022687,0.022129,0.021606,0.021121,0.020674,0.0202,0.019809,0.019451,0.019086,0.018736,0.018386,0.018084,0.017751,0.017482,0.017198,0.016944,0.016701,0.016512,0.016349,0.016188,0.016054,0.015952,0.015931,0.015889,0.015799,0.01576,0.015781,0.015697,0.015602,0.015241,0.015112,0.014983,0.014898,0.01483,0.014778,0.014741,0.014721,0.014716,0.014724,0.014749,0.014788,0.014831,0.014903,0.014973,0.015071,0.015193,0.015322,0.015442,0.0156,0.015774,0.015966,0.016219,0.016603,0.017083,0.019161,0.019726,0.019442,0.019192,0.01898,0.01883,0.018705,0.018697,0.018653,0.018737,0.018892,0.019071,0.019224,0.019444,0.01994,0.020286,0.020643,0.020995,0.021398,0.02198,0.022891,0.024457,0.024599,0.024615,0.024661,0.025493,0.025993,0.029414,0.028881,0.02822,0.027646,0.027169,0.026849,0.026648,0.026722,0.028846,0.028416,0.027093,0.02595,0.025122,0.024762,0.024578,0.0246,0.025025,0.025862,0.027093,0.028673,0.030545,0.032648,0.034928,0.037342,0.039808,0.030414,0.025865,0.024686,0.024386,0.024087,0.02379,0.023498,0.023209,0.022925,0.022645,0.02237,0.022101,0.021836,0.021576,0.02132,0.021082,0.020838,0.020597,0.020355,0.020125,0.019914,0.019706,0.019414,0.019223,0.01899,0.018782,0.018592,0.018495,0.018289,0.018016,0.01775,0.017481,0.017222,0.016972,0.016723,0.016463,0.016198,0.015961,0.01573,0.015511,0.015307,0.015083,0.014902,0.014735,0.014584,0.014448,0.014328,0.014224,0.014137,0.014067,0.014014,0.013978,0.013959,0.013958,0.013974,0.014008,0.014059,0.014128,0.014214,0.014317,0.014437,0.014573,0.014725,0.014894,0.015078,0.015277,0.01549,0.015718,0.015959,0.016214,0.016481,0.01676,0.01705,0.017351,0.017663,0.017984,0.018314,0.018654,0.019001,0.019394,0.019833,0.020134,0.020447,0.020758,0.02108,0.021426,0.021761,0.022111,0.022477,0.022862,0.023266,0.023688,0.024128,0.024584,0.025051,0.025529,0.026015,0.026507,0.027006,NaN,NaN,NaN,NaN,NaN,NaN,NaN,NaN,NaN,NaN,NaN,NaN,NaN,NaN,NaN,NaN,NaN,NaN,NaN,NaN,NaN,NaN,NaN,NaN,NaN,NaN,NaN,NaN,NaN,NaN,NaN,NaN,NaN,NaN,NaN,NaN,NaN,NaN,NaN,NaN,NaN
0.026026,0.02524,0.024529,0.023932,0.023418,0.022784,0.022213,0.021678,0.021179,0.020714,0.020282,0.019832,0.019324,0.01894,0.018546,0.018215,0.017891,0.017617,0.017354,0.017086,0.016845,0.016621,0.016451,0.016309,0.016195,0.016108,0.016046,0.015991,0.015957,0.015955,0.015977,0.016022,0.016005,0.015799,0.015462,0.015313,0.015192,0.015091,0.015029,0.014987,0.014947,0.014926,0.014926,0.01494,0.014971,0.015021,0.015073,0.015163,0.015266,0.015377,0.015488,0.015581,0.01571,0.015841,0.01604,0.016219,0.016593,0.016877,0.017564,0.01945,0.020356,0.020069,0.019743,0.019458,0.019218,0.019069,0.019002,0.01892,0.01895,0.019087,0.019255,0.019495,0.019802,0.020209,0.020617,0.021085,0.021552,0.022071,0.022687,0.024198,0.025683,0.025775,0.025823,0.025912,0.026206,0.026576,0.029764,0.029155,0.02846,0.027837,0.027354,0.026841,0.026624,0.026774,0.028697,0.02788,0.026656,0.02573,0.025166,0.024872,0.02466,0.024805,0.025331,0.026243,0.02752,0.029122,0.030991,0.033073,0.035319,0.037689,0.040099,0.030777,0.025889,0.024618,0.024268,0.023985,0.023705,0.023429,0.023156,0.022886,0.02262,0.022358,0.022099,0.021849,0.0216,0.021283,0.021029,0.02073,0.020481,0.02023,0.019956,0.019717,0.019485,0.019248,0.018978,0.018735,0.018534,0.018329,0.018223,0.017974,0.017697,0.017406,0.017124,0.01686,0.016594,0.016355,0.016095,0.015846,0.015609,0.015383,0.015169,0.014957,0.014766,0.01459,0.014427,0.014279,0.014145,0.014027,0.013925,0.013838,0.013768,0.013714,0.013676,0.013655,0.013651,0.013664,0.013694,0.013741,0.013804,0.013884,0.01398,0.014092,0.01422,0.014364,0.014523,0.014696,0.014884,0.015086,0.015302,0.01553,0.015771,0.016023,0.016287,0.016562,0.016848,0.017143,0.017447,0.01776,0.018082,0.018411,0.018748,0.019124,0.019455,0.019793,0.020138,0.020489,0.020846,0.021211,0.021582,0.02196,0.022345,0.022737,0.023136,0.023542,0.023954,0.024371,0.024793,0.025219,0.025648,0.026081,0.026517,NaN,NaN,NaN,NaN,NaN,NaN,NaN,NaN,NaN,NaN,NaN,NaN,NaN,NaN,NaN,NaN,NaN,NaN,NaN,NaN,NaN,NaN,NaN,NaN,NaN,NaN,NaN,NaN,NaN,NaN,NaN,NaN,NaN,NaN,NaN,NaN,NaN,NaN,NaN,NaN
0.025974,0.025113,0.024356,0.023764,0.023293,0.022716,0.022152,0.021647,0.021201,0.020812,0.020412,0.020053,0.019568,0.019134,0.018821,0.018504,0.018156,0.017834,0.017559,0.017275,0.016983,0.016743,0.016524,0.016343,0.016186,0.016053,0.015944,0.01588,0.015786,0.01572,0.015671,0.015667,0.015652,0.015588,0.015299,0.015189,0.015067,0.014998,0.014944,0.014906,0.014877,0.014865,0.014872,0.014886,0.014924,0.014961,0.015005,0.015087,0.015161,0.015234,0.015322,0.015413,0.015524,0.015667,0.015836,0.016024,0.016232,0.016518,0.017359,0.019224,0.02005,0.019763,0.019473,0.019217,0.019,0.018826,0.0187,0.018629,0.018616,0.018704,0.018893,0.019096,0.019306,0.019685,0.020098,0.020423,0.020771,0.021212,0.021849,0.023091,0.024527,0.024624,0.024737,0.024725,0.024916,0.025851,0.029225,0.028575,0.027868,0.027354,0.026816,0.02649,0.026275,0.026448,0.028044,0.02727,0.026095,0.025145,0.02473,0.024515,0.024272,0.024453,0.024904,0.025733,0.026925,0.028443,0.030235,0.032246,0.034423,0.036727,0.039055,0.029852,0.025473,0.024188,0.023925,0.023666,0.023409,0.023155,0.022872,0.022621,0.022374,0.022131,0.021866,0.021627,0.021399,0.021149,0.020883,0.020656,0.020427,0.020201,0.019979,0.01976,0.019567,0.019367,0.019156,0.018938,0.018745,0.01856,0.018516,0.018342,0.018066,0.017784,0.01747,0.017194,0.016956,0.016732,0.01644,0.016182,0.015935,0.015699,0.015474,0.015261,0.015064,0.014833,0.014652,0.014484,0.014331,0.014192,0.014068,0.013959,0.013866,0.013789,0.013728,0.013683,0.013655,0.013643,0.013648,0.013669,0.013708,0.013763,0.013834,0.013922,0.014026,0.014146,0.014281,0.014433,0.014599,0.01478,0.014975,0.015184,0.015406,0.015641,0.015888,0.016147,0.016418,0.016699,0.01699,0.017291,0.017601,0.017919,0.018246,0.018605,0.018934,0.019271,0.019614,0.019964,0.02032,0.020683,0.021052,0.021427,0.021808,0.022196,0.02259,0.02299,0.023395,0.023804,0.024219,0.024637,0.025059,0.025484,0.025913,0.026344,NaN,NaN,NaN,NaN,NaN,NaN,NaN,NaN,NaN,NaN,NaN,NaN,NaN,NaN,NaN,NaN,NaN,NaN,NaN,NaN,NaN,NaN,NaN,NaN,NaN,NaN,NaN,NaN,NaN,NaN,NaN,NaN,NaN,NaN,NaN,NaN,NaN,NaN,NaN
0.025868,0.025083,0.024382,0.02381,0.023331,0.022714,0.022166,0.021655,0.021179,0.020737,0.020327,0.019846,0.019343,0.018958,0.018601,0.018238,0.017931,0.017655,0.017359,0.017053,0.016825,0.016626,0.016433,0.016282,0.016138,0.016033,0.01594,0.015911,0.015829,0.015781,0.01576,0.015774,0.015771,0.01568,0.015385,0.015249,0.015146,0.015094,0.01506,0.015015,0.014983,0.014969,0.014968,0.014976,0.014994,0.015024,0.015084,0.015149,0.01524,0.015318,0.015441,0.015577,0.015719,0.015855,0.015988,0.016141,0.016442,0.016637,0.017317,0.01911,0.020203,0.019865,0.019561,0.019327,0.019098,0.018917,0.01879,0.018722,0.01872,0.018828,0.019026,0.019274,0.019523,0.019963,0.020622,0.020949,0.021331,0.021764,0.022327,0.023631,0.025464,0.025472,0.025353,0.025202,0.025596,0.026092,0.029369,0.028661,0.02792,0.027353,0.026855,0.026531,0.026257,0.02625,0.028027,0.027405,0.02627,0.025367,0.02471,0.024404,0.024268,0.02439,0.02487,0.025714,0.026906,0.028406,0.030163,0.032125,0.034243,0.036482,0.038716,0.030228,0.025547,0.023976,0.023725,0.023478,0.023234,0.022994,0.022759,0.022527,0.022299,0.022075,0.021855,0.021639,0.021427,0.0212,0.020993,0.02074,0.020534,0.020275,0.020071,0.019883,0.019662,0.019463,0.019254,0.019003,0.018833,0.018655,0.018521,0.018333,0.018063,0.0178,0.017531,0.017282,0.016986,0.016715,0.016451,0.016197,0.015953,0.01572,0.015497,0.015261,0.015059,0.014865,0.014684,0.014467,0.014308,0.014163,0.014032,0.013916,0.013815,0.013729,0.013659,0.013605,0.013566,0.013544,0.013538,0.013548,0.013575,0.013617,0.013676,0.013751,0.013842,0.013949,0.014071,0.014208,0.014361,0.014528,0.014709,0.014904,0.015112,0.015334,0.015567,0.015813,0.01607,0.016338,0.016616,0.016904,0.017201,0.017507,0.017822,0.018159,0.018482,0.018813,0.019151,0.019496,0.019846,0.020203,0.020565,0.020933,0.021306,0.021685,0.022069,0.022458,0.022851,0.023249,0.02365,0.024055,0.024464,0.024876,0.025291,0.025708,0.026128,NaN,NaN,NaN,NaN,NaN,NaN,NaN,NaN,NaN,NaN,NaN,NaN,NaN,NaN,NaN,NaN,NaN,NaN,NaN,NaN,NaN,NaN,NaN,NaN,NaN,NaN,NaN,NaN,NaN,NaN,NaN,NaN,NaN,NaN,NaN,NaN,NaN,NaN
0.025693,0.024928,0.024249,0.023704,0.023261,0.022703,0.022089,0.021593,0.021133,0.020707,0.020316,0.019957,0.019547,0.01914,0.018822,0.018531,0.01824,0.017938,0.017674,0.017382,0.017071,0.016842,0.016636,0.016452,0.01629,0.016136,0.016011,0.015875,0.015778,0.015701,0.015644,0.015608,0.015549,0.015411,0.015163,0.015058,0.014982,0.014857,0.014798,0.014747,0.01471,0.014693,0.01469,0.014691,0.0147,0.014724,0.014758,0.014815,0.014878,0.014952,0.015052,0.015191,0.015324,0.015432,0.015557,0.015764,0.016003,0.016292,0.016726,0.01847,0.019115,0.018888,0.018651,0.018446,0.018276,0.018143,0.018054,0.018013,0.018025,0.018093,0.018346,0.018546,0.018759,0.019236,0.019583,0.019892,0.020245,0.020641,0.021106,0.022103,0.023485,0.023887,0.024074,0.02396,0.02444,0.024983,0.028457,0.027705,0.027056,0.026423,0.025887,0.025461,0.025221,0.025265,0.027015,0.026198,0.025196,0.024388,0.023904,0.023821,0.023672,0.023762,0.024195,0.024977,0.026097,0.02752,0.029198,0.031079,0.033113,0.035264,0.037369,0.028791,0.024621,0.023371,0.023154,0.022939,0.022727,0.022518,0.022312,0.022108,0.021908,0.02171,0.021516,0.021324,0.021138,0.020927,0.020744,0.020525,0.02034,0.020157,0.019981,0.01978,0.019607,0.019412,0.01922,0.019021,0.018847,0.018704,0.018675,0.018542,0.01828,0.018027,0.017779,0.017529,0.017239,0.017012,0.016754,0.016484,0.016223,0.015972,0.015692,0.015457,0.015233,0.015021,0.01482,0.014632,0.014457,0.014296,0.014148,0.014014,0.013894,0.01379,0.0137,0.013625,0.013567,0.013524,0.013496,0.013485,0.01349,0.013512,0.013549,0.013603,0.013672,0.013758,0.01386,0.013977,0.01411,0.014258,0.014421,0.014598,0.014789,0.014993,0.015211,0.015442,0.015684,0.015938,0.016203,0.016479,0.016764,0.017059,0.017363,0.017687,0.018002,0.018324,0.018654,0.01899,0.019334,0.019683,0.020039,0.0204,0.020767,0.02114,0.021518,0.0219,0.022288,0.02268,0.023076,0.023476,0.02388,0.024287,0.024697,0.025111,0.025526,0.025945,NaN,NaN,NaN,NaN,NaN,NaN,NaN,NaN,NaN,NaN,NaN,NaN,NaN,NaN,NaN,NaN,NaN,NaN,NaN,NaN,NaN,NaN,NaN,NaN,NaN,NaN,NaN,NaN,NaN,NaN,NaN,NaN,NaN,NaN,NaN,NaN,NaN
0.025789,0.025028,0.024339,0.023766,0.023293,0.022788,0.022094,0.02161,0.021164,0.020754,0.020379,0.020035,0.019561,0.019185,0.018826,0.018489,0.018206,0.017948,0.01767,0.017392,0.017095,0.016866,0.016659,0.016473,0.01631,0.016152,0.015996,0.015869,0.015749,0.015663,0.015597,0.01555,0.01548,0.01532,0.015038,0.014928,0.014846,0.014767,0.014704,0.014645,0.014583,0.014545,0.014526,0.01452,0.014521,0.014538,0.014572,0.014629,0.014674,0.014737,0.014835,0.01495,0.015105,0.01523,0.015372,0.015545,0.01575,0.016052,0.016764,0.018502,0.019084,0.018827,0.018597,0.018398,0.018232,0.018104,0.018016,0.017975,0.017983,0.018083,0.018235,0.018394,0.018606,0.018956,0.019427,0.019704,0.020039,0.020455,0.020899,0.021913,0.023479,0.02375,0.023991,0.023977,0.024696,0.025457,0.02881,0.028164,0.027484,0.026874,0.026388,0.025942,0.025562,0.025624,0.027182,0.027386,0.026238,0.025233,0.024636,0.024276,0.024075,0.02413,0.024548,0.025336,0.026479,0.02794,0.029666,0.031603,0.0337,0.035919,0.038233,0.029255,0.025109,0.023637,0.02339,0.023145,0.022903,0.022664,0.022429,0.022197,0.021969,0.021745,0.021524,0.021307,0.021096,0.020894,0.020684,0.02041,0.020197,0.019983,0.019772,0.019565,0.019361,0.019162,0.018979,0.018807,0.018621,0.01844,0.018413,0.018223,0.01796,0.017705,0.017457,0.017216,0.017002,0.016713,0.016432,0.016188,0.015953,0.015729,0.015408,0.015192,0.014984,0.014788,0.014554,0.014378,0.014214,0.014062,0.013924,0.0138,0.01369,0.013594,0.013512,0.013445,0.013393,0.013357,0.013335,0.013329,0.013338,0.013363,0.013403,0.013459,0.013529,0.013615,0.013716,0.013832,0.013962,0.014106,0.014265,0.014437,0.014622,0.01482,0.01503,0.015253,0.015486,0.015731,0.015986,0.016252,0.016526,0.01681,0.017103,0.017411,0.017722,0.018027,0.018333,0.018654,0.018968,0.019288,0.019615,0.019949,0.02029,0.020638,0.020992,0.021354,0.021723,0.022099,0.022481,0.02287,0.023264,0.023662,0.024065,0.024472,0.024883,0.025296,0.025712,NaN,NaN,NaN,NaN,NaN,NaN,NaN,NaN,NaN,NaN,NaN,NaN,NaN,NaN,NaN,NaN,NaN,NaN,NaN,NaN,NaN,NaN,NaN,NaN,NaN,NaN,NaN,NaN,NaN,NaN,NaN,NaN,NaN,NaN,NaN,NaN
0.025958,0.025225,0.024529,0.023891,0.023313,0.022742,0.022223,0.021745,0.021169,0.020678,0.02024,0.019867,0.019458,0.019,0.018626,0.018311,0.01797,0.017698,0.017387,0.017099,0.01683,0.016597,0.016403,0.016213,0.016063,0.015939,0.015827,0.015731,0.015669,0.015632,0.015617,0.015612,0.015556,0.015452,0.01523,0.015129,0.01503,0.014992,0.014947,0.01491,0.014888,0.014886,0.014899,0.01492,0.014953,0.015,0.015054,0.015109,0.015176,0.015272,0.01537,0.015512,0.015646,0.015789,0.015984,0.016163,0.016391,0.016814,0.017508,0.019609,0.020673,0.020304,0.019968,0.019668,0.019409,0.019195,0.019032,0.018927,0.018885,0.018989,0.019072,0.019224,0.019489,0.01985,0.020262,0.020683,0.021036,0.021469,0.022033,0.02327,0.025117,0.025128,0.025051,0.025125,0.02535,0.026164,0.029212,0.028731,0.028103,0.027554,0.027138,0.026809,0.026517,0.026854,0.028859,0.028428,0.027211,0.026142,0.025431,0.025084,0.024781,0.024766,0.025152,0.025951,0.02715,0.028708,0.030564,0.032657,0.034931,0.03734,0.0398,0.029825,0.025452,0.02383,0.023572,0.023315,0.023061,0.02281,0.022562,0.022317,0.022075,0.021835,0.021599,0.021366,0.021136,0.02085,0.020593,0.020305,0.020049,0.019821,0.019601,0.019369,0.019113,0.018891,0.018661,0.018389,0.018172,0.017994,0.017853,0.01762,0.017362,0.017101,0.016848,0.016602,0.016333,0.016079,0.015836,0.015578,0.015344,0.015119,0.014905,0.014701,0.014508,0.014326,0.014155,0.013997,0.013851,0.013718,0.013597,0.01349,0.013397,0.013318,0.013252,0.013201,0.013164,0.013142,0.013135,0.013142,0.013163,0.0132,0.013251,0.013316,0.013396,0.01349,0.013598,0.013719,0.013854,0.014002,0.014163,0.014336,0.014521,0.014719,0.014927,0.015146,0.015375,0.015615,0.015864,0.016122,0.016389,0.016664,0.016947,0.017266,0.01755,0.017818,0.018094,0.018377,0.018666,0.018963,0.019267,0.019578,0.019897,0.020224,0.020559,0.020902,0.021254,0.021613,0.02198,0.022354,0.022735,0.02312,0.023511,0.023905,0.024304,0.024706,0.025112,0.02552,NaN,NaN,NaN,NaN,NaN,NaN,NaN,NaN,NaN,NaN,NaN,NaN,NaN,NaN,NaN,NaN,NaN,NaN,NaN,NaN,NaN,NaN,NaN,NaN,NaN,NaN,NaN,NaN,NaN,NaN,NaN,NaN,NaN,NaN,NaN
0.026003,0.025231,0.024513,0.023882,0.023331,0.022794,0.022174,0.021689,0.021251,0.020856,0.020432,0.020092,0.019498,0.019096,0.018711,0.018389,0.01807,0.017797,0.017553,0.017278,0.017054,0.016829,0.016632,0.016453,0.016273,0.016147,0.016032,0.01602,0.015895,0.015813,0.015773,0.015774,0.015593,0.015477,0.01524,0.015152,0.015092,0.015046,0.014958,0.014893,0.014869,0.01485,0.014848,0.014857,0.014881,0.014914,0.014957,0.01502,0.015074,0.015145,0.015244,0.015345,0.015463,0.015618,0.01579,0.015963,0.016215,0.016512,0.017372,0.018924,0.019836,0.019523,0.019241,0.019048,0.018825,0.018649,0.018527,0.018463,0.018464,0.018532,0.018669,0.018873,0.019128,0.019508,0.020027,0.020371,0.020765,0.021242,0.021718,0.022944,0.024628,0.024783,0.024708,0.024804,0.025003,0.025921,0.028468,0.028055,0.027372,0.026778,0.026214,0.025812,0.025531,0.025788,0.027777,0.026954,0.025891,0.025075,0.024442,0.0242,0.024075,0.024192,0.024661,0.025488,0.026654,0.028121,0.03,0.031866,0.033905,0.036097,0.038416,0.029531,0.024772,0.023446,0.023212,0.022981,0.022754,0.02253,0.022309,0.022091,0.021876,0.021665,0.021457,0.021253,0.021054,0.020859,0.020633,0.02038,0.020177,0.019977,0.019777,0.019576,0.019369,0.019173,0.018982,0.018795,0.018658,0.018535,0.018342,0.018156,0.017904,0.017659,0.017421,0.017189,0.016974,0.016651,0.016375,0.01611,0.015867,0.015633,0.015411,0.015153,0.014945,0.014741,0.014547,0.014364,0.014194,0.014035,0.013888,0.013755,0.013634,0.013527,0.013433,0.013353,0.013288,0.013237,0.0132,0.013178,0.013171,0.013179,0.013201,0.013239,0.013291,0.013358,0.01344,0.013536,0.013646,0.013771,0.013909,0.01406,0.014224,0.014402,0.014591,0.014792,0.015005,0.015229,0.015464,0.015708,0.015962,0.016226,0.016498,0.016778,0.017067,0.017356,0.017652,0.017955,0.018264,0.01858,0.018901,0.019228,0.019561,0.019899,0.020242,0.02059,0.020943,0.0213,0.021662,0.022028,0.022397,0.022771,0.023147,0.023527,0.023909,0.024294,0.024682,0.025073,0.025465,NaN,NaN,NaN,NaN,NaN,NaN,NaN,NaN,NaN,NaN,NaN,NaN,NaN,NaN,NaN,NaN,NaN,NaN,NaN,NaN,NaN,NaN,NaN,NaN,NaN,NaN,NaN,NaN,NaN,NaN,NaN,NaN,NaN,NaN
0.025814,0.025083,0.024409,0.02382,0.023297,0.022695,0.022145,0.021626,0.021139,0.020684,0.020195,0.019733,0.019336,0.018925,0.018538,0.018207,0.017906,0.017634,0.017296,0.017021,0.01676,0.016548,0.016364,0.016206,0.016074,0.015954,0.015838,0.015856,0.015735,0.015661,0.015645,0.015676,0.015496,0.015474,0.015264,0.01517,0.015108,0.015068,0.014993,0.014979,0.014983,0.014991,0.015015,0.015054,0.015115,0.015179,0.015273,0.015343,0.015402,0.015493,0.015587,0.015746,0.015891,0.016034,0.016197,0.016404,0.016626,0.016892,0.017675,0.019646,0.020427,0.020087,0.019807,0.019556,0.019312,0.019113,0.019003,0.018907,0.018874,0.018948,0.019043,0.019207,0.019531,0.019966,0.02026,0.020621,0.021057,0.021562,0.022163,0.023333,0.025096,0.025353,0.025335,0.025399,0.025848,0.02671,0.029888,0.029182,0.028446,0.027844,0.027305,0.026799,0.026513,0.026783,0.028165,0.027522,0.026381,0.025466,0.02493,0.024663,0.024444,0.024569,0.02506,0.025922,0.027138,0.028669,0.030462,0.032463,0.034624,0.036908,0.039286,0.029774,0.02472,0.023459,0.023056,0.022815,0.022577,0.022342,0.022111,0.021882,0.021657,0.021436,0.021217,0.021002,0.020792,0.020583,0.020377,0.020174,0.019974,0.019769,0.019572,0.019384,0.019195,0.019,0.018786,0.018597,0.018403,0.01823,0.018073,0.01788,0.01764,0.017411,0.017189,0.016973,0.016702,0.016413,0.016158,0.015919,0.015688,0.015452,0.01522,0.014985,0.014758,0.01456,0.014372,0.014195,0.01403,0.013875,0.013733,0.013603,0.013485,0.01338,0.013288,0.013209,0.013143,0.013092,0.013054,0.01303,0.013019,0.013023,0.013041,0.013074,0.01312,0.01318,0.013254,0.013341,0.013442,0.013557,0.013684,0.013824,0.013977,0.014142,0.014319,0.014508,0.014708,0.014918,0.015139,0.015369,0.01561,0.015859,0.016117,0.016383,0.016658,0.016939,0.017228,0.017523,0.017825,0.018133,0.018446,0.018765,0.019089,0.019418,0.019751,0.020089,0.020431,0.020776,0.021126,0.021478,0.021835,0.022194,0.022556,0.022921,0.023288,0.023659,0.024031,0.024406,0.024783,0.025163,NaN,NaN,NaN,NaN,NaN,NaN,NaN,NaN,NaN,NaN,NaN,NaN,NaN,NaN,NaN,NaN,NaN,NaN,NaN,NaN,NaN,NaN,NaN,NaN,NaN,NaN,NaN,NaN,NaN,NaN,NaN,NaN,NaN
0.026151,0.025335,0.024593,0.023968,0.023444,0.022866,0.022236,0.021735,0.021174,0.020732,0.020329,0.019912,0.019485,0.01911,0.018756,0.018463,0.018149,0.017845,0.017547,0.01727,0.017014,0.016776,0.01659,0.016431,0.016275,0.01616,0.01607,0.015995,0.015947,0.015922,0.015919,0.015938,0.015914,0.015793,0.01546,0.015291,0.015181,0.015094,0.015023,0.014969,0.014921,0.014898,0.014886,0.014883,0.014894,0.014922,0.014973,0.015056,0.01514,0.01521,0.015301,0.015378,0.015492,0.015623,0.015776,0.015935,0.01616,0.016408,0.016918,0.018936,0.019882,0.019565,0.019281,0.019034,0.018827,0.018665,0.018554,0.0185,0.018507,0.01862,0.01878,0.018976,0.01928,0.019707,0.020122,0.02048,0.020886,0.021339,0.021873,0.023108,0.024874,0.024766,0.024867,0.024812,0.025218,0.02585,0.028767,0.028368,0.027739,0.027142,0.026629,0.02627,0.026003,0.026105,0.028274,0.027576,0.02637,0.025363,0.02471,0.024447,0.024278,0.024449,0.024894,0.025719,0.026909,0.028424,0.030212,0.032219,0.034394,0.036699,0.039046,0.029592,0.024307,0.023325,0.023094,0.022864,0.022637,0.022412,0.02219,0.021971,0.021752,0.021537,0.021324,0.021114,0.020909,0.020702,0.020489,0.020285,0.020085,0.019863,0.019638,0.019432,0.019222,0.019027,0.01881,0.018576,0.018351,0.018126,0.017942,0.017738,0.017493,0.017252,0.017009,0.016773,0.01656,0.016317,0.016039,0.015793,0.015544,0.015312,0.015089,0.014875,0.01467,0.014475,0.01429,0.014115,0.013952,0.0138,0.013659,0.01353,0.013414,0.013309,0.013218,0.01314,0.013075,0.013023,0.012985,0.01296,0.012949,0.012952,0.012969,0.013,0.013044,0.013102,0.013174,0.013259,0.013357,0.013469,0.013593,0.01373,0.013879,0.01404,0.014212,0.014396,0.01459,0.014796,0.015011,0.015235,0.01547,0.015713,0.015964,0.016232,0.016494,0.016763,0.01704,0.017324,0.017613,0.017909,0.018211,0.018518,0.018831,0.019148,0.019471,0.019799,0.020131,0.020467,0.020807,0.021152,0.0215,0.021852,0.022207,0.022566,0.022927,0.023291,0.023657,0.024027,0.024398,0.024772,0.025147,NaN,NaN,NaN,NaN,NaN,NaN,NaN,NaN,NaN,NaN,NaN,NaN,NaN,NaN,NaN,NaN,NaN,NaN,NaN,NaN,NaN,NaN,NaN,NaN,NaN,NaN,NaN,NaN,NaN,NaN,NaN,NaN
0.025934,0.025142,0.024419,0.0238,0.023261,0.022632,0.022074,0.021566,0.021105,0.020687,0.020308,0.019964,0.019367,0.018959,0.018608,0.018249,0.017917,0.01755,0.017244,0.016929,0.016656,0.016418,0.016186,0.015994,0.01581,0.015664,0.015514,0.015398,0.015311,0.015249,0.015211,0.015196,0.015184,0.015155,0.014963,0.014889,0.014834,0.01477,0.014746,0.014743,0.014733,0.014743,0.014765,0.0148,0.014854,0.014927,0.01503,0.015166,0.015297,0.015439,0.01559,0.015727,0.015913,0.016097,0.016297,0.016518,0.016859,0.017139,0.017757,0.020026,0.021092,0.020725,0.020393,0.020098,0.019884,0.019703,0.019535,0.019427,0.019387,0.01952,0.019652,0.019812,0.020044,0.020501,0.021095,0.02142,0.021837,0.02242,0.023044,0.024419,0.025885,0.026131,0.026429,0.026426,0.026741,0.027549,0.030993,0.030332,0.029591,0.028937,0.028465,0.028028,0.027759,0.027967,0.029924,0.029156,0.027767,0.026681,0.02592,0.025682,0.025444,0.025521,0.026021,0.026952,0.028296,0.030007,0.032024,0.034283,0.036726,0.039308,0.041998,0.030662,0.024753,0.024004,0.02369,0.023398,0.023108,0.022821,0.022535,0.022253,0.021972,0.021694,0.021419,0.02115,0.02088,0.020612,0.020343,0.020084,0.019816,0.019565,0.019305,0.019052,0.01879,0.018539,0.018283,0.018031,0.017791,0.017569,0.017354,0.017122,0.016867,0.016618,0.016375,0.016139,0.015898,0.015598,0.015376,0.015153,0.014939,0.014733,0.014536,0.014336,0.014156,0.013985,0.013824,0.013674,0.013535,0.013407,0.013291,0.013186,0.013093,0.013013,0.012945,0.01289,0.012847,0.012818,0.012801,0.012798,0.012808,0.01283,0.012866,0.012915,0.012977,0.013051,0.013138,0.013236,0.013347,0.01347,0.013604,0.01375,0.013906,0.014073,0.01425,0.014437,0.014633,0.014838,0.015052,0.015275,0.015506,0.015744,0.01599,0.016253,0.016508,0.016769,0.017037,0.01731,0.017589,0.017874,0.018163,0.018458,0.018757,0.019061,0.01937,0.019683,0.02,0.020321,0.020645,0.020974,0.021306,0.021641,0.02198,0.022321,0.022665,0.023012,0.023362,0.023713,0.024067,0.024423,0.024781,0.025141,NaN,NaN,NaN,NaN,NaN,NaN,NaN,NaN,NaN,NaN,NaN,NaN,NaN,NaN,NaN,NaN,NaN,NaN,NaN,NaN,NaN,NaN,NaN,NaN,NaN,NaN,NaN,NaN,NaN,NaN,NaN
0.02592,0.025183,0.024494,0.023879,0.023322,0.022735,0.022174,0.021655,0.021175,0.020732,0.020323,0.019947,0.019389,0.019012,0.018585,0.018243,0.017904,0.017585,0.01727,0.016975,0.016717,0.016478,0.016279,0.016108,0.015962,0.015843,0.015737,0.015651,0.015595,0.015562,0.015537,0.015545,0.015493,0.015398,0.015221,0.015092,0.014969,0.014904,0.014836,0.014791,0.014765,0.014742,0.014739,0.014752,0.014793,0.014834,0.014884,0.014905,0.014964,0.015028,0.015111,0.015215,0.01534,0.015504,0.015668,0.015853,0.016121,0.0164,0.017169,0.019239,0.019968,0.019677,0.019419,0.019199,0.01902,0.018887,0.018805,0.018781,0.01882,0.018966,0.019177,0.019456,0.019744,0.020223,0.020804,0.021247,0.021677,0.022158,0.022728,0.024112,0.02574,0.025996,0.02605,0.026154,0.026308,0.027197,0.031684,0.031186,0.030341,0.02954,0.028841,0.028292,0.027939,0.028232,0.029818,0.029467,0.02813,0.026888,0.026111,0.025634,0.025325,0.02543,0.025976,0.026969,0.028385,0.030169,0.032257,0.034581,0.037087,0.039732,0.042376,0.030229,0.025022,0.023966,0.023628,0.023327,0.023029,0.022732,0.022438,0.022146,0.021856,0.021569,0.021285,0.021003,0.020727,0.020448,0.020173,0.019902,0.019635,0.01937,0.019103,0.018849,0.018587,0.018333,0.018078,0.01784,0.017605,0.017384,0.017179,0.016962,0.016708,0.01646,0.016218,0.015983,0.015737,0.015468,0.015241,0.015021,0.01481,0.014607,0.014412,0.014226,0.01405,0.013884,0.013727,0.013581,0.013445,0.01332,0.013207,0.013105,0.013014,0.012936,0.01287,0.012816,0.012775,0.012746,0.01273,0.012727,0.012736,0.012759,0.012793,0.012841,0.012901,0.012973,0.013057,0.013154,0.013262,0.013381,0.013512,0.013653,0.013805,0.013968,0.01414,0.014322,0.014514,0.014714,0.014923,0.01514,0.015365,0.015597,0.015837,0.016121,0.016352,0.016589,0.016833,0.017083,0.017338,0.0176,0.017868,0.018141,0.01842,0.018704,0.018994,0.01929,0.019591,0.019899,0.020212,0.02053,0.020853,0.021182,0.021515,0.021852,0.022193,0.022538,0.022886,0.023237,0.02359,0.023947,0.024305,0.024666,0.02503,NaN,NaN,NaN,NaN,NaN,NaN,NaN,NaN,NaN,NaN,NaN,NaN,NaN,NaN,NaN,NaN,NaN,NaN,NaN,NaN,NaN,NaN,NaN,NaN,NaN,NaN,NaN,NaN,NaN,NaN
0.02578,0.025036,0.024367,0.023815,0.023351,0.022766,0.022233,0.021729,0.021181,0.020708,0.020265,0.01985,0.019372,0.018972,0.018598,0.018251,0.017905,0.017605,0.017289,0.016998,0.016737,0.016514,0.016298,0.016123,0.015974,0.015849,0.01575,0.015664,0.015607,0.015558,0.015543,0.01555,0.015536,0.015322,0.015107,0.014997,0.014861,0.014804,0.014727,0.014683,0.014651,0.014641,0.014646,0.014664,0.014702,0.014756,0.014831,0.014912,0.015008,0.015105,0.015199,0.015355,0.015475,0.015617,0.01579,0.016023,0.016245,0.016579,0.017165,0.019016,0.020117,0.01985,0.019579,0.019342,0.019144,0.01899,0.018885,0.018835,0.018846,0.019002,0.019134,0.019336,0.019602,0.020154,0.020636,0.021008,0.021432,0.021905,0.0225,0.024043,0.025635,0.025769,0.025872,0.025747,0.02593,0.026594,0.030119,0.029606,0.028854,0.028267,0.027645,0.027118,0.026699,0.026726,0.028905,0.028524,0.027284,0.026503,0.025924,0.025536,0.025213,0.025265,0.025723,0.0266,0.02788,0.029521,0.031463,0.033641,0.035999,0.038494,0.041046,0.030783,0.025078,0.023733,0.023461,0.023192,0.022925,0.022661,0.022399,0.022139,0.021882,0.021628,0.021376,0.021127,0.020882,0.020609,0.020338,0.020087,0.019842,0.0196,0.019356,0.019116,0.018886,0.018633,0.018397,0.018178,0.017937,0.017774,0.017611,0.017346,0.017099,0.016848,0.016603,0.016364,0.016142,0.015908,0.015644,0.015416,0.015195,0.014982,0.014762,0.014563,0.014372,0.014191,0.014019,0.013857,0.013705,0.013564,0.013433,0.013313,0.013204,0.013107,0.013022,0.012948,0.012887,0.012838,0.012802,0.012778,0.012767,0.012768,0.012782,0.012809,0.012849,0.0129,0.012965,0.013041,0.01313,0.013231,0.013343,0.013466,0.013601,0.013747,0.013903,0.014069,0.014246,0.014431,0.014626,0.01483,0.015043,0.015264,0.015492,0.015728,0.015971,0.016221,0.016478,0.016741,0.01701,0.017284,0.017564,0.017849,0.018139,0.018433,0.018732,0.019035,0.019342,0.019653,0.019967,0.020285,0.020606,0.02093,0.021258,0.021588,0.02192,0.022256,0.022593,0.022933,0.023276,0.02362,0.023966,0.024315,0.024665,0.025017,NaN,NaN,NaN,NaN,NaN,NaN,NaN,NaN,NaN,NaN,NaN,NaN,NaN,NaN,NaN,NaN,NaN,NaN,NaN,NaN,NaN,NaN,NaN,NaN,NaN,NaN,NaN,NaN,NaN
0.025845,0.025077,0.024395,0.023849,0.023405,0.022855,0.02234,0.021857,0.021302,0.02077,0.020323,0.019906,0.019435,0.01905,0.018692,0.018362,0.018027,0.017743,0.01744,0.017133,0.016893,0.016679,0.016493,0.016331,0.016194,0.016081,0.01598,0.015908,0.015857,0.015828,0.015805,0.015813,0.015756,0.015654,0.01525,0.015077,0.014947,0.014856,0.014783,0.014728,0.014675,0.014635,0.01461,0.014596,0.014606,0.014603,0.014624,0.014653,0.0147,0.014787,0.014861,0.01498,0.015095,0.015246,0.01537,0.015515,0.015729,0.015969,0.016614,0.018385,0.018734,0.018567,0.018397,0.01826,0.018158,0.018096,0.018076,0.018144,0.018216,0.018381,0.018555,0.018784,0.019117,0.019812,0.020328,0.020633,0.020985,0.021383,0.021901,0.022951,0.024698,0.024891,0.025177,0.025128,0.025559,0.026154,0.029953,0.029286,0.028546,0.027864,0.027266,0.02676,0.026483,0.026436,0.02881,0.028491,0.02719,0.026076,0.025295,0.025029,0.024821,0.024893,0.025366,0.026249,0.027521,0.029139,0.031044,0.033179,0.035489,0.037934,0.040427,0.029927,0.024798,0.023772,0.02343,0.023167,0.022905,0.022646,0.022388,0.022133,0.021879,0.021628,0.02138,0.021133,0.02089,0.020651,0.020407,0.020166,0.019931,0.019698,0.019447,0.01922,0.018997,0.018766,0.018543,0.018324,0.018082,0.017878,0.017706,0.017532,0.017277,0.017026,0.016781,0.016548,0.016326,0.01612,0.015879,0.015644,0.015417,0.015197,0.014985,0.014781,0.014586,0.014399,0.014222,0.014054,0.013896,0.013748,0.01361,0.013483,0.013367,0.013262,0.013169,0.013087,0.013018,0.01296,0.012915,0.012882,0.012862,0.012854,0.012859,0.012876,0.012906,0.012948,0.013003,0.01307,0.013149,0.01324,0.013343,0.013457,0.013583,0.013719,0.013867,0.014025,0.014193,0.01437,0.014558,0.014754,0.014959,0.015173,0.015395,0.015624,0.015861,0.016105,0.016356,0.016614,0.016877,0.017147,0.017422,0.017702,0.017988,0.018278,0.018573,0.018872,0.019175,0.019483,0.019794,0.020109,0.020427,0.020748,0.021072,0.0214,0.02173,0.022063,0.022398,0.022736,0.023076,0.023419,0.023763,0.02411,0.024458,0.024808,0.02516,NaN,NaN,NaN,NaN,NaN,NaN,NaN,NaN,NaN,NaN,NaN,NaN,NaN,NaN,NaN,NaN,NaN,NaN,NaN,NaN,NaN,NaN,NaN,NaN,NaN,NaN,NaN,NaN
0.026134,0.025374,0.024663,0.024026,0.023447,0.022816,0.022236,0.021696,0.021194,0.020731,0.020305,0.019814,0.019349,0.018976,0.018637,0.0183,0.017964,0.017675,0.017415,0.017165,0.016937,0.016725,0.016546,0.016365,0.016244,0.01615,0.016082,0.016085,0.016021,0.015984,0.016016,0.016079,0.016004,0.015921,0.015584,0.015397,0.015277,0.01519,0.015112,0.015054,0.015012,0.014987,0.014981,0.014991,0.015016,0.015056,0.015116,0.015185,0.01525,0.01533,0.015413,0.015515,0.015637,0.015798,0.01601,0.016261,0.016569,0.016769,0.017455,0.019413,0.02034,0.02001,0.019686,0.019406,0.019174,0.018994,0.018871,0.018814,0.018789,0.018915,0.019053,0.019267,0.019554,0.020052,0.020541,0.020963,0.021454,0.022018,0.022693,0.024168,0.025953,0.026134,0.026297,0.026185,0.026731,0.027018,0.029987,0.029315,0.028541,0.027816,0.027208,0.026757,0.026388,0.026546,0.028598,0.028176,0.026988,0.026033,0.02533,0.025143,0.024983,0.0251,0.025599,0.026487,0.027749,0.029344,0.031217,0.033312,0.035577,0.037971,0.040464,0.030293,0.025209,0.023608,0.023355,0.023105,0.022857,0.022612,0.022369,0.022129,0.021892,0.021657,0.021425,0.021195,0.02094,0.020712,0.020484,0.020259,0.020032,0.019805,0.019576,0.019357,0.019109,0.018893,0.018661,0.01845,0.018214,0.018024,0.017775,0.017544,0.01727,0.017018,0.016777,0.016535,0.016303,0.016046,0.015823,0.01556,0.015334,0.015116,0.014905,0.014702,0.014507,0.014321,0.014143,0.013975,0.013815,0.013666,0.013527,0.013398,0.013279,0.013172,0.013075,0.01299,0.012917,0.012855,0.012806,0.012768,0.012742,0.012729,0.012728,0.012739,0.012763,0.012798,0.012846,0.012906,0.012978,0.013062,0.013157,0.013264,0.013381,0.01351,0.013649,0.013799,0.013958,0.014128,0.014306,0.014494,0.014691,0.014896,0.015109,0.01533,0.015558,0.015793,0.016035,0.016284,0.016539,0.016799,0.017066,0.017337,0.017614,0.017896,0.018182,0.018473,0.018768,0.019066,0.019369,0.019675,0.019985,0.020298,0.020614,0.020933,0.021255,0.021579,0.021906,0.022236,0.022568,0.022902,0.023239,0.023577,0.023917,0.02426,0.024604,0.02495,NaN,NaN,NaN,NaN,NaN,NaN,NaN,NaN,NaN,NaN,NaN,NaN,NaN,NaN,NaN,NaN,NaN,NaN,NaN,NaN,NaN,NaN,NaN,NaN,NaN,NaN,NaN
0.026182,0.025373,0.024656,0.024086,0.023623,0.023047,0.022384,0.021827,0.021295,0.020789,0.020309,0.019806,0.019328,0.018908,0.018519,0.018163,0.017842,0.017529,0.017225,0.016986,0.016765,0.016589,0.016446,0.016334,0.016234,0.016175,0.016133,0.016106,0.016112,0.016143,0.016199,0.01625,0.016236,0.016124,0.015829,0.015657,0.015542,0.01544,0.015376,0.015321,0.015284,0.01527,0.01527,0.015269,0.01527,0.015275,0.015297,0.015366,0.015431,0.015464,0.015516,0.015629,0.015707,0.015823,0.015959,0.016155,0.016297,0.016609,0.017375,0.019018,0.019793,0.019504,0.019253,0.019075,0.018938,0.0188,0.018715,0.018687,0.018721,0.018899,0.019101,0.019316,0.019595,0.020066,0.020534,0.020915,0.021363,0.021885,0.022453,0.023751,0.026087,0.025982,0.025955,0.025825,0.026078,0.026865,0.029878,0.029135,0.028469,0.02785,0.027381,0.026979,0.026725,0.027123,0.029283,0.028553,0.027337,0.026241,0.025412,0.025163,0.024968,0.025054,0.025538,0.026427,0.027702,0.029318,0.031218,0.033343,0.035641,0.038071,0.040602,0.030347,0.025273,0.023508,0.023175,0.022926,0.02268,0.022437,0.022196,0.021957,0.02172,0.021485,0.021253,0.021023,0.020796,0.020538,0.020312,0.020081,0.019859,0.019632,0.019402,0.019172,0.018953,0.018728,0.018485,0.018259,0.018042,0.017845,0.017603,0.017398,0.017158,0.016916,0.016679,0.016421,0.016195,0.015957,0.015713,0.015484,0.015266,0.01505,0.01484,0.014638,0.014444,0.014258,0.01408,0.013912,0.013752,0.013601,0.013461,0.01333,0.013209,0.013099,0.012999,0.012911,0.012834,0.012768,0.012713,0.01267,0.012639,0.01262,0.012613,0.012617,0.012634,0.012663,0.012703,0.012755,0.012819,0.012894,0.012981,0.013079,0.013188,0.013307,0.013437,0.013577,0.013728,0.013888,0.014057,0.014235,0.014422,0.014617,0.014821,0.015032,0.015251,0.015477,0.01571,0.015949,0.016195,0.016446,0.016703,0.016966,0.017234,0.017506,0.017784,0.018066,0.018352,0.018642,0.018936,0.019234,0.019535,0.019839,0.020147,0.020458,0.020771,0.021088,0.021406,0.021728,0.022052,0.022378,0.022706,0.023037,0.023369,0.023703,0.024039,0.024377,0.024717,NaN,NaN,NaN,NaN,NaN,NaN,NaN,NaN,NaN,NaN,NaN,NaN,NaN,NaN,NaN,NaN,NaN,NaN,NaN,NaN,NaN,NaN,NaN,NaN,NaN,NaN
0.025993,0.025258,0.02457,0.023951,0.023384,0.02275,0.022162,0.021605,0.021081,0.020594,0.020145,0.019735,0.019364,0.018949,0.018629,0.018344,0.018094,0.017877,0.017671,0.017317,0.017097,0.016881,0.016696,0.01653,0.016344,0.016229,0.016127,0.016097,0.015998,0.015943,0.015913,0.015947,0.015811,0.015736,0.015572,0.015445,0.015352,0.015271,0.015191,0.015141,0.015096,0.015068,0.015054,0.015058,0.015077,0.015105,0.015142,0.015202,0.015265,0.01533,0.015426,0.015536,0.015662,0.015804,0.015998,0.01617,0.01636,0.016669,0.01726,0.019297,0.020125,0.019826,0.019558,0.019356,0.019186,0.019014,0.018885,0.018804,0.018775,0.018841,0.018962,0.019094,0.019287,0.019708,0.019984,0.020314,0.020697,0.02113,0.021696,0.02329,0.024838,0.024969,0.024985,0.024922,0.025169,0.025806,0.029028,0.028756,0.028127,0.027561,0.027034,0.026604,0.02639,0.026543,0.02847,0.02807,0.026822,0.025786,0.02528,0.024994,0.024831,0.024923,0.025304,0.026086,0.027257,0.02878,0.030604,0.032668,0.034918,0.037309,0.039757,0.030112,0.024664,0.023259,0.022952,0.022724,0.022498,0.022274,0.022052,0.021833,0.021615,0.0214,0.021187,0.020977,0.020768,0.020529,0.02032,0.020111,0.019899,0.019696,0.019495,0.019286,0.019085,0.018856,0.018645,0.018452,0.01826,0.018095,0.017974,0.017783,0.017561,0.017302,0.017059,0.016821,0.016555,0.016294,0.016057,0.015826,0.01557,0.015348,0.015132,0.014926,0.014723,0.014529,0.014342,0.014164,0.013994,0.013834,0.013683,0.013541,0.013409,0.013288,0.013177,0.013076,0.012987,0.012908,0.012841,0.012785,0.01274,0.012708,0.012687,0.012678,0.012681,0.012696,0.012723,0.012761,0.012811,0.012873,0.012947,0.013032,0.013128,0.013235,0.013353,0.013482,0.013621,0.01377,0.013929,0.014097,0.014274,0.014461,0.014655,0.014858,0.015069,0.015288,0.015513,0.015746,0.015985,0.016231,0.016483,0.01674,0.017003,0.017271,0.017544,0.017822,0.018105,0.018391,0.018682,0.018977,0.019275,0.019577,0.019882,0.020191,0.020502,0.020817,0.021134,0.021454,0.021776,0.022101,0.022428,0.022758,0.023089,0.023423,0.023758,0.024095,0.024434,0.024775,NaN,NaN,NaN,NaN,NaN,NaN,NaN,NaN,NaN,NaN,NaN,NaN,NaN,NaN,NaN,NaN,NaN,NaN,NaN,NaN,NaN,NaN,NaN,NaN,NaN
0.025732,0.025011,0.024361,0.023821,0.023356,0.02276,0.022216,0.021694,0.021198,0.020728,0.020286,0.019819,0.019421,0.019053,0.018715,0.018408,0.0181,0.017845,0.017574,0.017292,0.017082,0.016899,0.016717,0.016557,0.016398,0.016277,0.016165,0.016148,0.01604,0.015981,0.015976,0.015998,0.01586,0.015779,0.015536,0.015329,0.015231,0.01513,0.015067,0.015003,0.014965,0.01494,0.014917,0.014903,0.014901,0.014906,0.01493,0.014944,0.014979,0.01501,0.015067,0.015128,0.015226,0.015325,0.015448,0.015647,0.015834,0.016133,0.016631,0.018399,0.019225,0.018981,0.018731,0.018514,0.018333,0.018194,0.018099,0.018054,0.018064,0.018171,0.018292,0.018473,0.01871,0.01914,0.01965,0.01996,0.020332,0.020769,0.021333,0.022704,0.024224,0.024298,0.024471,0.024327,0.024629,0.025158,0.028354,0.027651,0.026981,0.026483,0.02598,0.025589,0.025313,0.025431,0.027082,0.026761,0.025695,0.0249,0.024397,0.024199,0.024049,0.024215,0.024621,0.025377,0.026473,0.027876,0.029541,0.031417,0.033457,0.03562,0.037877,0.029437,0.023947,0.022923,0.022697,0.022509,0.022324,0.022141,0.021961,0.021782,0.021605,0.02143,0.021228,0.021057,0.020887,0.020682,0.020503,0.020326,0.020151,0.01998,0.019803,0.019619,0.019394,0.019222,0.019042,0.01886,0.018674,0.018555,0.018441,0.018235,0.017983,0.017723,0.017467,0.017217,0.016952,0.01673,0.016468,0.016226,0.01599,0.015761,0.015538,0.015298,0.015073,0.014867,0.014668,0.014478,0.014297,0.014123,0.013959,0.013804,0.013659,0.013523,0.013398,0.013283,0.013178,0.013085,0.013002,0.012931,0.012871,0.012823,0.012786,0.012762,0.012749,0.012748,0.012759,0.012782,0.012818,0.012865,0.012924,0.012995,0.013077,0.013171,0.013276,0.013392,0.013527,0.01366,0.013805,0.013959,0.014123,0.014296,0.014478,0.014669,0.014869,0.015077,0.015293,0.015516,0.015747,0.015984,0.016228,0.016478,0.016735,0.016997,0.017265,0.017538,0.017816,0.018099,0.018387,0.018679,0.018975,0.019276,0.01958,0.019888,0.020199,0.020513,0.020831,0.021151,0.021475,0.0218,0.022129,0.02246,0.022793,0.023128,0.023466,0.023805,0.024147,0.02449,0.024835,NaN,NaN,NaN,NaN,NaN,NaN,NaN,NaN,NaN,NaN,NaN,NaN,NaN,NaN,NaN,NaN,NaN,NaN,NaN,NaN,NaN,NaN,NaN,NaN
0.025447,0.024771,0.024152,0.023622,0.023166,0.022659,0.02206,0.021576,0.021125,0.020705,0.020314,0.01995,0.019519,0.019084,0.018731,0.018401,0.018064,0.017772,0.017477,0.017203,0.016966,0.016752,0.016512,0.016328,0.016128,0.015974,0.015829,0.015672,0.015559,0.015466,0.015393,0.015339,0.015199,0.015066,0.014845,0.014747,0.014649,0.014574,0.0145,0.01446,0.014438,0.014433,0.014441,0.014464,0.014503,0.014552,0.014615,0.014695,0.014772,0.014865,0.014991,0.015138,0.015322,0.015448,0.015657,0.015797,0.016016,0.016248,0.01678,0.018349,0.019467,0.019177,0.018935,0.018694,0.018487,0.018317,0.018189,0.018108,0.018079,0.018107,0.018277,0.018408,0.018596,0.01901,0.01947,0.019726,0.020048,0.020443,0.02089,0.021756,0.023198,0.023375,0.023442,0.023433,0.024036,0.02503,0.028258,0.027827,0.027279,0.026708,0.026269,0.025924,0.025617,0.025554,0.027606,0.027345,0.026105,0.025079,0.024353,0.023998,0.023867,0.023891,0.024279,0.02504,0.026157,0.027592,0.029295,0.031211,0.033292,0.035498,0.037753,0.028926,0.02392,0.022621,0.022435,0.022254,0.022075,0.021898,0.021724,0.021551,0.021381,0.021214,0.021049,0.020887,0.020725,0.020537,0.020371,0.020207,0.02002,0.01986,0.019682,0.019512,0.019346,0.01918,0.019012,0.018833,0.018712,0.018541,0.018422,0.01821,0.017983,0.017754,0.01753,0.017315,0.017099,0.016864,0.016606,0.016368,0.016137,0.015911,0.01565,0.015393,0.015178,0.01497,0.014769,0.014576,0.014391,0.014214,0.014046,0.013886,0.013736,0.013595,0.013464,0.013343,0.013232,0.013131,0.013041,0.012935,0.012863,0.012803,0.012754,0.012716,0.01269,0.012675,0.012673,0.012682,0.012702,0.012735,0.012779,0.012835,0.012903,0.012982,0.013072,0.013173,0.013285,0.013408,0.013542,0.013685,0.013839,0.014002,0.014175,0.014357,0.014547,0.014746,0.014953,0.015168,0.01539,0.01562,0.015856,0.016099,0.016348,0.016603,0.016864,0.01713,0.017401,0.017678,0.017958,0.018244,0.018533,0.018827,0.019124,0.019425,0.019729,0.020037,0.020347,0.020661,0.020978,0.021297,0.021619,0.021943,0.022269,0.022598,0.023046,0.023337,0.023644,0.02398,0.024345,0.024727,NaN,NaN,NaN,NaN,NaN,NaN,NaN,NaN,NaN,NaN,NaN,NaN,NaN,NaN,NaN,NaN,NaN,NaN,NaN,NaN,NaN,NaN,NaN
0.025899,0.02509,0.024367,0.023777,0.023284,0.022658,0.022111,0.021614,0.021166,0.020764,0.020407,0.02009,0.019564,0.0192,0.0189,0.018595,0.018342,0.018059,0.017706,0.017431,0.017119,0.016849,0.016631,0.016436,0.016242,0.016088,0.015945,0.01582,0.015722,0.015646,0.015591,0.015557,0.015479,0.015341,0.015188,0.015067,0.015019,0.014974,0.014906,0.014877,0.014844,0.014825,0.014827,0.014845,0.01488,0.01493,0.014989,0.01512,0.015219,0.015305,0.015409,0.015522,0.015597,0.015719,0.01582,0.015993,0.016151,0.016322,0.017174,0.018331,0.019332,0.019091,0.018847,0.018638,0.018466,0.018337,0.018256,0.018226,0.018253,0.018418,0.018636,0.018815,0.019051,0.019549,0.019983,0.020275,0.020618,0.021056,0.021484,0.022564,0.024108,0.024337,0.024576,0.024471,0.024599,0.025183,0.028688,0.028164,0.027445,0.026794,0.026231,0.025765,0.025458,0.025658,0.027496,0.026715,0.025624,0.024799,0.024325,0.024084,0.02392,0.024079,0.024578,0.025423,0.026595,0.028058,0.029761,0.031656,0.033699,0.035856,0.038058,0.028831,0.024011,0.022698,0.022463,0.022269,0.022081,0.021897,0.021721,0.02155,0.021386,0.021156,0.020995,0.020837,0.020684,0.020526,0.020255,0.020085,0.019914,0.019745,0.019578,0.019412,0.019247,0.019063,0.018904,0.018717,0.01855,0.018377,0.018215,0.018023,0.017794,0.017542,0.017309,0.01708,0.016864,0.016575,0.016319,0.016062,0.015828,0.015601,0.015363,0.015145,0.014934,0.01473,0.014534,0.014344,0.014162,0.013989,0.013823,0.013666,0.013518,0.013379,0.013249,0.013129,0.013018,0.012918,0.012828,0.012748,0.012679,0.012621,0.012574,0.012538,0.012513,0.012499,0.012497,0.012506,0.012526,0.012558,0.012601,0.012655,0.012721,0.012797,0.012885,0.012983,0.013091,0.01321,0.013339,0.013478,0.013626,0.013784,0.01395,0.014126,0.014309,0.014501,0.014701,0.014908,0.015123,0.015344,0.015572,0.015806,0.016046,0.016292,0.016544,0.0168,0.017062,0.017328,0.017599,0.017875,0.018154,0.018437,0.018724,0.019015,0.019308,0.019605,0.019906,0.020209,0.020514,0.020823,0.021134,0.021447,0.021763,0.022081,0.022401,0.022723,0.023047,0.023373,0.0237,0.02403,0.02436,NaN,NaN,NaN,NaN,NaN,NaN,NaN,NaN,NaN,NaN,NaN,NaN,NaN,NaN,NaN,NaN,NaN,NaN,NaN,NaN,NaN,NaN
0.025746,0.024928,0.024222,0.023693,0.023293,0.022715,0.022095,0.021598,0.021137,0.020713,0.020323,0.019966,0.019597,0.019119,0.018789,0.018447,0.018158,0.017866,0.017553,0.017257,0.016974,0.016704,0.016465,0.016264,0.016086,0.01593,0.015797,0.015716,0.015608,0.015522,0.01546,0.015424,0.015394,0.015239,0.015037,0.014945,0.014892,0.014793,0.014756,0.014731,0.014721,0.014723,0.014738,0.014765,0.014807,0.014861,0.014943,0.015042,0.015142,0.015233,0.015373,0.01546,0.015592,0.015721,0.015844,0.01601,0.016283,0.016448,0.017073,0.018803,0.019759,0.019444,0.019159,0.018943,0.018792,0.018601,0.018457,0.018366,0.018332,0.01836,0.018536,0.018678,0.018882,0.019315,0.019647,0.019977,0.020358,0.020783,0.021245,0.022231,0.023803,0.023837,0.024067,0.024092,0.024384,0.02506,0.028457,0.02795,0.027353,0.026823,0.026368,0.025996,0.025716,0.025926,0.028239,0.027644,0.026464,0.025484,0.024686,0.024328,0.024211,0.02426,0.024679,0.025478,0.026639,0.028122,0.029873,0.031838,0.033966,0.036218,0.038566,0.029395,0.023923,0.022599,0.0224,0.022203,0.022008,0.021815,0.021624,0.021435,0.021246,0.02106,0.020875,0.020692,0.020509,0.020321,0.020136,0.019954,0.019774,0.019595,0.019416,0.019239,0.019063,0.018889,0.018714,0.018508,0.018322,0.018153,0.018049,0.017807,0.017552,0.017314,0.017074,0.016839,0.016594,0.016379,0.016121,0.015886,0.015656,0.015432,0.015214,0.015002,0.014796,0.014598,0.014406,0.014221,0.014044,0.013875,0.013713,0.013561,0.013416,0.013281,0.013154,0.013037,0.01293,0.012832,0.012744,0.012666,0.012599,0.012543,0.012497,0.012461,0.012437,0.012424,0.012421,0.01243,0.01245,0.012481,0.012522,0.012575,0.012638,0.012712,0.012797,0.012892,0.012997,0.013112,0.013237,0.013372,0.013515,0.013668,0.01383,0.014,0.014178,0.014364,0.014557,0.014758,0.014966,0.015181,0.015402,0.015629,0.015862,0.016101,0.016345,0.016594,0.016848,0.017107,0.01737,0.017638,0.017909,0.018185,0.018464,0.018746,0.019032,0.019321,0.019613,0.019908,0.020206,0.020507,0.02081,0.021115,0.021423,0.021733,0.022045,0.022359,0.022674,0.022992,0.023312,0.023633,0.023956,0.02428,NaN,NaN,NaN,NaN,NaN,NaN,NaN,NaN,NaN,NaN,NaN,NaN,NaN,NaN,NaN,NaN,NaN,NaN,NaN,NaN,NaN
0.026236,0.025462,0.024752,0.024138,0.023593,0.022939,0.022335,0.021758,0.021211,0.020696,0.020216,0.019773,0.019326,0.018945,0.018602,0.018296,0.018028,0.017797,0.017514,0.017257,0.017006,0.016835,0.016696,0.016588,0.01649,0.016433,0.016453,0.016408,0.016358,0.016337,0.016346,0.01639,0.016406,0.016356,0.01611,0.015929,0.015843,0.015597,0.015498,0.015427,0.01537,0.015329,0.015286,0.015246,0.015223,0.015213,0.015238,0.015244,0.015259,0.015309,0.015345,0.015442,0.015514,0.015624,0.015782,0.015976,0.016208,0.016447,0.01713,0.018389,0.019401,0.019173,0.018949,0.01879,0.018645,0.018546,0.018498,0.018506,0.018574,0.018705,0.018941,0.019192,0.019594,0.020029,0.020414,0.020848,0.021329,0.021853,0.022417,0.023871,0.025793,0.026028,0.026059,0.026025,0.02641,0.027307,0.03038,0.029929,0.029059,0.02823,0.027501,0.026882,0.026438,0.026318,0.027473,0.027166,0.026215,0.025423,0.02516,0.025109,0.025025,0.025205,0.025751,0.02667,0.027947,0.029549,0.031424,0.033515,0.035773,0.038156,0.040635,0.028911,0.024277,0.023135,0.022909,0.022686,0.022468,0.022252,0.022039,0.021828,0.021582,0.021371,0.021091,0.020878,0.020666,0.020453,0.02021,0.019963,0.019688,0.019471,0.019252,0.019035,0.018821,0.018609,0.018395,0.018189,0.017975,0.017783,0.017585,0.017357,0.017124,0.016894,0.016662,0.016435,0.016215,0.015982,0.01576,0.015543,0.015332,0.015126,0.014915,0.014679,0.014486,0.014299,0.01412,0.013947,0.013782,0.013625,0.013476,0.013334,0.013202,0.013078,0.012963,0.012857,0.01276,0.012673,0.012596,0.012529,0.012472,0.012425,0.012389,0.012363,0.012347,0.012342,0.012348,0.012364,0.012391,0.012428,0.012476,0.012534,0.012602,0.01268,0.012768,0.012866,0.012973,0.01309,0.013216,0.01335,0.013494,0.013645,0.013805,0.013973,0.014148,0.014331,0.01452,0.014717,0.01492,0.015129,0.015344,0.015565,0.015792,0.016024,0.016261,0.016502,0.016749,0.016999,0.017254,0.017513,0.017776,0.018042,0.018312,0.018586,0.018862,0.019142,0.019424,0.019709,0.019997,0.020288,0.020581,0.020876,0.021173,0.021473,0.021774,0.022078,0.022383,0.022691,0.023,0.02331,0.023622,0.023936,0.024251,NaN,NaN,NaN,NaN,NaN,NaN,NaN,NaN,NaN,NaN,NaN,NaN,NaN,NaN,NaN,NaN,NaN,NaN,NaN,NaN
0.026274,0.025459,0.024707,0.024052,0.023477,0.022861,0.022291,0.021769,0.02119,0.020729,0.020308,0.019876,0.019394,0.018994,0.018621,0.018312,0.018011,0.017736,0.017449,0.017189,0.016914,0.016722,0.01654,0.016401,0.016291,0.016174,0.016106,0.016115,0.016052,0.016033,0.016071,0.016152,0.016043,0.015922,0.015637,0.015421,0.015298,0.015163,0.01509,0.015015,0.014967,0.014937,0.014928,0.014924,0.014938,0.014971,0.015008,0.015091,0.015153,0.015284,0.015365,0.015478,0.015593,0.015728,0.015884,0.016061,0.01632,0.016594,0.017237,0.019588,0.020286,0.020009,0.019732,0.01949,0.019324,0.019152,0.019029,0.019007,0.018983,0.019103,0.019297,0.019453,0.019719,0.020351,0.020675,0.021014,0.021462,0.021936,0.022477,0.023835,0.025755,0.026028,0.026069,0.026147,0.026297,0.027173,0.030402,0.029898,0.029165,0.028565,0.028045,0.02763,0.027256,0.027366,0.029198,0.028506,0.027259,0.026203,0.025542,0.025434,0.025231,0.025322,0.025812,0.026719,0.027977,0.029591,0.031508,0.033672,0.036027,0.038527,0.041092,0.030052,0.024803,0.023147,0.022906,0.022669,0.022433,0.022199,0.021966,0.021735,0.021506,0.021279,0.021054,0.020832,0.020609,0.020387,0.020135,0.019912,0.019689,0.019471,0.019242,0.019015,0.018791,0.01855,0.018336,0.018119,0.017919,0.017723,0.017549,0.017316,0.017073,0.016834,0.016599,0.016369,0.016143,0.015904,0.015681,0.015461,0.015247,0.015039,0.014836,0.01464,0.014449,0.014266,0.014089,0.013919,0.013756,0.013601,0.013453,0.013314,0.013183,0.013061,0.012947,0.012842,0.012746,0.01266,0.012583,0.012517,0.012459,0.012412,0.012376,0.012349,0.012333,0.012326,0.012331,0.012345,0.01237,0.012406,0.012451,0.012507,0.012572,0.012648,0.012733,0.012828,0.012932,0.013045,0.013167,0.013298,0.013437,0.013585,0.01374,0.013903,0.014074,0.014252,0.014436,0.014628,0.014826,0.01503,0.01524,0.015456,0.015677,0.015903,0.016135,0.016371,0.016611,0.016856,0.017106,0.017359,0.017616,0.017877,0.018141,0.018409,0.018679,0.018953,0.01923,0.019509,0.019791,0.020076,0.020363,0.020653,0.020945,0.021239,0.021534,0.021832,0.022132,0.022434,0.022737,0.023042,0.023349,0.023657,0.023967,0.024278,NaN,NaN,NaN,NaN,NaN,NaN,NaN,NaN,NaN,NaN,NaN,NaN,NaN,NaN,NaN,NaN,NaN,NaN,NaN
0.026095,0.025286,0.024564,0.023985,0.02352,0.022973,0.022233,0.021697,0.021199,0.020739,0.020314,0.019922,0.019509,0.019026,0.01866,0.01829,0.017946,0.017592,0.017287,0.017009,0.016754,0.016538,0.016349,0.016187,0.016051,0.015942,0.015857,0.015778,0.015732,0.01571,0.015695,0.015714,0.015606,0.015466,0.015211,0.015063,0.014985,0.014936,0.014884,0.014846,0.014812,0.0148,0.014809,0.014827,0.014858,0.014903,0.014965,0.015039,0.015128,0.015216,0.015328,0.015434,0.015573,0.015729,0.015926,0.016098,0.016338,0.016715,0.017339,0.019047,0.020059,0.019769,0.019482,0.019233,0.019028,0.01887,0.018767,0.018724,0.018748,0.018883,0.019088,0.019316,0.019733,0.020333,0.020848,0.021412,0.021796,0.022263,0.022882,0.024412,0.026181,0.026366,0.026119,0.026082,0.026649,0.026944,0.03011,0.029651,0.028995,0.028372,0.027941,0.027537,0.027396,0.027701,0.029648,0.028913,0.02754,0.026514,0.025754,0.025324,0.025183,0.025256,0.025747,0.026662,0.027982,0.02966,0.031636,0.033846,0.036236,0.038763,0.041288,0.029289,0.024143,0.023035,0.022792,0.022553,0.022316,0.02208,0.021847,0.021616,0.021386,0.021159,0.020933,0.02071,0.020486,0.02019,0.01994,0.019709,0.019479,0.019257,0.019037,0.018811,0.018578,0.018347,0.018119,0.017895,0.017682,0.017468,0.017274,0.017051,0.016823,0.016593,0.016367,0.016145,0.015931,0.015731,0.015518,0.015305,0.015098,0.014896,0.014699,0.014508,0.014311,0.014131,0.013957,0.01379,0.01363,0.013478,0.013333,0.013195,0.013066,0.012945,0.012832,0.012728,0.012633,0.012547,0.01247,0.012403,0.012345,0.012296,0.012258,0.01223,0.012211,0.012203,0.012204,0.012216,0.012237,0.012269,0.01231,0.012361,0.012422,0.012492,0.012572,0.012662,0.01276,0.012867,0.012983,0.013107,0.01324,0.013381,0.013529,0.013686,0.013849,0.01402,0.014197,0.014381,0.014571,0.014768,0.01497,0.015178,0.015391,0.015609,0.015833,0.016061,0.016294,0.016531,0.016772,0.017017,0.017266,0.017519,0.017775,0.018034,0.018297,0.018563,0.018831,0.019103,0.019377,0.019654,0.019933,0.020214,0.020498,0.020784,0.021072,0.021361,0.021653,0.021947,0.022242,0.022539,0.022838,0.023138,0.023439,0.023743,0.024047,NaN,NaN,NaN,NaN,NaN,NaN,NaN,NaN,NaN,NaN,NaN,NaN,NaN,NaN,NaN,NaN,NaN,NaN
0.025827,0.025099,0.024426,0.023836,0.023307,0.022697,0.022131,0.021594,0.021087,0.020611,0.020166,0.019704,0.019267,0.01889,0.018544,0.018228,0.017911,0.017616,0.017324,0.017031,0.016789,0.016543,0.016328,0.016137,0.015969,0.015826,0.015715,0.015628,0.015566,0.015511,0.01549,0.015493,0.015497,0.015372,0.015136,0.015036,0.014939,0.014903,0.014873,0.01484,0.014826,0.014826,0.014844,0.014876,0.014924,0.014985,0.015046,0.015129,0.015218,0.015304,0.015393,0.015503,0.015633,0.015784,0.015977,0.016215,0.016474,0.01677,0.017551,0.019755,0.02061,0.020269,0.019931,0.019634,0.01942,0.01922,0.019081,0.019008,0.019052,0.019188,0.01936,0.019539,0.019801,0.020181,0.020663,0.021112,0.021623,0.022188,0.022825,0.024232,0.025825,0.025965,0.026089,0.026119,0.026307,0.027446,0.03092,0.030284,0.029415,0.028628,0.027933,0.027393,0.026905,0.026749,0.028679,0.027988,0.026904,0.025914,0.025303,0.025139,0.024971,0.025168,0.025752,0.026728,0.028075,0.02975,0.031696,0.033856,0.036179,0.038627,0.041121,0.028737,0.023862,0.022807,0.022556,0.022317,0.02208,0.021844,0.021611,0.021379,0.021146,0.020916,0.020688,0.020462,0.020239,0.020013,0.019791,0.019571,0.019352,0.019134,0.018918,0.018705,0.018494,0.018364,0.018122,0.017903,0.0177,0.017549,0.017294,0.017077,0.016862,0.016654,0.016438,0.016226,0.016002,0.015767,0.015555,0.015324,0.015115,0.014911,0.014712,0.014518,0.014331,0.01415,0.013975,0.013806,0.013644,0.013489,0.013342,0.013202,0.013069,0.012945,0.012828,0.01272,0.012621,0.01253,0.012448,0.012375,0.012312,0.012258,0.012213,0.012178,0.012152,0.012137,0.012131,0.012135,0.012148,0.012172,0.012205,0.012247,0.0123,0.012362,0.012433,0.012513,0.012603,0.012701,0.012808,0.012924,0.013047,0.013179,0.013319,0.013467,0.013622,0.013784,0.013953,0.014128,0.014311,0.014499,0.014694,0.014894,0.015099,0.01531,0.015526,0.015747,0.015973,0.016203,0.016437,0.016676,0.016918,0.017164,0.017414,0.017667,0.017924,0.018183,0.018446,0.018711,0.018979,0.01925,0.019523,0.019799,0.020077,0.020357,0.020639,0.020924,0.02121,0.021498,0.021788,0.02208,0.022373,0.022668,0.022964,0.023262,0.023561,0.023862,NaN,NaN,NaN,NaN,NaN,NaN,NaN,NaN,NaN,NaN,NaN,NaN,NaN,NaN,NaN,NaN,NaN
0.025998,0.025176,0.024456,0.023899,0.02346,0.022868,0.022211,0.021671,0.021169,0.020706,0.020282,0.019893,0.019488,0.01906,0.018679,0.01836,0.018071,0.017786,0.017505,0.017246,0.017003,0.01679,0.016572,0.016387,0.016244,0.016104,0.01598,0.01593,0.015812,0.015737,0.015717,0.015725,0.015546,0.015433,0.015147,0.014991,0.014899,0.0148,0.014741,0.014692,0.01465,0.014616,0.014601,0.0146,0.014616,0.014651,0.014726,0.014818,0.014886,0.014967,0.015064,0.015175,0.015289,0.015422,0.015598,0.015765,0.016081,0.016309,0.016949,0.018634,0.019443,0.019199,0.018988,0.018845,0.018702,0.018604,0.018557,0.018565,0.018673,0.018835,0.019015,0.019258,0.019545,0.020014,0.020672,0.021038,0.021452,0.021912,0.022417,0.024136,0.025689,0.025685,0.025734,0.025688,0.026002,0.0266,0.030408,0.029993,0.029223,0.028536,0.027946,0.027409,0.027168,0.027185,0.029133,0.028792,0.027453,0.026423,0.02565,0.025226,0.025309,0.025409,0.025914,0.02683,0.028137,0.029791,0.031735,0.033912,0.036269,0.038764,0.041256,0.029175,0.02442,0.022765,0.022518,0.022278,0.022041,0.021805,0.021571,0.021339,0.021108,0.02088,0.020654,0.02043,0.020205,0.01998,0.019757,0.019535,0.019315,0.019089,0.01887,0.018596,0.018374,0.018157,0.017942,0.01773,0.017519,0.017294,0.017116,0.016909,0.016682,0.016459,0.016239,0.016024,0.015812,0.015576,0.015344,0.015135,0.01493,0.01473,0.014536,0.014347,0.014164,0.013986,0.013815,0.01365,0.013491,0.01334,0.013195,0.013058,0.012928,0.012805,0.012691,0.012585,0.012487,0.012397,0.012317,0.012245,0.012182,0.012128,0.012083,0.012048,0.012022,0.012005,0.011998,0.012001,0.012013,0.012035,0.012066,0.012107,0.012156,0.012216,0.012284,0.012361,0.012447,0.012542,0.012645,0.012756,0.012876,0.013003,0.013138,0.01328,0.01343,0.013587,0.01375,0.01392,0.014096,0.014279,0.014467,0.014661,0.01486,0.015064,0.015273,0.015488,0.015706,0.015929,0.016156,0.016388,0.016623,0.016862,0.017104,0.01735,0.017599,0.017851,0.018106,0.018363,0.018624,0.018887,0.019153,0.019421,0.019691,0.019963,0.020238,0.020515,0.020793,0.021074,0.021356,0.02164,0.021925,0.022212,0.022501,0.022791,0.023083,0.023375,0.02367,NaN,NaN,NaN,NaN,NaN,NaN,NaN,NaN,NaN,NaN,NaN,NaN,NaN,NaN,NaN,NaN
0.025844,0.025072,0.024374,0.023792,0.023294,0.022683,0.022137,0.021632,0.021169,0.020746,0.020357,0.020002,0.019511,0.019087,0.018708,0.018353,0.018022,0.017734,0.017431,0.017109,0.016843,0.016594,0.016383,0.016196,0.01608,0.015912,0.015771,0.01566,0.015582,0.015539,0.01551,0.015503,0.015327,0.015264,0.014942,0.014835,0.014736,0.014677,0.014585,0.014523,0.014489,0.014467,0.014454,0.014453,0.014469,0.014503,0.014566,0.014627,0.014707,0.014824,0.014936,0.015093,0.015232,0.015389,0.015566,0.015812,0.016073,0.016341,0.01711,0.018806,0.019617,0.019399,0.019202,0.019004,0.018843,0.018723,0.01865,0.018629,0.018666,0.018845,0.019079,0.019371,0.019711,0.020045,0.020429,0.020812,0.021246,0.021727,0.022306,0.023874,0.025351,0.025617,0.025725,0.025704,0.026167,0.027052,0.031376,0.030611,0.02983,0.029163,0.028588,0.028082,0.027828,0.027672,0.02984,0.029111,0.027729,0.02676,0.025879,0.025622,0.0254,0.025471,0.025955,0.026861,0.028168,0.029835,0.031801,0.034007,0.036397,0.038929,0.041569,0.030379,0.024489,0.022626,0.022387,0.022151,0.021916,0.021683,0.021452,0.021223,0.020996,0.020771,0.020548,0.020326,0.020106,0.019886,0.019665,0.019441,0.019225,0.01901,0.018797,0.018586,0.018323,0.018117,0.017907,0.017684,0.017475,0.017284,0.017068,0.016874,0.016652,0.016437,0.016221,0.016008,0.015802,0.015522,0.015309,0.015101,0.014897,0.014699,0.014505,0.014317,0.014134,0.013957,0.013786,0.01362,0.013461,0.013309,0.013164,0.013025,0.012894,0.01277,0.012653,0.012545,0.012444,0.012352,0.012268,0.012193,0.012126,0.012068,0.012019,0.011979,0.011949,0.011928,0.011915,0.011913,0.011919,0.011935,0.01196,0.011995,0.012038,0.012091,0.012153,0.012223,0.012303,0.01239,0.012487,0.012591,0.012704,0.012824,0.012952,0.013087,0.01323,0.01338,0.013536,0.013699,0.013868,0.014044,0.014225,0.014412,0.014604,0.014802,0.015004,0.015212,0.015424,0.01564,0.015861,0.016086,0.016314,0.016547,0.016783,0.017022,0.017265,0.017511,0.01776,0.018011,0.018266,0.018523,0.018783,0.019045,0.019309,0.019576,0.019844,0.020115,0.020388,0.020663,0.020939,0.021217,0.021497,0.021779,0.022062,0.022346,0.022632,0.02292,0.023208,0.023498,NaN,NaN,NaN,NaN,NaN,NaN,NaN,NaN,NaN,NaN,NaN,NaN,NaN,NaN,NaN
0.025882,0.025097,0.024388,0.023798,0.023296,0.022683,0.022143,0.021649,0.021198,0.020786,0.020409,0.019961,0.019442,0.019061,0.018708,0.018349,0.018016,0.017699,0.017359,0.017058,0.016786,0.016556,0.016353,0.016155,0.015996,0.015863,0.015753,0.015682,0.015583,0.015513,0.015476,0.015475,0.015422,0.015297,0.014996,0.014873,0.014783,0.014716,0.014657,0.01462,0.0146,0.01459,0.0146,0.014613,0.014641,0.01469,0.01477,0.014849,0.014921,0.015011,0.01512,0.015247,0.015422,0.015595,0.015804,0.015978,0.016231,0.016537,0.017373,0.019335,0.019916,0.019609,0.019336,0.019101,0.018946,0.018791,0.01869,0.018651,0.018678,0.018856,0.019056,0.019324,0.019607,0.019998,0.020637,0.021068,0.021512,0.022087,0.022665,0.023891,0.025807,0.025793,0.02575,0.025631,0.025863,0.026802,0.030667,0.029986,0.029207,0.028516,0.028031,0.02753,0.027145,0.02741,0.030104,0.029296,0.027844,0.026744,0.025804,0.02535,0.025099,0.025173,0.025672,0.026605,0.027948,0.029651,0.031652,0.033888,0.036302,0.038854,0.04151,0.029608,0.023648,0.022438,0.022207,0.021975,0.021748,0.021524,0.0213,0.021079,0.020859,0.02064,0.02039,0.020173,0.019957,0.019735,0.019485,0.019267,0.01905,0.018835,0.018619,0.018406,0.018193,0.01798,0.017771,0.017566,0.017368,0.017169,0.016966,0.016758,0.016534,0.016314,0.016097,0.015884,0.015672,0.015465,0.015257,0.015053,0.014854,0.014659,0.01447,0.014259,0.014077,0.013901,0.013731,0.013566,0.013408,0.013255,0.01311,0.012971,0.012839,0.012714,0.012596,0.012487,0.012384,0.01229,0.012204,0.012126,0.012057,0.011996,0.011944,0.011901,0.011866,0.011841,0.011825,0.011818,0.011819,0.01183,0.011851,0.01188,0.011918,0.011965,0.012021,0.012085,0.012158,0.01224,0.01233,0.012428,0.012534,0.012648,0.012769,0.012898,0.013034,0.013177,0.013326,0.013483,0.013645,0.013814,0.013988,0.014168,0.014354,0.014545,0.014741,0.014941,0.015147,0.015356,0.01557,0.015789,0.016011,0.016237,0.016466,0.016699,0.016935,0.017175,0.017417,0.017663,0.017911,0.018162,0.018415,0.018671,0.018929,0.01919,0.019452,0.019717,0.019984,0.020252,0.020523,0.020795,0.021069,0.021344,0.021622,0.0219,0.02218,0.022462,0.022744,0.023028,0.023314,NaN,NaN,NaN,NaN,NaN,NaN,NaN,NaN,NaN,NaN,NaN,NaN,NaN,NaN
0.026173,0.025334,0.024583,0.023972,0.023469,0.022866,0.022214,0.02169,0.021211,0.020774,0.020377,0.019966,0.019507,0.019043,0.018699,0.018386,0.018104,0.017826,0.017596,0.017248,0.016965,0.016743,0.016527,0.016351,0.016183,0.016052,0.015946,0.015863,0.015804,0.015752,0.015733,0.015736,0.015677,0.015666,0.015366,0.015169,0.01502,0.014941,0.014869,0.014824,0.01479,0.014778,0.014776,0.014784,0.01481,0.014844,0.014896,0.014967,0.01505,0.015141,0.015231,0.015324,0.015466,0.015609,0.015748,0.01596,0.016158,0.016433,0.01687,0.018801,0.019632,0.019393,0.019187,0.019015,0.018914,0.018816,0.018764,0.018763,0.018816,0.019102,0.019404,0.019559,0.019823,0.02023,0.020596,0.020973,0.021451,0.021963,0.022587,0.024031,0.025841,0.026057,0.026107,0.026096,0.026643,0.027286,0.03049,0.029871,0.029191,0.028537,0.027912,0.027386,0.026987,0.027194,0.028944,0.028836,0.027587,0.026549,0.025927,0.025563,0.025312,0.025433,0.025953,0.026879,0.028194,0.029856,0.031805,0.033981,0.036331,0.038814,0.041398,0.030175,0.023849,0.022413,0.022185,0.021959,0.021734,0.021511,0.021289,0.021068,0.02085,0.020633,0.020417,0.020203,0.019992,0.019769,0.019526,0.01931,0.019096,0.018884,0.018673,0.018412,0.018192,0.017975,0.017761,0.017547,0.01732,0.017109,0.016929,0.016725,0.016501,0.016277,0.016056,0.015838,0.015624,0.015393,0.015185,0.014981,0.014781,0.014587,0.014397,0.014211,0.014031,0.013857,0.013687,0.013524,0.013366,0.013215,0.01307,0.012931,0.012799,0.012674,0.012557,0.012447,0.012344,0.012249,0.012162,0.012083,0.012012,0.011949,0.011895,0.01185,0.011814,0.011786,0.011767,0.011757,0.011756,0.011764,0.01178,0.011806,0.01184,0.011884,0.011936,0.011996,0.012065,0.012143,0.012228,0.012322,0.012423,0.012532,0.012649,0.012773,0.012904,0.013042,0.013186,0.013337,0.013495,0.013658,0.013827,0.014002,0.014182,0.014368,0.014558,0.014754,0.014953,0.015158,0.015366,0.015579,0.015796,0.016016,0.01624,0.016468,0.016698,0.016932,0.017169,0.017409,0.017652,0.017898,0.018146,0.018396,0.018649,0.018904,0.019161,0.019421,0.019682,0.019945,0.02021,0.020477,0.020746,0.021016,0.021288,0.021561,0.021836,0.022112,0.02239,0.022669,0.022949,0.02323,NaN,NaN,NaN,NaN,NaN,NaN,NaN,NaN,NaN,NaN,NaN,NaN,NaN
0.025653,0.024939,0.02428,0.023704,0.023191,0.022596,0.02205,0.021535,0.021053,0.020601,0.020181,0.019738,0.01936,0.018884,0.018525,0.018192,0.017854,0.017538,0.017222,0.016911,0.016638,0.016381,0.016162,0.015967,0.015796,0.015634,0.015481,0.015424,0.015291,0.015187,0.015148,0.015154,0.015007,0.014929,0.014704,0.014624,0.014572,0.014519,0.014482,0.01446,0.01447,0.014493,0.014529,0.014581,0.014652,0.014737,0.014855,0.014981,0.015135,0.015258,0.015383,0.015544,0.015686,0.015849,0.016034,0.01627,0.016642,0.016991,0.017891,0.019782,0.020774,0.020434,0.020154,0.019906,0.019698,0.019502,0.019359,0.019274,0.019299,0.019467,0.019656,0.019824,0.020055,0.020399,0.020683,0.021028,0.021434,0.0219,0.022403,0.023539,0.025017,0.025327,0.025538,0.025783,0.026163,0.026911,0.031484,0.030891,0.030073,0.029344,0.02872,0.028213,0.027844,0.027971,0.03013,0.029535,0.028227,0.027124,0.026491,0.02591,0.025601,0.025616,0.026066,0.026964,0.02829,0.029999,0.032026,0.034304,0.036774,0.03939,0.042119,0.029702,0.023871,0.022429,0.022203,0.021978,0.02176,0.021543,0.021329,0.021116,0.020905,0.020607,0.02039,0.020171,0.019953,0.019698,0.019445,0.019223,0.019002,0.018754,0.018534,0.018288,0.018066,0.017847,0.017628,0.017412,0.017199,0.016972,0.016786,0.016568,0.016348,0.016132,0.015919,0.015709,0.015504,0.015282,0.015079,0.014879,0.014684,0.014494,0.014308,0.014127,0.013951,0.013781,0.013615,0.013456,0.013302,0.013154,0.013012,0.012877,0.012748,0.012626,0.012511,0.012404,0.012303,0.01221,0.012125,0.012048,0.011978,0.011917,0.011864,0.011819,0.011783,0.011756,0.011721,0.011707,0.011702,0.011706,0.011719,0.011741,0.01177,0.011809,0.011856,0.011911,0.011975,0.012047,0.012127,0.012215,0.01231,0.012413,0.012523,0.012641,0.012766,0.012897,0.013035,0.013179,0.01333,0.013486,0.013649,0.013817,0.01399,0.014169,0.014353,0.014541,0.014735,0.014932,0.015134,0.01534,0.015551,0.015765,0.015982,0.016203,0.016428,0.016656,0.016887,0.01712,0.017357,0.017597,0.017839,0.018083,0.01833,0.01858,0.018831,0.019085,0.019341,0.019598,0.019858,0.020119,0.020382,0.020647,0.020913,0.021181,0.021451,0.021722,0.021994,0.022267,0.022542,0.022818,0.023095,NaN,NaN,NaN,NaN,NaN,NaN,NaN,NaN,NaN,NaN,NaN,NaN
0.025891,0.025132,0.024438,0.023843,0.023323,0.022701,0.022139,0.021614,0.021125,0.020671,0.02025,0.019861,0.019338,0.01896,0.018569,0.018205,0.017892,0.017554,0.017237,0.016928,0.016678,0.016455,0.01626,0.016067,0.0159,0.015772,0.015656,0.015608,0.015492,0.015427,0.015395,0.015387,0.015377,0.015298,0.015021,0.014951,0.014894,0.014861,0.01482,0.014793,0.014786,0.014787,0.01481,0.014837,0.014874,0.014937,0.015019,0.015144,0.015274,0.015371,0.015485,0.015627,0.015758,0.015898,0.016079,0.016253,0.016633,0.016858,0.017562,0.019459,0.020246,0.019968,0.019689,0.019448,0.019249,0.019097,0.018998,0.018958,0.018982,0.019076,0.019418,0.019667,0.019931,0.020343,0.020926,0.021344,0.021758,0.022254,0.022958,0.024147,0.025983,0.026235,0.02641,0.026212,0.026711,0.027232,0.031494,0.030892,0.030147,0.029395,0.028788,0.028328,0.027821,0.027853,0.029584,0.029126,0.027882,0.026726,0.025965,0.025713,0.025486,0.025577,0.026091,0.027037,0.028398,0.030129,0.032169,0.034453,0.036922,0.039533,0.042251,0.029827,0.023538,0.022119,0.021896,0.021673,0.021452,0.021233,0.021015,0.020798,0.020579,0.020365,0.020151,0.01994,0.01973,0.019475,0.019258,0.019046,0.018835,0.018625,0.018417,0.018209,0.018001,0.017793,0.017588,0.017385,0.017185,0.016991,0.016789,0.016567,0.016354,0.016144,0.015937,0.015733,0.015517,0.015297,0.015093,0.014893,0.014697,0.014506,0.014318,0.014136,0.013958,0.013785,0.013618,0.013455,0.013298,0.013147,0.013002,0.012863,0.01273,0.012604,0.012485,0.012372,0.012266,0.012168,0.012077,0.011994,0.011918,0.01185,0.01179,0.011739,0.011695,0.01166,0.011633,0.011615,0.011605,0.011604,0.011611,0.011627,0.011651,0.011684,0.011725,0.011774,0.011832,0.011897,0.011971,0.012052,0.012141,0.012238,0.012342,0.012453,0.012571,0.012696,0.012828,0.012966,0.013111,0.013261,0.013418,0.01358,0.013747,0.01392,0.014097,0.01428,0.014467,0.014659,0.014856,0.015056,0.01526,0.015469,0.015681,0.015896,0.016115,0.016337,0.016562,0.016791,0.017022,0.017256,0.017492,0.017731,0.017973,0.018217,0.018463,0.018711,0.018961,0.019213,0.019468,0.019723,0.019981,0.020241,0.020502,0.020764,0.021028,0.021294,0.021561,0.021829,0.022099,0.02237,0.022642,0.022915,NaN,NaN,NaN,NaN,NaN,NaN,NaN,NaN,NaN,NaN,NaN
0.025885,0.025149,0.024471,0.02388,0.023358,0.022764,0.022224,0.021721,0.021252,0.020815,0.020345,0.019848,0.019413,0.019034,0.018642,0.018275,0.017959,0.01767,0.01741,0.017072,0.016809,0.016585,0.016365,0.016186,0.016079,0.015921,0.015791,0.015691,0.015625,0.015594,0.015592,0.01558,0.015495,0.015331,0.015104,0.014984,0.014891,0.014808,0.014701,0.014654,0.014611,0.014587,0.014575,0.014574,0.014585,0.014622,0.014675,0.014724,0.014784,0.014838,0.014912,0.015008,0.015158,0.015293,0.015488,0.015714,0.015904,0.016175,0.016842,0.018191,0.019078,0.018951,0.018821,0.018721,0.018687,0.018686,0.018679,0.018713,0.018875,0.019175,0.019387,0.019542,0.019795,0.020161,0.020713,0.020979,0.021302,0.021679,0.022211,0.023587,0.025268,0.025486,0.025655,0.025637,0.026176,0.027074,0.031494,0.030836,0.030013,0.029352,0.028776,0.028336,0.02796,0.027933,0.030156,0.029833,0.028308,0.027045,0.026139,0.025698,0.025424,0.025484,0.02599,0.026911,0.028263,0.029996,0.032047,0.034351,0.036849,0.039495,0.042253,0.029225,0.02328,0.021995,0.021771,0.021548,0.021326,0.021106,0.020887,0.02067,0.020454,0.02024,0.019996,0.019783,0.019565,0.019345,0.019134,0.018924,0.018681,0.018468,0.018256,0.018047,0.017839,0.017634,0.017432,0.017234,0.017034,0.016843,0.016656,0.016452,0.016245,0.016036,0.01583,0.015627,0.015427,0.015211,0.015014,0.01482,0.01463,0.014444,0.014262,0.014046,0.01387,0.0137,0.013534,0.013373,0.013218,0.013068,0.012924,0.012786,0.012654,0.012529,0.01241,0.012297,0.012191,0.012093,0.012001,0.011917,0.01184,0.011771,0.01171,0.011657,0.011611,0.011574,0.011545,0.011524,0.011511,0.011507,0.011511,0.011523,0.011544,0.011573,0.011609,0.011655,0.011708,0.011769,0.011838,0.011914,0.011998,0.01209,0.012189,0.012294,0.012407,0.012527,0.012653,0.012785,0.012924,0.013069,0.013219,0.013375,0.013537,0.013703,0.013875,0.014052,0.014233,0.014419,0.014609,0.014803,0.015002,0.015204,0.01541,0.015619,0.015832,0.016048,0.016267,0.016489,0.016714,0.016942,0.017173,0.017406,0.017641,0.017879,0.018119,0.018361,0.018605,0.018852,0.0191,0.01935,0.019602,0.019855,0.02011,0.020367,0.020625,0.020885,0.021146,0.021408,0.021672,0.021937,0.022203,0.022471,0.022739,NaN,NaN,NaN,NaN,NaN,NaN,NaN,NaN,NaN,NaN
0.025705,0.024964,0.024289,0.023717,0.023224,0.022637,0.022113,0.021624,0.021169,0.020662,0.020245,0.019854,0.019324,0.018896,0.018522,0.018173,0.017849,0.017552,0.017258,0.016937,0.016666,0.016431,0.01622,0.016013,0.015822,0.015672,0.015532,0.015422,0.015335,0.01527,0.015227,0.015207,0.015123,0.015069,0.014803,0.014664,0.014557,0.014484,0.014429,0.01437,0.014348,0.014345,0.014357,0.014385,0.014429,0.014488,0.014585,0.014675,0.014796,0.01491,0.015039,0.015169,0.015318,0.015512,0.015694,0.015972,0.016202,0.016632,0.017049,0.019317,0.019797,0.019543,0.019321,0.019133,0.019024,0.018909,0.018843,0.018833,0.018882,0.019035,0.019413,0.019613,0.019861,0.020206,0.020813,0.021211,0.021605,0.022051,0.022525,0.023667,0.025452,0.025498,0.026103,0.026277,0.026587,0.027414,0.032217,0.031314,0.030475,0.029677,0.028979,0.028336,0.027872,0.027873,0.030066,0.02914,0.02781,0.026692,0.025945,0.025505,0.025238,0.025378,0.025947,0.026952,0.028366,0.030141,0.032211,0.034515,0.036997,0.039615,0.042286,0.02851,0.023034,0.021832,0.021609,0.021387,0.021167,0.020948,0.02073,0.020515,0.020288,0.020069,0.019856,0.019643,0.019429,0.019215,0.019006,0.018799,0.018593,0.018388,0.018185,0.017984,0.017786,0.017589,0.017395,0.017202,0.017012,0.016821,0.016634,0.016428,0.016226,0.016025,0.015827,0.015632,0.015441,0.015194,0.014999,0.014785,0.014595,0.014389,0.014205,0.014026,0.013852,0.013682,0.013516,0.013356,0.013201,0.013052,0.012907,0.012769,0.012636,0.01251,0.01239,0.012276,0.012169,0.012069,0.011975,0.011889,0.01181,0.011738,0.011674,0.011618,0.011569,0.011529,0.011496,0.011471,0.011454,0.011445,0.011445,0.011452,0.011468,0.011492,0.011523,0.011563,0.011611,0.011666,0.011729,0.0118,0.011878,0.011964,0.012056,0.012156,0.012263,0.012376,0.012496,0.012622,0.012755,0.012893,0.013038,0.013188,0.013343,0.013504,0.013669,0.01384,0.014015,0.014195,0.01438,0.014568,0.014761,0.014957,0.015157,0.015361,0.015568,0.015779,0.015993,0.016209,0.016429,0.016652,0.016877,0.017104,0.017335,0.017567,0.017802,0.018039,0.018279,0.01852,0.018763,0.019008,0.019255,0.019503,0.019754,0.020005,0.020259,0.020514,0.02077,0.021028,0.021287,0.021547,0.021808,0.022071,0.022335,0.022599,NaN,NaN,NaN,NaN,NaN,NaN,NaN,NaN,NaN
0.025901,0.0252,0.02453,0.023912,0.023345,0.022792,0.022155,0.021637,0.02115,0.020694,0.020267,0.019817,0.01935,0.018884,0.018504,0.018152,0.0178,0.017495,0.017218,0.016903,0.016638,0.016412,0.016213,0.016041,0.015857,0.015724,0.015616,0.015532,0.015472,0.015436,0.015424,0.015434,0.015363,0.015284,0.015047,0.014909,0.014816,0.014741,0.014682,0.01466,0.01464,0.014646,0.014666,0.014695,0.014747,0.014793,0.014862,0.014959,0.015077,0.015199,0.015316,0.015419,0.015543,0.015686,0.015893,0.016119,0.016356,0.016617,0.017112,0.019066,0.020167,0.019863,0.019593,0.019394,0.019201,0.019077,0.018984,0.018952,0.018986,0.019179,0.019429,0.019654,0.019995,0.020578,0.021046,0.021403,0.021845,0.022426,0.023079,0.024509,0.026241,0.026353,0.026508,0.026458,0.027213,0.028149,0.03203,0.03118,0.030243,0.029415,0.028812,0.028196,0.027707,0.027606,0.029851,0.029208,0.027855,0.026714,0.025982,0.025719,0.02554,0.025669,0.026223,0.027207,0.0286,0.030355,0.032412,0.034707,0.037186,0.039804,0.042476,0.029506,0.023053,0.022019,0.021745,0.021516,0.021288,0.021062,0.020837,0.020614,0.020387,0.020165,0.019945,0.019726,0.019509,0.019246,0.019026,0.018805,0.018588,0.018372,0.018158,0.017945,0.017734,0.017525,0.017317,0.017112,0.016909,0.01671,0.016495,0.016294,0.016086,0.015881,0.015679,0.01548,0.015284,0.015069,0.014875,0.014683,0.014495,0.014311,0.014131,0.013955,0.013784,0.013617,0.013455,0.013298,0.013147,0.013,0.012859,0.012723,0.012594,0.01247,0.012353,0.012242,0.012137,0.012039,0.011948,0.011864,0.011787,0.011717,0.011655,0.0116,0.011553,0.011513,0.011482,0.011458,0.011442,0.011434,0.011434,0.011442,0.011458,0.011481,0.011513,0.011552,0.0116,0.011654,0.011717,0.011787,0.011864,0.011948,0.01204,0.012135,0.012237,0.012346,0.012461,0.012582,0.01271,0.012843,0.012982,0.013127,0.013277,0.013432,0.013592,0.013757,0.013927,0.014101,0.01428,0.014463,0.014649,0.01484,0.015035,0.015233,0.015435,0.01564,0.015848,0.01606,0.016274,0.016492,0.016712,0.016935,0.01716,0.017388,0.017619,0.017851,0.018086,0.018323,0.018562,0.018803,0.019046,0.01929,0.019536,0.019784,0.020034,0.020285,0.020537,0.020791,0.021047,0.021303,0.021561,0.02182,0.02208,0.022341,0.022604,NaN,NaN,NaN,NaN,NaN,NaN,NaN,NaN
0.026046,0.02529,0.024582,0.023948,0.023373,0.022768,0.022192,0.021658,0.021166,0.020714,0.0203,0.019921,0.019372,0.018956,0.018605,0.018285,0.01797,0.017651,0.017356,0.017066,0.01681,0.016584,0.016376,0.01621,0.016071,0.015958,0.015858,0.01579,0.015721,0.015691,0.015671,0.015683,0.015634,0.015522,0.015165,0.015044,0.014976,0.014897,0.014822,0.014769,0.014746,0.014736,0.014744,0.014769,0.014812,0.014876,0.014954,0.015075,0.015176,0.015253,0.015374,0.015481,0.015608,0.015793,0.016051,0.016258,0.016541,0.016778,0.017419,0.019422,0.019903,0.019645,0.019386,0.019169,0.018996,0.018873,0.018806,0.0188,0.018861,0.019177,0.019381,0.019607,0.019949,0.020476,0.020892,0.02131,0.021798,0.022356,0.023084,0.024363,0.026177,0.026453,0.026618,0.026442,0.02688,0.027117,0.031383,0.030607,0.029768,0.029014,0.028395,0.027823,0.027547,0.027734,0.029613,0.02898,0.027754,0.026868,0.026091,0.026075,0.025767,0.025852,0.026357,0.027293,0.028655,0.030336,0.032336,0.034596,0.037063,0.039687,0.042207,0.028925,0.023354,0.021805,0.021572,0.021347,0.021122,0.0209,0.020678,0.020458,0.02024,0.020023,0.019807,0.019591,0.019374,0.019157,0.018941,0.01873,0.01852,0.018311,0.018104,0.017898,0.017693,0.017491,0.017291,0.017094,0.0169,0.016707,0.016521,0.016336,0.016136,0.015937,0.015741,0.015549,0.015355,0.015143,0.014954,0.014769,0.014587,0.014409,0.014216,0.013987,0.013815,0.013647,0.013484,0.013326,0.013173,0.013024,0.012881,0.012744,0.012612,0.012485,0.012365,0.012251,0.012143,0.012041,0.011946,0.011858,0.011777,0.011702,0.011635,0.011576,0.011523,0.011478,0.011441,0.011411,0.011389,0.011375,0.011369,0.01137,0.01138,0.011397,0.011421,0.011454,0.011494,0.011542,0.011597,0.011659,0.011729,0.011806,0.01189,0.011981,0.012079,0.012183,0.012294,0.012411,0.012534,0.012663,0.012798,0.012938,0.013084,0.013235,0.013391,0.013552,0.013718,0.013888,0.014063,0.014241,0.014424,0.014611,0.014802,0.014996,0.015194,0.015395,0.015599,0.015806,0.016017,0.01623,0.016446,0.016664,0.016885,0.017108,0.017334,0.017562,0.017792,0.018025,0.018259,0.018495,0.018733,0.018973,0.019214,0.019457,0.019702,0.019948,0.020195,0.020445,0.020695,0.020947,0.021199,0.021454,0.021709,0.021965,0.022223,0.022481,NaN,NaN,NaN,NaN,NaN,NaN,NaN
0.025922,0.025146,0.024446,0.023862,0.023365,0.022751,0.022203,0.021689,0.021208,0.020678,0.020237,0.019774,0.019291,0.018897,0.01853,0.01819,0.017825,0.017498,0.01722,0.016918,0.016641,0.016396,0.01619,0.016011,0.015839,0.015706,0.015598,0.015516,0.015445,0.015388,0.015368,0.01537,0.015289,0.015226,0.015021,0.014916,0.014856,0.014806,0.014771,0.014731,0.014725,0.014736,0.014768,0.014813,0.014872,0.014941,0.015021,0.015122,0.015191,0.015299,0.015428,0.015542,0.015673,0.015821,0.01601,0.016218,0.016447,0.016716,0.017299,0.0194,0.020004,0.019743,0.019544,0.019449,0.019143,0.019027,0.018965,0.018962,0.019023,0.019216,0.019392,0.019703,0.02017,0.020574,0.021042,0.021433,0.021899,0.022447,0.023099,0.024405,0.026435,0.026777,0.026858,0.026793,0.02723,0.027887,0.032168,0.031435,0.030538,0.029662,0.028919,0.02837,0.028046,0.028054,0.030105,0.029444,0.028041,0.026906,0.026114,0.025918,0.025614,0.025723,0.026272,0.027269,0.028693,0.030493,0.032607,0.034967,0.037515,0.040206,0.042844,0.028325,0.02315,0.021644,0.021414,0.021192,0.020971,0.020751,0.020533,0.020316,0.020096,0.019882,0.019669,0.019458,0.019248,0.01904,0.018834,0.01863,0.018428,0.018227,0.018028,0.01783,0.017633,0.017438,0.017246,0.017056,0.016868,0.016683,0.016505,0.016312,0.016116,0.015923,0.015733,0.015546,0.015338,0.01506,0.014868,0.01468,0.014496,0.014315,0.014138,0.013943,0.013773,0.013606,0.013444,0.013286,0.013133,0.012986,0.012843,0.012705,0.012573,0.012446,0.012325,0.012211,0.012102,0.011999,0.011903,0.011813,0.01173,0.011654,0.011585,0.011523,0.011468,0.01142,0.01138,0.011347,0.011322,0.011304,0.011294,0.011291,0.011297,0.011309,0.01133,0.011358,0.011393,0.011436,0.011487,0.011544,0.011609,0.011681,0.01176,0.011845,0.011938,0.012037,0.012142,0.012254,0.012371,0.012495,0.012624,0.012759,0.012899,0.013045,0.013195,0.013351,0.013511,0.013676,0.013845,0.014018,0.014196,0.014377,0.014563,0.014751,0.014944,0.01514,0.015339,0.015541,0.015746,0.015954,0.016165,0.016378,0.016594,0.016812,0.017033,0.017256,0.017481,0.017709,0.017938,0.018169,0.018402,0.018637,0.018917,0.019146,0.019376,0.019609,0.019844,0.020082,0.020323,0.020568,0.020817,0.02107,0.021325,0.021584,0.021844,0.022106,0.02237,NaN,NaN,NaN,NaN,NaN,NaN
0.026139,0.025334,0.024598,0.023972,0.023442,0.022859,0.022348,0.021744,0.021173,0.020715,0.020229,0.019823,0.019369,0.019004,0.01867,0.018335,0.018052,0.017746,0.017417,0.017104,0.01685,0.016632,0.016439,0.016227,0.016036,0.015881,0.015758,0.015658,0.015582,0.015528,0.015496,0.015487,0.015436,0.015274,0.015054,0.014929,0.014828,0.014755,0.014702,0.014646,0.0146,0.014583,0.014568,0.014563,0.014575,0.014612,0.014654,0.014714,0.014793,0.014913,0.015021,0.015148,0.01533,0.015487,0.015686,0.015877,0.016171,0.016527,0.017116,0.018931,0.019566,0.019452,0.019267,0.019115,0.019,0.018926,0.018899,0.018963,0.019036,0.019282,0.019449,0.019671,0.019946,0.020515,0.021001,0.021341,0.021685,0.022093,0.022598,0.023941,0.02557,0.025758,0.026246,0.026329,0.0267,0.02757,0.032002,0.0312,0.030352,0.029605,0.028912,0.028397,0.027999,0.027908,0.030066,0.029381,0.028037,0.02694,0.026159,0.025722,0.025605,0.02571,0.026239,0.0272,0.02857,0.030303,0.03234,0.034619,0.037084,0.039692,0.04241,0.02898,0.023109,0.021586,0.021364,0.02115,0.020937,0.020726,0.020516,0.020308,0.020095,0.019889,0.01968,0.019476,0.019265,0.019062,0.01886,0.018654,0.018454,0.018254,0.018027,0.017814,0.017616,0.017392,0.017196,0.017002,0.016811,0.016595,0.016382,0.016188,0.015995,0.015802,0.015613,0.015426,0.015243,0.015055,0.014852,0.014673,0.014475,0.0143,0.01411,0.01388,0.01371,0.013545,0.013384,0.013227,0.013075,0.012928,0.012786,0.012648,0.012516,0.01239,0.012269,0.012153,0.012044,0.01194,0.011843,0.011752,0.011668,0.01159,0.011519,0.011455,0.011398,0.011347,0.011305,0.011269,0.011241,0.01122,0.011207,0.011201,0.011202,0.011211,0.011227,0.011251,0.011283,0.011321,0.011367,0.01142,0.01148,0.011547,0.011621,0.011702,0.011789,0.011883,0.011983,0.012089,0.012202,0.01232,0.012444,0.012573,0.012708,0.012848,0.012993,0.013143,0.013298,0.013457,0.013621,0.013789,0.013961,0.014137,0.014316,0.0145,0.014687,0.014877,0.015071,0.015268,0.015467,0.01567,0.015875,0.016084,0.016294,0.016507,0.016723,0.016941,0.017161,0.017383,0.017607,0.017833,0.018061,0.018291,0.018522,0.018755,0.01901,0.019238,0.019468,0.019701,0.019935,0.020173,0.020413,0.020657,0.020905,0.021155,0.021407,0.021662,0.021918,0.022176,NaN,NaN,NaN,NaN,NaN
0.025839,0.025094,0.024408,0.023809,0.023278,0.022672,0.022126,0.021618,0.021148,0.020712,0.020247,0.019808,0.019351,0.018982,0.018599,0.018242,0.01791,0.017569,0.017271,0.01698,0.016701,0.01647,0.016264,0.016082,0.015907,0.015735,0.015598,0.01549,0.015393,0.015326,0.015282,0.015248,0.015163,0.014995,0.014838,0.01472,0.014626,0.014568,0.014526,0.014486,0.014463,0.014459,0.014473,0.014497,0.014534,0.014593,0.014663,0.01473,0.014828,0.014924,0.015066,0.015208,0.015413,0.015577,0.015763,0.015942,0.016202,0.016514,0.017069,0.01889,0.019736,0.019496,0.019288,0.019142,0.019033,0.018931,0.018917,0.018912,0.019008,0.019197,0.019359,0.01963,0.019911,0.020429,0.021074,0.021423,0.021801,0.022283,0.022924,0.024026,0.025472,0.025671,0.025929,0.026052,0.026944,0.027978,0.033283,0.032321,0.03138,0.030505,0.02969,0.029006,0.028479,0.028338,0.030058,0.029754,0.028425,0.027153,0.026249,0.025746,0.025488,0.025652,0.026262,0.02732,0.0288,0.030646,0.032791,0.035171,0.03773,0.040427,0.043121,0.028401,0.02266,0.021613,0.021374,0.021147,0.020921,0.020697,0.020474,0.020252,0.020032,0.019814,0.019596,0.019381,0.019167,0.018954,0.01874,0.018526,0.018314,0.018105,0.017897,0.017692,0.017489,0.017287,0.017088,0.016891,0.016697,0.016502,0.01631,0.016117,0.015923,0.015732,0.015544,0.015358,0.015174,0.014946,0.014754,0.014571,0.01439,0.014213,0.014026,0.013855,0.013687,0.013524,0.013365,0.013211,0.013061,0.012915,0.012774,0.012639,0.012508,0.012383,0.012263,0.012149,0.012041,0.011938,0.011842,0.011751,0.011668,0.01159,0.01152,0.011456,0.011399,0.011348,0.011305,0.011269,0.01124,0.011219,0.011205,0.011198,0.011198,0.011206,0.011221,0.011243,0.011273,0.011309,0.011353,0.011404,0.011462,0.011527,0.011598,0.011677,0.011761,0.011852,0.011949,0.012053,0.012162,0.012277,0.012398,0.012524,0.012656,0.012792,0.012934,0.01308,0.013232,0.013387,0.013547,0.013711,0.01388,0.014052,0.014228,0.014408,0.014591,0.014777,0.014967,0.01516,0.015356,0.015554,0.015756,0.01596,0.016167,0.016376,0.016588,0.016802,0.017018,0.017236,0.017456,0.017678,0.017902,0.018128,0.018356,0.018585,0.018816,0.019075,0.0193,0.019527,0.019757,0.019988,0.020223,0.020461,0.020702,0.020947,0.021195,0.021445,0.021698,0.021952,0.022208,NaN,NaN,NaN,NaN
0.025644,0.024969,0.02433,0.023745,0.023203,0.022616,0.022068,0.021546,0.021052,0.020586,0.020147,0.019735,0.019228,0.018835,0.018468,0.018128,0.017814,0.017528,0.017247,0.016958,0.016639,0.016399,0.016184,0.015992,0.01581,0.01566,0.015533,0.015466,0.015359,0.01528,0.015235,0.015197,0.015061,0.014935,0.014667,0.014534,0.014464,0.014415,0.014373,0.014338,0.014319,0.014326,0.014347,0.014378,0.014424,0.014492,0.014571,0.014669,0.014806,0.014952,0.015096,0.015244,0.015437,0.015611,0.015837,0.016065,0.016311,0.016728,0.017435,0.019584,0.020049,0.019819,0.019585,0.019386,0.019291,0.019159,0.019076,0.019049,0.019122,0.019252,0.019444,0.019654,0.019963,0.02069,0.021089,0.021434,0.021835,0.022289,0.022866,0.023828,0.025706,0.025739,0.025955,0.025932,0.026381,0.027106,0.031712,0.031234,0.030422,0.029751,0.029133,0.028629,0.028387,0.028648,0.031182,0.030388,0.028925,0.027661,0.026682,0.026152,0.025854,0.025835,0.026291,0.027233,0.028639,0.030458,0.032619,0.035049,0.037683,0.040472,0.043378,0.028451,0.023306,0.022104,0.021862,0.021633,0.021404,0.021177,0.02095,0.020726,0.020502,0.02028,0.020025,0.019803,0.019583,0.019331,0.019105,0.018885,0.018666,0.018449,0.018233,0.018019,0.017808,0.017598,0.01739,0.017184,0.016982,0.016782,0.016584,0.016388,0.016187,0.015988,0.015792,0.015599,0.01539,0.015182,0.014992,0.014805,0.014621,0.014441,0.014265,0.014092,0.013923,0.013759,0.013598,0.013442,0.01329,0.013144,0.013001,0.012864,0.012732,0.012606,0.012485,0.012369,0.012259,0.012156,0.012058,0.011966,0.011881,0.011803,0.011731,0.011665,0.011607,0.011556,0.011511,0.011474,0.011444,0.011422,0.011406,0.011398,0.011398,0.011404,0.011418,0.01144,0.011469,0.011504,0.011547,0.011598,0.011655,0.011719,0.01179,0.011867,0.011951,0.012042,0.012139,0.012242,0.012351,0.012465,0.012586,0.012712,0.012843,0.012979,0.013121,0.013267,0.013418,0.013574,0.013734,0.013898,0.014067,0.014239,0.014416,0.014595,0.014779,0.014966,0.015156,0.015349,0.015545,0.015745,0.015947,0.016152,0.016359,0.016627,0.016829,0.017034,0.017241,0.01745,0.017663,0.017877,0.018135,0.018347,0.018562,0.01878,0.019001,0.019225,0.019453,0.019684,0.01992,0.020159,0.020402,0.020745,0.020969,0.0212,0.02144,0.021691,0.021955,0.022231,0.022515,0.022803,NaN,NaN,NaN
0.026054,0.025305,0.024605,0.023979,0.023412,0.022813,0.022242,0.021706,0.021203,0.020733,0.020169,0.01968,0.019258,0.018869,0.018511,0.018186,0.017837,0.01756,0.017249,0.016981,0.016747,0.016535,0.016322,0.016144,0.015992,0.01588,0.015794,0.015828,0.015725,0.015673,0.015688,0.015761,0.015617,0.015547,0.015245,0.015082,0.015008,0.014935,0.014879,0.014837,0.014805,0.014788,0.014792,0.014813,0.014851,0.014894,0.014998,0.015059,0.015137,0.01523,0.015327,0.015445,0.015617,0.015783,0.015993,0.016218,0.016494,0.016904,0.017392,0.019493,0.02002,0.019753,0.01952,0.019359,0.019239,0.019126,0.019064,0.01906,0.019118,0.01924,0.01947,0.019715,0.020023,0.020647,0.021477,0.021783,0.022163,0.022639,0.02324,0.024546,0.026164,0.026522,0.026731,0.02659,0.027102,0.028402,0.032309,0.031529,0.030636,0.029829,0.029157,0.028547,0.028166,0.028299,0.029795,0.02937,0.028005,0.026919,0.026064,0.025789,0.02578,0.025929,0.026507,0.027519,0.028942,0.030729,0.03282,0.035155,0.037677,0.040341,0.043045,0.028377,0.023586,0.022264,0.022022,0.02179,0.021559,0.021329,0.021101,0.020874,0.020649,0.020425,0.020203,0.019982,0.01976,0.019538,0.019319,0.019102,0.018886,0.018672,0.018458,0.018246,0.018036,0.017829,0.017622,0.017418,0.017215,0.017015,0.016825,0.016633,0.016437,0.016241,0.016047,0.015856,0.015668,0.015443,0.015253,0.015067,0.014885,0.014706,0.014533,0.014333,0.014163,0.013997,0.013835,0.013677,0.013525,0.013377,0.013234,0.013096,0.012963,0.012836,0.012714,0.012598,0.012488,0.012384,0.012286,0.012194,0.012109,0.01203,0.011958,0.011893,0.011834,0.011783,0.011739,0.011702,0.011672,0.011649,0.011634,0.011626,0.011625,0.011632,0.011646,0.011667,0.011696,0.011732,0.011775,0.011824,0.011879,0.01194,0.012009,0.012084,0.01216,0.012243,0.012333,0.012429,0.012531,0.012639,0.012752,0.012872,0.012997,0.013127,0.013263,0.013403,0.013549,0.013699,0.013854,0.014014,0.014178,0.014346,0.014518,0.014695,0.014875,0.015059,0.015246,0.015437,0.015632,0.01583,0.016031,0.016235,0.016473,0.016814,0.016998,0.017215,0.017399,0.017588,0.017779,0.018008,0.0182,0.018397,0.018646,0.018844,0.019083,0.019286,0.019495,0.019767,0.02004,0.020251,0.020549,0.020764,0.020994,0.021239,0.021503,0.022139,0.022327,0.022568,0.022893,0.023299,0.023748,NaN,NaN
0.026339,0.025557,0.024823,0.024161,0.023555,0.02291,0.022286,0.0217,0.021153,0.020646,0.020181,0.019757,0.019289,0.01888,0.01854,0.018206,0.017934,0.017618,0.017302,0.017012,0.016803,0.016628,0.016463,0.016298,0.016196,0.016093,0.016037,0.016066,0.016021,0.016023,0.016066,0.016151,0.015967,0.015856,0.015535,0.015406,0.015335,0.01519,0.015123,0.015064,0.01502,0.014989,0.014973,0.014974,0.014992,0.015021,0.015075,0.015119,0.015198,0.015287,0.015379,0.015505,0.015648,0.015814,0.015957,0.016127,0.016333,0.016643,0.01738,0.019353,0.020239,0.019972,0.019742,0.019554,0.019412,0.019322,0.019286,0.019348,0.019416,0.019541,0.019778,0.02002,0.02032,0.020804,0.021261,0.021657,0.022051,0.022467,0.023066,0.024533,0.026831,0.026945,0.02698,0.026882,0.027424,0.02798,0.03224,0.031479,0.030654,0.030004,0.029346,0.028795,0.028427,0.028426,0.03063,0.030063,0.028553,0.027392,0.026464,0.026087,0.025751,0.025839,0.026383,0.02739,0.028837,0.030673,0.032827,0.035232,0.037828,0.040568,0.043247,0.028647,0.02393,0.022596,0.02235,0.022106,0.021864,0.021622,0.021383,0.02114,0.020902,0.020665,0.020428,0.020193,0.01996,0.019729,0.0195,0.019272,0.019046,0.018823,0.018601,0.018382,0.018165,0.01795,0.017737,0.017527,0.017319,0.017098,0.016903,0.016697,0.016493,0.016292,0.016095,0.015901,0.01571,0.015529,0.015342,0.015156,0.014975,0.0148,0.014626,0.014444,0.014252,0.014087,0.013927,0.013772,0.013623,0.013479,0.01334,0.013208,0.013081,0.01296,0.012845,0.012737,0.012634,0.012539,0.01245,0.012368,0.012293,0.012225,0.012164,0.01211,0.012064,0.012025,0.011993,0.011969,0.011952,0.011944,0.011942,0.011949,0.011963,0.011984,0.012013,0.01205,0.012089,0.012138,0.012194,0.012257,0.012328,0.012405,0.012498,0.012581,0.01266,0.012743,0.012833,0.01293,0.013033,0.013142,0.013257,0.013378,0.013505,0.013637,0.013776,0.01392,0.014069,0.014224,0.014384,0.014549,0.014719,0.014894,0.015073,0.015256,0.015444,0.015637,0.015833,0.016033,0.016236,0.016444,0.016655,0.016884,0.017151,0.017753,0.018022,0.018297,0.018443,0.018799,0.018843,0.018964,0.019091,0.01914,0.019245,0.019399,0.019635,0.01981,0.019876,0.020023,0.020251,0.020451,0.020687,0.020885,0.021217,0.021589,0.022008,0.022336,0.022727,0.023979,0.02421,0.024654,0.025388,0.026306,NaN
0.025748,0.025087,0.024445,0.023831,0.023242,0.022654,0.022096,0.021565,0.021062,0.020589,0.020145,0.019632,0.01922,0.018837,0.018483,0.018157,0.017831,0.017556,0.017309,0.016972,0.016716,0.016461,0.016231,0.016045,0.015885,0.01575,0.015627,0.015526,0.015507,0.015404,0.015346,0.015319,0.015258,0.015165,0.014876,0.014746,0.01469,0.014642,0.014596,0.014587,0.014588,0.014607,0.014639,0.014682,0.014739,0.014823,0.014881,0.01494,0.015023,0.015121,0.015223,0.015345,0.015502,0.015677,0.015852,0.016099,0.016334,0.016667,0.017418,0.01927,0.020187,0.019964,0.019704,0.019513,0.01932,0.019171,0.019072,0.019028,0.019045,0.019264,0.01942,0.019598,0.019895,0.020717,0.021103,0.021416,0.021854,0.022411,0.023055,0.024332,0.025666,0.025645,0.025792,0.025845,0.026515,0.027715,0.031756,0.031145,0.030318,0.029579,0.028956,0.02851,0.028126,0.028185,0.030395,0.029798,0.028573,0.027344,0.026548,0.026265,0.025875,0.025823,0.026235,0.027125,0.028479,0.03025,0.032369,0.034764,0.037369,0.040131,0.042906,0.028792,0.023655,0.022649,0.022404,0.022159,0.02192,0.021682,0.021445,0.021211,0.020977,0.020745,0.020515,0.020254,0.020022,0.019794,0.019567,0.019342,0.019118,0.0189,0.018678,0.018459,0.018246,0.01803,0.01782,0.017607,0.017397,0.01719,0.016985,0.016763,0.016559,0.016349,0.016143,0.01594,0.015744,0.015531,0.015318,0.015124,0.014935,0.01475,0.014569,0.014393,0.014222,0.014057,0.013896,0.013741,0.013592,0.013448,0.013311,0.013179,0.013054,0.012935,0.012823,0.012717,0.012618,0.012526,0.012442,0.012364,0.012294,0.012231,0.012176,0.012129,0.012089,0.012057,0.012033,0.012016,0.012008,0.012007,0.012015,0.01203,0.012053,0.012084,0.012123,0.01217,0.012224,0.012285,0.012355,0.012431,0.012515,0.012606,0.012698,0.012789,0.012881,0.012977,0.013081,0.01319,0.013305,0.013427,0.013554,0.013687,0.013825,0.013969,0.014117,0.014271,0.01443,0.014593,0.014762,0.014934,0.015111,0.015293,0.015478,0.015668,0.015861,0.016059,0.01626,0.016498,0.016702,0.01691,0.017122,0.017337,0.017635,0.018471,0.018904,0.019055,0.019094,0.019364,0.01944,0.019598,0.019687,0.019749,0.019734,0.019806,0.019912,0.02008,0.020191,0.020335,0.020506,0.020562,0.0208,0.021097,0.021366,0.021705,0.022227,0.022601,0.022947,0.023586,0.025062,0.02543,0.026138,0.027268,0.028661
