"V1","V2","V3","V4","V5","V6","V7","V8","V9","V10","V11","V12","V13","V14","V15","V16","V17","V18","V19","V20","V21","V22","V23","V24","V25","V26","V27","V28","V29","V30","V31","V32","V33","V34","V35","V36","V37","V38","V39","V40","V41","V42","V43","V44","V45","V46","V47","V48","V49","V50","V51","V52","V53","V54","V55","V56","V57","V58","V59","V60","V61","V62","V63","V64","V65","V66","V67","V68","V69","V70","V71","V72","V73","V74","V75","V76","V77","V78","V79","V80","V81","V82","V83","V84","V85","V86","V87","V88","V89","V90","V91","V92","V93","V94","V95","V96","V97","V98","V99","V100","V101","V102","V103","V104","V105","V106","V107","V108","V109","V110","V111","V112","V113","V114","V115","V116","V117","V118","V119","V120","V121","V122","V123","V124","V125","V126","V127","V128","V129","V130","V131","V132","V133","V134","V135","V136","V137","V138","V139","V140","V141","V142","V143","V144","V145","V146","V147","V148","V149","V150","V151","V152","V153","V154","V155","V156","V157","V158","V159","V160","V161","V162","V163","V164","V165","V166","V167","V168","V169","V170","V171","V172","V173","V174","V175","V176","V177","V178","V179","V180","V181","V182","V183","V184","V185","V186","V187","V188","V189","V190","V191","V192","V193","V194","V195","V196","V197","V198","V199","V200","V201","V202","V203","V204","V205","V206","V207","V208","V209","V210","V211","V212","V213","V214","V215","V216","V217","V218","V219","V220","V221","V222","V223","V224","V225","V226","V227","V228","V229","V230","V231","V232","V233","V234","V235","V236","V237","V238","V239","V240","V241","V242","V243","V244","V245","V246","V247","V248","V249","V250"
0.0460738636118455,0.0396487871049094,0.0345661502786412,0.0308427284819651,0.0282887058134605,0.0267340143287836,0.0259176392565962,0.0255279671872575,0.025389292198303,0.0253963574238529,0.0254314969470723,0.0254550470386586,0.0254890995108139,0.0255117067205427,0.0255052135153047,0.0255052135153047,0.0255117067205427,0.0254890995108139,0.0254550470386586,0.0254314969470723,0.0253963574238529,0.025389292198303,0.0255279671872574,0.0259176392565961,0.0267340143287835,0.0282887058134605,0.0308427284819652,0.0345661502786413,0.0396487871049095,0.0460738636118455,NA,NA,NA,NA,NA,NA,NA,NA,NA,NA,NA,NA,NA,NA,NA,NA,NA,NA,NA,NA,NA,NA,NA,NA,NA,NA,NA,NA,NA,NA,NA,NA,NA,NA,NA,NA,NA,NA,NA,NA,NA,NA,NA,NA,NA,NA,NA,NA,NA,NA,NA,NA,NA,NA,NA,NA,NA,NA,NA,NA,NA,NA,NA,NA,NA,NA,NA,NA,NA,NA,NA,NA,NA,NA,NA,NA,NA,NA,NA,NA,NA,NA,NA,NA,NA,NA,NA,NA,NA,NA,NA,NA,NA,NA,NA,NA,NA,NA,NA,NA,NA,NA,NA,NA,NA,NA,NA,NA,NA,NA,NA,NA,NA,NA,NA,NA,NA,NA,NA,NA,NA,NA,NA,NA,NA,NA,NA,NA,NA,NA,NA,NA,NA,NA,NA,NA,NA,NA,NA,NA,NA,NA,NA,NA,NA,NA,NA,NA,NA,NA,NA,NA,NA,NA,NA,NA,NA,NA,NA,NA,NA,NA,NA,NA,NA,NA,NA,NA,NA,NA,NA,NA,NA,NA,NA,NA,NA,NA,NA,NA,NA,NA,NA,NA,NA,NA,NA,NA,NA,NA,NA,NA,NA,NA,NA,NA,NA,NA,NA,NA,NA,NA,NA,NA,NA,NA,NA,NA,NA,NA,NA,NA,NA,NA,NA,NA,NA,NA,NA,NA
0.0446626347590045,0.0389788479021403,0.0343375843844159,0.0307760236314799,0.0281792846845361,0.0264444582154571,0.0254102313060431,0.0248434300937273,0.0245759544308422,0.0245070715165735,0.0245274172162954,0.0245642772313565,0.0246133728088549,0.0246637662694069,0.024684888394757,0.0246853773311923,0.024684888394757,0.0246637662694069,0.0246133728088549,0.0245642772313565,0.0245274172162954,0.0245070715165735,0.0245759544308422,0.0248434300937273,0.0254102313060431,0.0264444582154571,0.0281792846845361,0.0307760236314799,0.0343375843844158,0.0389788479021403,0.0446626347590046,NA,NA,NA,NA,NA,NA,NA,NA,NA,NA,NA,NA,NA,NA,NA,NA,NA,NA,NA,NA,NA,NA,NA,NA,NA,NA,NA,NA,NA,NA,NA,NA,NA,NA,NA,NA,NA,NA,NA,NA,NA,NA,NA,NA,NA,NA,NA,NA,NA,NA,NA,NA,NA,NA,NA,NA,NA,NA,NA,NA,NA,NA,NA,NA,NA,NA,NA,NA,NA,NA,NA,NA,NA,NA,NA,NA,NA,NA,NA,NA,NA,NA,NA,NA,NA,NA,NA,NA,NA,NA,NA,NA,NA,NA,NA,NA,NA,NA,NA,NA,NA,NA,NA,NA,NA,NA,NA,NA,NA,NA,NA,NA,NA,NA,NA,NA,NA,NA,NA,NA,NA,NA,NA,NA,NA,NA,NA,NA,NA,NA,NA,NA,NA,NA,NA,NA,NA,NA,NA,NA,NA,NA,NA,NA,NA,NA,NA,NA,NA,NA,NA,NA,NA,NA,NA,NA,NA,NA,NA,NA,NA,NA,NA,NA,NA,NA,NA,NA,NA,NA,NA,NA,NA,NA,NA,NA,NA,NA,NA,NA,NA,NA,NA,NA,NA,NA,NA,NA,NA,NA,NA,NA,NA,NA,NA,NA,NA,NA,NA,NA,NA,NA,NA,NA,NA,NA,NA,NA,NA,NA,NA,NA,NA,NA,NA,NA,NA,NA,NA
0.0437116349971782,0.0382135350013748,0.0337034815347905,0.0302278286012976,0.0276764647310856,0.0259478546907634,0.0249026395585512,0.024323720927353,0.0240360626785965,0.0239448256944939,0.0239565545777448,0.023988974508436,0.0240262673804313,0.0240727773625392,0.0241026068249181,0.0241054618438661,0.0241054618438324,0.0241026068250233,0.0240727773625931,0.0240262673804055,0.0239889745084475,0.0239565545776194,0.0239448256944585,0.0240360626785992,0.0243237209272893,0.0249026395586751,0.025947854690829,0.0276764647310948,0.0302278286013832,0.033703481534779,0.0382135350013558,0.0437116349971456,NA,NA,NA,NA,NA,NA,NA,NA,NA,NA,NA,NA,NA,NA,NA,NA,NA,NA,NA,NA,NA,NA,NA,NA,NA,NA,NA,NA,NA,NA,NA,NA,NA,NA,NA,NA,NA,NA,NA,NA,NA,NA,NA,NA,NA,NA,NA,NA,NA,NA,NA,NA,NA,NA,NA,NA,NA,NA,NA,NA,NA,NA,NA,NA,NA,NA,NA,NA,NA,NA,NA,NA,NA,NA,NA,NA,NA,NA,NA,NA,NA,NA,NA,NA,NA,NA,NA,NA,NA,NA,NA,NA,NA,NA,NA,NA,NA,NA,NA,NA,NA,NA,NA,NA,NA,NA,NA,NA,NA,NA,NA,NA,NA,NA,NA,NA,NA,NA,NA,NA,NA,NA,NA,NA,NA,NA,NA,NA,NA,NA,NA,NA,NA,NA,NA,NA,NA,NA,NA,NA,NA,NA,NA,NA,NA,NA,NA,NA,NA,NA,NA,NA,NA,NA,NA,NA,NA,NA,NA,NA,NA,NA,NA,NA,NA,NA,NA,NA,NA,NA,NA,NA,NA,NA,NA,NA,NA,NA,NA,NA,NA,NA,NA,NA,NA,NA,NA,NA,NA,NA,NA,NA,NA,NA,NA,NA,NA,NA,NA,NA,NA,NA,NA,NA,NA,NA,NA,NA,NA,NA,NA,NA,NA,NA,NA,NA,NA,NA
0.0432610567332865,0.0379055361943769,0.0334874899772001,0.0300617479748152,0.0275255734266267,0.0257789739578898,0.0247016685677703,0.0240960141754455,0.023782212719466,0.0236638266587534,0.0236620074166584,0.0236923251501227,0.0237221948721525,0.0237612574241304,0.0237970005855017,0.0238068138927079,0.0238040732930645,0.0238068138927385,0.0237970005852266,0.0237612574240148,0.0237221948721261,0.0236923251499574,0.0236620074167796,0.0236638266588845,0.023782212719465,0.0240960141755992,0.0247016685679174,0.0257789739578252,0.0275255734266595,0.0300617479747916,0.0334874899771512,0.0379055361943714,0.0432610567332609,NA,NA,NA,NA,NA,NA,NA,NA,NA,NA,NA,NA,NA,NA,NA,NA,NA,NA,NA,NA,NA,NA,NA,NA,NA,NA,NA,NA,NA,NA,NA,NA,NA,NA,NA,NA,NA,NA,NA,NA,NA,NA,NA,NA,NA,NA,NA,NA,NA,NA,NA,NA,NA,NA,NA,NA,NA,NA,NA,NA,NA,NA,NA,NA,NA,NA,NA,NA,NA,NA,NA,NA,NA,NA,NA,NA,NA,NA,NA,NA,NA,NA,NA,NA,NA,NA,NA,NA,NA,NA,NA,NA,NA,NA,NA,NA,NA,NA,NA,NA,NA,NA,NA,NA,NA,NA,NA,NA,NA,NA,NA,NA,NA,NA,NA,NA,NA,NA,NA,NA,NA,NA,NA,NA,NA,NA,NA,NA,NA,NA,NA,NA,NA,NA,NA,NA,NA,NA,NA,NA,NA,NA,NA,NA,NA,NA,NA,NA,NA,NA,NA,NA,NA,NA,NA,NA,NA,NA,NA,NA,NA,NA,NA,NA,NA,NA,NA,NA,NA,NA,NA,NA,NA,NA,NA,NA,NA,NA,NA,NA,NA,NA,NA,NA,NA,NA,NA,NA,NA,NA,NA,NA,NA,NA,NA,NA,NA,NA,NA,NA,NA,NA,NA,NA,NA,NA,NA,NA,NA,NA,NA,NA,NA,NA,NA,NA,NA
0.0454141972279693,0.0392420218430686,0.0342897657150866,0.0306332099516163,0.0280871215818931,0.0264599216877664,0.025569708433129,0.0251514072830934,0.0249643264260456,0.0249054658193053,0.024925412890155,0.02494784156347,0.0249339837029327,0.0249162562551983,0.0249137616734951,0.0248993758979148,0.0248729470256152,0.0248729470256152,0.0248993758979148,0.0249137616734951,0.0249162562551983,0.0249339837029327,0.0249478415634699,0.0249254128901548,0.0249054658193053,0.0249643264260455,0.0251514072830934,0.025569708433129,0.0264599216877664,0.0280871215818931,0.0306332099516163,0.0342897657150866,0.0392420218430687,0.0454141972279695,NA,NA,NA,NA,NA,NA,NA,NA,NA,NA,NA,NA,NA,NA,NA,NA,NA,NA,NA,NA,NA,NA,NA,NA,NA,NA,NA,NA,NA,NA,NA,NA,NA,NA,NA,NA,NA,NA,NA,NA,NA,NA,NA,NA,NA,NA,NA,NA,NA,NA,NA,NA,NA,NA,NA,NA,NA,NA,NA,NA,NA,NA,NA,NA,NA,NA,NA,NA,NA,NA,NA,NA,NA,NA,NA,NA,NA,NA,NA,NA,NA,NA,NA,NA,NA,NA,NA,NA,NA,NA,NA,NA,NA,NA,NA,NA,NA,NA,NA,NA,NA,NA,NA,NA,NA,NA,NA,NA,NA,NA,NA,NA,NA,NA,NA,NA,NA,NA,NA,NA,NA,NA,NA,NA,NA,NA,NA,NA,NA,NA,NA,NA,NA,NA,NA,NA,NA,NA,NA,NA,NA,NA,NA,NA,NA,NA,NA,NA,NA,NA,NA,NA,NA,NA,NA,NA,NA,NA,NA,NA,NA,NA,NA,NA,NA,NA,NA,NA,NA,NA,NA,NA,NA,NA,NA,NA,NA,NA,NA,NA,NA,NA,NA,NA,NA,NA,NA,NA,NA,NA,NA,NA,NA,NA,NA,NA,NA,NA,NA,NA,NA,NA,NA,NA,NA,NA,NA,NA,NA,NA,NA,NA,NA,NA,NA,NA
0.0606462909557248,0.0434311045066473,0.0365150448249469,0.0367435177108052,0.0367958903090216,0.0356771860495908,0.0354670068562983,0.035946862030164,0.0356695792666879,0.0350656539512693,0.0352718002822223,0.0357407496913844,0.0354966040566101,0.0350847858683146,0.0353530701727639,0.0357119296924557,0.0354194616005362,0.0350945298230164,0.0354194616005361,0.0357119296924571,0.0353530701727649,0.0350847858683147,0.0354966040566108,0.0357407496913841,0.0352718002822217,0.0350656539512705,0.035669579266689,0.0359468620301658,0.0354670068563004,0.0356771860495901,0.0367958903090189,0.036743517710803,0.0365150448249443,0.0434311045066473,0.060646290955728,NA,NA,NA,NA,NA,NA,NA,NA,NA,NA,NA,NA,NA,NA,NA,NA,NA,NA,NA,NA,NA,NA,NA,NA,NA,NA,NA,NA,NA,NA,NA,NA,NA,NA,NA,NA,NA,NA,NA,NA,NA,NA,NA,NA,NA,NA,NA,NA,NA,NA,NA,NA,NA,NA,NA,NA,NA,NA,NA,NA,NA,NA,NA,NA,NA,NA,NA,NA,NA,NA,NA,NA,NA,NA,NA,NA,NA,NA,NA,NA,NA,NA,NA,NA,NA,NA,NA,NA,NA,NA,NA,NA,NA,NA,NA,NA,NA,NA,NA,NA,NA,NA,NA,NA,NA,NA,NA,NA,NA,NA,NA,NA,NA,NA,NA,NA,NA,NA,NA,NA,NA,NA,NA,NA,NA,NA,NA,NA,NA,NA,NA,NA,NA,NA,NA,NA,NA,NA,NA,NA,NA,NA,NA,NA,NA,NA,NA,NA,NA,NA,NA,NA,NA,NA,NA,NA,NA,NA,NA,NA,NA,NA,NA,NA,NA,NA,NA,NA,NA,NA,NA,NA,NA,NA,NA,NA,NA,NA,NA,NA,NA,NA,NA,NA,NA,NA,NA,NA,NA,NA,NA,NA,NA,NA,NA,NA,NA,NA,NA,NA,NA,NA,NA,NA,NA,NA,NA,NA,NA,NA,NA,NA,NA,NA,NA
0.0593751589206322,0.0428459626055797,0.0357470217760535,0.0357310846620634,0.0359567056205227,0.0349216865664809,0.0345135034774265,0.0349744092328479,0.0349097594973694,0.034283209877205,0.0342396178426539,0.0347456436709314,0.0347588895420436,0.0342916677457606,0.0342819897740682,0.0347206323792953,0.0347240171746283,0.0342970943067911,0.0342970943067906,0.0347240171746279,0.0347206323792957,0.0342819897740686,0.0342916677457614,0.0347588895420452,0.0347456436709313,0.034239617842653,0.034283209877204,0.0349097594973662,0.0349744092328461,0.0345135034774266,0.0349216865664819,0.0359567056205255,0.0357310846620677,0.0357470217760558,0.0428459626055797,0.0593751589206277,NA,NA,NA,NA,NA,NA,NA,NA,NA,NA,NA,NA,NA,NA,NA,NA,NA,NA,NA,NA,NA,NA,NA,NA,NA,NA,NA,NA,NA,NA,NA,NA,NA,NA,NA,NA,NA,NA,NA,NA,NA,NA,NA,NA,NA,NA,NA,NA,NA,NA,NA,NA,NA,NA,NA,NA,NA,NA,NA,NA,NA,NA,NA,NA,NA,NA,NA,NA,NA,NA,NA,NA,NA,NA,NA,NA,NA,NA,NA,NA,NA,NA,NA,NA,NA,NA,NA,NA,NA,NA,NA,NA,NA,NA,NA,NA,NA,NA,NA,NA,NA,NA,NA,NA,NA,NA,NA,NA,NA,NA,NA,NA,NA,NA,NA,NA,NA,NA,NA,NA,NA,NA,NA,NA,NA,NA,NA,NA,NA,NA,NA,NA,NA,NA,NA,NA,NA,NA,NA,NA,NA,NA,NA,NA,NA,NA,NA,NA,NA,NA,NA,NA,NA,NA,NA,NA,NA,NA,NA,NA,NA,NA,NA,NA,NA,NA,NA,NA,NA,NA,NA,NA,NA,NA,NA,NA,NA,NA,NA,NA,NA,NA,NA,NA,NA,NA,NA,NA,NA,NA,NA,NA,NA,NA,NA,NA,NA,NA,NA,NA,NA,NA,NA,NA,NA,NA,NA,NA,NA,NA,NA,NA,NA,NA
0.060318416938798,0.0429531285990188,0.0358827406341285,0.0364880876990834,0.0369519131874955,0.0355926786539113,0.0348725413192948,0.0355301995732152,0.0357862611970789,0.0350716615728596,0.0347384465510262,0.0353250748167998,0.0356427565657998,0.0351292014262017,0.0347886913528627,0.035247093849684,0.0355996240337302,0.0351874789355403,0.0348042442758835,0.0351874789355408,0.0355996240337298,0.0352470938496843,0.0347886913528633,0.0351292014262014,0.0356427565657987,0.0353250748167991,0.0347384465510253,0.0350716615728598,0.035786261197081,0.0355301995732173,0.0348725413192968,0.0355926786539127,0.0369519131874935,0.0364880876990777,0.0358827406341259,0.0429531285990174,0.0603184169387997,NA,NA,NA,NA,NA,NA,NA,NA,NA,NA,NA,NA,NA,NA,NA,NA,NA,NA,NA,NA,NA,NA,NA,NA,NA,NA,NA,NA,NA,NA,NA,NA,NA,NA,NA,NA,NA,NA,NA,NA,NA,NA,NA,NA,NA,NA,NA,NA,NA,NA,NA,NA,NA,NA,NA,NA,NA,NA,NA,NA,NA,NA,NA,NA,NA,NA,NA,NA,NA,NA,NA,NA,NA,NA,NA,NA,NA,NA,NA,NA,NA,NA,NA,NA,NA,NA,NA,NA,NA,NA,NA,NA,NA,NA,NA,NA,NA,NA,NA,NA,NA,NA,NA,NA,NA,NA,NA,NA,NA,NA,NA,NA,NA,NA,NA,NA,NA,NA,NA,NA,NA,NA,NA,NA,NA,NA,NA,NA,NA,NA,NA,NA,NA,NA,NA,NA,NA,NA,NA,NA,NA,NA,NA,NA,NA,NA,NA,NA,NA,NA,NA,NA,NA,NA,NA,NA,NA,NA,NA,NA,NA,NA,NA,NA,NA,NA,NA,NA,NA,NA,NA,NA,NA,NA,NA,NA,NA,NA,NA,NA,NA,NA,NA,NA,NA,NA,NA,NA,NA,NA,NA,NA,NA,NA,NA,NA,NA,NA,NA,NA,NA,NA,NA,NA,NA,NA,NA,NA,NA,NA,NA,NA,NA
0.0591727805035178,0.0425213074105123,0.0352299062597369,0.0354865281523615,0.0361238059884272,0.0349728223077587,0.0340701941621884,0.0345419848596567,0.0349776903348569,0.0344406417595094,0.033906093056964,0.0342793134342978,0.0347883527316467,0.0345214533267744,0.0340033940950402,0.0341742727198335,0.0346871350033921,0.0346039514079963,0.0340887841452799,0.0340887841452795,0.0346039514079967,0.0346871350033924,0.0341742727198334,0.0340033940950401,0.0345214533267745,0.0347883527316471,0.0342793134342979,0.0339060930569638,0.0344406417595092,0.0349776903348562,0.0345419848596566,0.0340701941621885,0.0349728223077593,0.0361238059884319,0.0354865281523654,0.0352299062597385,0.042521307410512,0.0591727805035162,NA,NA,NA,NA,NA,NA,NA,NA,NA,NA,NA,NA,NA,NA,NA,NA,NA,NA,NA,NA,NA,NA,NA,NA,NA,NA,NA,NA,NA,NA,NA,NA,NA,NA,NA,NA,NA,NA,NA,NA,NA,NA,NA,NA,NA,NA,NA,NA,NA,NA,NA,NA,NA,NA,NA,NA,NA,NA,NA,NA,NA,NA,NA,NA,NA,NA,NA,NA,NA,NA,NA,NA,NA,NA,NA,NA,NA,NA,NA,NA,NA,NA,NA,NA,NA,NA,NA,NA,NA,NA,NA,NA,NA,NA,NA,NA,NA,NA,NA,NA,NA,NA,NA,NA,NA,NA,NA,NA,NA,NA,NA,NA,NA,NA,NA,NA,NA,NA,NA,NA,NA,NA,NA,NA,NA,NA,NA,NA,NA,NA,NA,NA,NA,NA,NA,NA,NA,NA,NA,NA,NA,NA,NA,NA,NA,NA,NA,NA,NA,NA,NA,NA,NA,NA,NA,NA,NA,NA,NA,NA,NA,NA,NA,NA,NA,NA,NA,NA,NA,NA,NA,NA,NA,NA,NA,NA,NA,NA,NA,NA,NA,NA,NA,NA,NA,NA,NA,NA,NA,NA,NA,NA,NA,NA,NA,NA,NA,NA,NA,NA,NA,NA,NA,NA,NA,NA,NA,NA,NA,NA,NA,NA
0.0602111130842416,0.0425466263323788,0.0353054820944432,0.0363457197335593,0.0373058301121321,0.0357903090502522,0.0344278092042789,0.0350340139805962,0.0359362482785,0.035495379173598,0.0345929634547646,0.0347820241261223,0.0356043929547835,0.0356057484961809,0.03484433808808,0.0346609697339045,0.0353387539664503,0.0356649523495992,0.0350907510213507,0.0346242226135717,0.0350907510213506,0.0356649523495985,0.0353387539664505,0.0346609697339049,0.0348443380880803,0.035605748496182,0.035604392954784,0.0347820241261215,0.0345929634547645,0.035495379173597,0.035936248278498,0.0350340139805957,0.0344278092042799,0.035790309050254,0.0373058301121349,0.0363457197335625,0.0353054820944457,0.0425466263323793,0.0602111130842396,NA,NA,NA,NA,NA,NA,NA,NA,NA,NA,NA,NA,NA,NA,NA,NA,NA,NA,NA,NA,NA,NA,NA,NA,NA,NA,NA,NA,NA,NA,NA,NA,NA,NA,NA,NA,NA,NA,NA,NA,NA,NA,NA,NA,NA,NA,NA,NA,NA,NA,NA,NA,NA,NA,NA,NA,NA,NA,NA,NA,NA,NA,NA,NA,NA,NA,NA,NA,NA,NA,NA,NA,NA,NA,NA,NA,NA,NA,NA,NA,NA,NA,NA,NA,NA,NA,NA,NA,NA,NA,NA,NA,NA,NA,NA,NA,NA,NA,NA,NA,NA,NA,NA,NA,NA,NA,NA,NA,NA,NA,NA,NA,NA,NA,NA,NA,NA,NA,NA,NA,NA,NA,NA,NA,NA,NA,NA,NA,NA,NA,NA,NA,NA,NA,NA,NA,NA,NA,NA,NA,NA,NA,NA,NA,NA,NA,NA,NA,NA,NA,NA,NA,NA,NA,NA,NA,NA,NA,NA,NA,NA,NA,NA,NA,NA,NA,NA,NA,NA,NA,NA,NA,NA,NA,NA,NA,NA,NA,NA,NA,NA,NA,NA,NA,NA,NA,NA,NA,NA,NA,NA,NA,NA,NA,NA,NA,NA,NA,NA,NA,NA,NA,NA,NA,NA,NA,NA,NA,NA,NA,NA
0.0604809562499708,0.0424644089793817,0.0351368561377846,0.0365039501634861,0.0377563184431279,0.0361448524443077,0.0343923832922917,0.0349075203400941,0.0361757015330936,0.0360080334026779,0.0348698937616161,0.0346854372430666,0.0356288568713552,0.0360450342126795,0.0353099719130868,0.0346827232907039,0.035192502656767,0.0359311138648674,0.0356761855474602,0.0348663017960818,0.0348663017960959,0.0356761855474458,0.0359311138648215,0.0351925026567595,0.0346827232907086,0.0353099719130759,0.0360450342126914,0.0356288568713832,0.0346854372430716,0.0348698937616152,0.0360080334026952,0.0361757015330939,0.0349075203400649,0.0343923832922804,0.036144852444309,0.0377563184431131,0.036503950163481,0.0351368561377977,0.042464408979382,0.0604809562499811,NA,NA,NA,NA,NA,NA,NA,NA,NA,NA,NA,NA,NA,NA,NA,NA,NA,NA,NA,NA,NA,NA,NA,NA,NA,NA,NA,NA,NA,NA,NA,NA,NA,NA,NA,NA,NA,NA,NA,NA,NA,NA,NA,NA,NA,NA,NA,NA,NA,NA,NA,NA,NA,NA,NA,NA,NA,NA,NA,NA,NA,NA,NA,NA,NA,NA,NA,NA,NA,NA,NA,NA,NA,NA,NA,NA,NA,NA,NA,NA,NA,NA,NA,NA,NA,NA,NA,NA,NA,NA,NA,NA,NA,NA,NA,NA,NA,NA,NA,NA,NA,NA,NA,NA,NA,NA,NA,NA,NA,NA,NA,NA,NA,NA,NA,NA,NA,NA,NA,NA,NA,NA,NA,NA,NA,NA,NA,NA,NA,NA,NA,NA,NA,NA,NA,NA,NA,NA,NA,NA,NA,NA,NA,NA,NA,NA,NA,NA,NA,NA,NA,NA,NA,NA,NA,NA,NA,NA,NA,NA,NA,NA,NA,NA,NA,NA,NA,NA,NA,NA,NA,NA,NA,NA,NA,NA,NA,NA,NA,NA,NA,NA,NA,NA,NA,NA,NA,NA,NA,NA,NA,NA,NA,NA,NA,NA,NA,NA,NA,NA,NA,NA,NA,NA,NA,NA,NA,NA,NA,NA
0.062303193243052,0.0458779253013104,0.0373893634370507,0.0365717304345353,0.037530582299581,0.0369571629338642,0.0357391166072167,0.0355722452882954,0.0361949143042486,0.0362743647454205,0.0356298683682938,0.0352767768925413,0.0357083110546649,0.0361596197465598,0.0359248329911161,0.0354140238697855,0.0354480897891964,0.0359434723073011,0.0360917609737275,0.0356671339978492,0.035357596677992,0.0356671339978522,0.0360917609737158,0.03594347230729,0.0354480897891965,0.0354140238697844,0.0359248329911098,0.0361596197465641,0.0357083110546778,0.0352767768925425,0.0356298683682948,0.0362743647454287,0.0361949143042414,0.0355722452882819,0.0357391166072157,0.0369571629338656,0.0375305822995789,0.0365717304345381,0.0373893634370575,0.0458779253013071,0.0623031932430473,NA,NA,NA,NA,NA,NA,NA,NA,NA,NA,NA,NA,NA,NA,NA,NA,NA,NA,NA,NA,NA,NA,NA,NA,NA,NA,NA,NA,NA,NA,NA,NA,NA,NA,NA,NA,NA,NA,NA,NA,NA,NA,NA,NA,NA,NA,NA,NA,NA,NA,NA,NA,NA,NA,NA,NA,NA,NA,NA,NA,NA,NA,NA,NA,NA,NA,NA,NA,NA,NA,NA,NA,NA,NA,NA,NA,NA,NA,NA,NA,NA,NA,NA,NA,NA,NA,NA,NA,NA,NA,NA,NA,NA,NA,NA,NA,NA,NA,NA,NA,NA,NA,NA,NA,NA,NA,NA,NA,NA,NA,NA,NA,NA,NA,NA,NA,NA,NA,NA,NA,NA,NA,NA,NA,NA,NA,NA,NA,NA,NA,NA,NA,NA,NA,NA,NA,NA,NA,NA,NA,NA,NA,NA,NA,NA,NA,NA,NA,NA,NA,NA,NA,NA,NA,NA,NA,NA,NA,NA,NA,NA,NA,NA,NA,NA,NA,NA,NA,NA,NA,NA,NA,NA,NA,NA,NA,NA,NA,NA,NA,NA,NA,NA,NA,NA,NA,NA,NA,NA,NA,NA,NA,NA,NA,NA,NA,NA,NA,NA,NA,NA,NA,NA,NA,NA,NA,NA,NA,NA
0.0615751420093068,0.0452913619432192,0.0367819580045374,0.0360080578787313,0.0371503691250028,0.0366815759944613,0.0353228263720292,0.0349525958791534,0.0356271004545552,0.0359433788934137,0.0353726026678079,0.0348101501248268,0.0350754164657822,0.0356733815131778,0.0356766629713694,0.0351208704546201,0.0348743387162376,0.035297065669711,0.0357094822578268,0.0354845695554115,0.034977019640061,0.0349770196400607,0.0354845695554125,0.0357094822578268,0.0352970656697069,0.034874338716236,0.0351208704546176,0.0356766629713606,0.0356733815131774,0.0350754164657904,0.034810150124828,0.0353726026678113,0.0359433788934227,0.0356271004545546,0.0349525958791473,0.0353228263720272,0.0366815759944581,0.0371503691249946,0.0360080578787298,0.0367819580045381,0.0452913619432213,0.0615751420093133,NA,NA,NA,NA,NA,NA,NA,NA,NA,NA,NA,NA,NA,NA,NA,NA,NA,NA,NA,NA,NA,NA,NA,NA,NA,NA,NA,NA,NA,NA,NA,NA,NA,NA,NA,NA,NA,NA,NA,NA,NA,NA,NA,NA,NA,NA,NA,NA,NA,NA,NA,NA,NA,NA,NA,NA,NA,NA,NA,NA,NA,NA,NA,NA,NA,NA,NA,NA,NA,NA,NA,NA,NA,NA,NA,NA,NA,NA,NA,NA,NA,NA,NA,NA,NA,NA,NA,NA,NA,NA,NA,NA,NA,NA,NA,NA,NA,NA,NA,NA,NA,NA,NA,NA,NA,NA,NA,NA,NA,NA,NA,NA,NA,NA,NA,NA,NA,NA,NA,NA,NA,NA,NA,NA,NA,NA,NA,NA,NA,NA,NA,NA,NA,NA,NA,NA,NA,NA,NA,NA,NA,NA,NA,NA,NA,NA,NA,NA,NA,NA,NA,NA,NA,NA,NA,NA,NA,NA,NA,NA,NA,NA,NA,NA,NA,NA,NA,NA,NA,NA,NA,NA,NA,NA,NA,NA,NA,NA,NA,NA,NA,NA,NA,NA,NA,NA,NA,NA,NA,NA,NA,NA,NA,NA,NA,NA,NA,NA,NA,NA,NA,NA,NA,NA,NA,NA,NA,NA
0.062415933966241,0.0449728068087553,0.0364157128090164,0.0365863934405397,0.0383305626153292,0.0376685628417771,0.0357075455814476,0.0350977182451904,0.0361675624645028,0.0369514119527082,0.0363719015120849,0.0354007183449653,0.0354594407803432,0.0363407278932009,0.0366921704968828,0.0360547595744507,0.0353973370961244,0.0356829149184999,0.0364412235180607,0.0365456710816179,0.0358608318255454,0.0354022522980454,0.0358608318255576,0.0365456710816202,0.0364412235180263,0.035682914918475,0.0353973370961249,0.0360547595744213,0.0366921704968588,0.036340727893244,0.0354594407803826,0.0354007183449651,0.0363719015121186,0.0369514119527488,0.0361675624644725,0.0350977182451436,0.0357075455814452,0.0376685628417574,0.0383305626153007,0.03658639344055,0.0364157128090331,0.0449728068087553,0.0624159339662537,NA,NA,NA,NA,NA,NA,NA,NA,NA,NA,NA,NA,NA,NA,NA,NA,NA,NA,NA,NA,NA,NA,NA,NA,NA,NA,NA,NA,NA,NA,NA,NA,NA,NA,NA,NA,NA,NA,NA,NA,NA,NA,NA,NA,NA,NA,NA,NA,NA,NA,NA,NA,NA,NA,NA,NA,NA,NA,NA,NA,NA,NA,NA,NA,NA,NA,NA,NA,NA,NA,NA,NA,NA,NA,NA,NA,NA,NA,NA,NA,NA,NA,NA,NA,NA,NA,NA,NA,NA,NA,NA,NA,NA,NA,NA,NA,NA,NA,NA,NA,NA,NA,NA,NA,NA,NA,NA,NA,NA,NA,NA,NA,NA,NA,NA,NA,NA,NA,NA,NA,NA,NA,NA,NA,NA,NA,NA,NA,NA,NA,NA,NA,NA,NA,NA,NA,NA,NA,NA,NA,NA,NA,NA,NA,NA,NA,NA,NA,NA,NA,NA,NA,NA,NA,NA,NA,NA,NA,NA,NA,NA,NA,NA,NA,NA,NA,NA,NA,NA,NA,NA,NA,NA,NA,NA,NA,NA,NA,NA,NA,NA,NA,NA,NA,NA,NA,NA,NA,NA,NA,NA,NA,NA,NA,NA,NA,NA,NA,NA,NA,NA,NA,NA,NA,NA,NA,NA
0.0612309941939846,0.0438579060329087,0.03536735195555,0.0357875548014802,0.0378144270482287,0.0372372271050916,0.0350458993694224,0.0341352095689343,0.0352635251084058,0.0364071126866952,0.036044574806867,0.0348591964574792,0.0345472751119727,0.0354364874624275,0.0361625002827084,0.0357517565771854,0.0348326791241656,0.0347128695001544,0.035521187939939,0.0360731534077318,0.0356120453441459,0.0347949214409629,0.0347949214409703,0.0356120453441456,0.0360731534077038,0.0355211879399183,0.034712869500159,0.0348326791241602,0.0357517565771808,0.0361625002827325,0.0354364874624481,0.0345472751119718,0.0348591964574822,0.0360445748068803,0.0364071126867048,0.0352635251083886,0.0341352095689131,0.0350458993694195,0.0372372271050773,0.037814427048205,0.0357875548014815,0.0353673519555627,0.043857906032909,0.0612309941940001,NA,NA,NA,NA,NA,NA,NA,NA,NA,NA,NA,NA,NA,NA,NA,NA,NA,NA,NA,NA,NA,NA,NA,NA,NA,NA,NA,NA,NA,NA,NA,NA,NA,NA,NA,NA,NA,NA,NA,NA,NA,NA,NA,NA,NA,NA,NA,NA,NA,NA,NA,NA,NA,NA,NA,NA,NA,NA,NA,NA,NA,NA,NA,NA,NA,NA,NA,NA,NA,NA,NA,NA,NA,NA,NA,NA,NA,NA,NA,NA,NA,NA,NA,NA,NA,NA,NA,NA,NA,NA,NA,NA,NA,NA,NA,NA,NA,NA,NA,NA,NA,NA,NA,NA,NA,NA,NA,NA,NA,NA,NA,NA,NA,NA,NA,NA,NA,NA,NA,NA,NA,NA,NA,NA,NA,NA,NA,NA,NA,NA,NA,NA,NA,NA,NA,NA,NA,NA,NA,NA,NA,NA,NA,NA,NA,NA,NA,NA,NA,NA,NA,NA,NA,NA,NA,NA,NA,NA,NA,NA,NA,NA,NA,NA,NA,NA,NA,NA,NA,NA,NA,NA,NA,NA,NA,NA,NA,NA,NA,NA,NA,NA,NA,NA,NA,NA,NA,NA,NA,NA,NA,NA,NA,NA,NA,NA,NA,NA,NA,NA,NA,NA,NA,NA,NA,NA
0.0603432915882443,0.043680339477863,0.0350548763054511,0.0349309128453803,0.0369165044371253,0.036709093157821,0.0347393937394537,0.0335582356054545,0.0343251639354439,0.0355328725148086,0.0355290428572504,0.0344859564486851,0.0338717124797085,0.0344528914610286,0.0353169079417904,0.0352986323024942,0.0344806771871147,0.0339916312802728,0.0344815257161301,0.0352325130469201,0.0352260232306161,0.034486874158923,0.0340259314492558,0.034486874158907,0.0352260232306384,0.0352325130469692,0.0344815257161487,0.0339916312802692,0.0344806771871322,0.0352986323025124,0.0353169079417585,0.0344528914609819,0.0338717124797031,0.0344859564486731,0.0355290428572093,0.0355328725148036,0.0343251639354927,0.0335582356054865,0.0347393937394533,0.0367090931578417,0.0369165044371554,0.0349309128453767,0.0350548763054337,0.0436803394778678,0.0603432915882255,NA,NA,NA,NA,NA,NA,NA,NA,NA,NA,NA,NA,NA,NA,NA,NA,NA,NA,NA,NA,NA,NA,NA,NA,NA,NA,NA,NA,NA,NA,NA,NA,NA,NA,NA,NA,NA,NA,NA,NA,NA,NA,NA,NA,NA,NA,NA,NA,NA,NA,NA,NA,NA,NA,NA,NA,NA,NA,NA,NA,NA,NA,NA,NA,NA,NA,NA,NA,NA,NA,NA,NA,NA,NA,NA,NA,NA,NA,NA,NA,NA,NA,NA,NA,NA,NA,NA,NA,NA,NA,NA,NA,NA,NA,NA,NA,NA,NA,NA,NA,NA,NA,NA,NA,NA,NA,NA,NA,NA,NA,NA,NA,NA,NA,NA,NA,NA,NA,NA,NA,NA,NA,NA,NA,NA,NA,NA,NA,NA,NA,NA,NA,NA,NA,NA,NA,NA,NA,NA,NA,NA,NA,NA,NA,NA,NA,NA,NA,NA,NA,NA,NA,NA,NA,NA,NA,NA,NA,NA,NA,NA,NA,NA,NA,NA,NA,NA,NA,NA,NA,NA,NA,NA,NA,NA,NA,NA,NA,NA,NA,NA,NA,NA,NA,NA,NA,NA,NA,NA,NA,NA,NA,NA,NA,NA,NA,NA,NA,NA,NA,NA,NA,NA,NA,NA
0.0596195113332951,0.0442123902646791,0.0354427387410949,0.0341768221967989,0.0356899811427063,0.0359114326781313,0.0345312874604195,0.0333284070966388,0.0335468005902233,0.0344583577590692,0.0347034389385623,0.0340339086787334,0.0333791503654731,0.0335710777524827,0.0342693138819513,0.0345295847265449,0.034052248276839,0.0334858620353949,0.033572636522258,0.0341666674076858,0.0344706743547088,0.0341002892347865,0.033545887085647,0.0335458870856168,0.034100289234793,0.0344706743548151,0.0341666674077523,0.033572636522244,0.0334858620353978,0.0340522482768552,0.0345295847265236,0.0342693138819146,0.0335710777524777,0.0333791503654736,0.034033908678731,0.0347034389385515,0.0344583577590395,0.0335468005902109,0.0333284070966597,0.0345312874604089,0.0359114326781159,0.035689981142759,0.0341768221968441,0.0354427387410854,0.0442123902646864,0.0596195113332687,NA,NA,NA,NA,NA,NA,NA,NA,NA,NA,NA,NA,NA,NA,NA,NA,NA,NA,NA,NA,NA,NA,NA,NA,NA,NA,NA,NA,NA,NA,NA,NA,NA,NA,NA,NA,NA,NA,NA,NA,NA,NA,NA,NA,NA,NA,NA,NA,NA,NA,NA,NA,NA,NA,NA,NA,NA,NA,NA,NA,NA,NA,NA,NA,NA,NA,NA,NA,NA,NA,NA,NA,NA,NA,NA,NA,NA,NA,NA,NA,NA,NA,NA,NA,NA,NA,NA,NA,NA,NA,NA,NA,NA,NA,NA,NA,NA,NA,NA,NA,NA,NA,NA,NA,NA,NA,NA,NA,NA,NA,NA,NA,NA,NA,NA,NA,NA,NA,NA,NA,NA,NA,NA,NA,NA,NA,NA,NA,NA,NA,NA,NA,NA,NA,NA,NA,NA,NA,NA,NA,NA,NA,NA,NA,NA,NA,NA,NA,NA,NA,NA,NA,NA,NA,NA,NA,NA,NA,NA,NA,NA,NA,NA,NA,NA,NA,NA,NA,NA,NA,NA,NA,NA,NA,NA,NA,NA,NA,NA,NA,NA,NA,NA,NA,NA,NA,NA,NA,NA,NA,NA,NA,NA,NA,NA,NA,NA,NA,NA,NA,NA,NA,NA,NA
0.0560772804117819,0.0447356258967432,0.0368121430788336,0.0330859318080015,0.0322529327681864,0.0321996894652287,0.0319114605855887,0.0315320221111258,0.0314425509816846,0.0315892437471257,0.0316075849398438,0.0313374357964383,0.0310093378785815,0.0309365329180458,0.0311216670764546,0.0312754696487815,0.0311909559368887,0.0309791404490233,0.0309085248385221,0.0310606537045425,0.0312338888092368,0.031209030258049,0.0310214802267849,0.030912056095153,0.0310214802267916,0.0312090302580258,0.031233888809211,0.0310606537045492,0.0309085248385301,0.0309791404490215,0.0311909559369078,0.0312754696488084,0.0311216670764523,0.0309365329180337,0.0310093378785819,0.031337435796444,0.0316075849398423,0.0315892437471119,0.0314425509816712,0.0315320221111174,0.0319114605855914,0.0321996894652199,0.0322529327681451,0.033085931807982,0.036812143078846,0.0447356258967383,0.0560772804118091,NA,NA,NA,NA,NA,NA,NA,NA,NA,NA,NA,NA,NA,NA,NA,NA,NA,NA,NA,NA,NA,NA,NA,NA,NA,NA,NA,NA,NA,NA,NA,NA,NA,NA,NA,NA,NA,NA,NA,NA,NA,NA,NA,NA,NA,NA,NA,NA,NA,NA,NA,NA,NA,NA,NA,NA,NA,NA,NA,NA,NA,NA,NA,NA,NA,NA,NA,NA,NA,NA,NA,NA,NA,NA,NA,NA,NA,NA,NA,NA,NA,NA,NA,NA,NA,NA,NA,NA,NA,NA,NA,NA,NA,NA,NA,NA,NA,NA,NA,NA,NA,NA,NA,NA,NA,NA,NA,NA,NA,NA,NA,NA,NA,NA,NA,NA,NA,NA,NA,NA,NA,NA,NA,NA,NA,NA,NA,NA,NA,NA,NA,NA,NA,NA,NA,NA,NA,NA,NA,NA,NA,NA,NA,NA,NA,NA,NA,NA,NA,NA,NA,NA,NA,NA,NA,NA,NA,NA,NA,NA,NA,NA,NA,NA,NA,NA,NA,NA,NA,NA,NA,NA,NA,NA,NA,NA,NA,NA,NA,NA,NA,NA,NA,NA,NA,NA,NA,NA,NA,NA,NA,NA,NA,NA,NA,NA,NA,NA,NA,NA,NA,NA,NA
0.0583494114787543,0.0453329141183914,0.0367367793567256,0.0335962793955232,0.033740960512611,0.0341460373051977,0.0336800826210196,0.0328862854822886,0.0326129212167808,0.0329189835857893,0.0331765256243916,0.0329558913685139,0.0324842642422823,0.0322991030856936,0.0325727456503599,0.0329258374827911,0.0329284064114995,0.0325983575674498,0.0323477799461875,0.0324769892711467,0.0328113309062081,0.032937161277693,0.0327074389115386,0.0324062998045093,0.03240629980451,0.0327074389115375,0.032937161277691,0.0328113309062078,0.0324769892711476,0.0323477799461877,0.0325983575674519,0.0329284064115027,0.032925837482788,0.0325727456503561,0.0322991030856949,0.0324842642422816,0.032955891368513,0.0331765256243963,0.0329189835857935,0.0326129212167782,0.0328862854822859,0.0336800826210225,0.0341460373051959,0.0337409605126004,0.0335962793955184,0.0367367793567276,0.045332914118388,0.0583494114787573,NA,NA,NA,NA,NA,NA,NA,NA,NA,NA,NA,NA,NA,NA,NA,NA,NA,NA,NA,NA,NA,NA,NA,NA,NA,NA,NA,NA,NA,NA,NA,NA,NA,NA,NA,NA,NA,NA,NA,NA,NA,NA,NA,NA,NA,NA,NA,NA,NA,NA,NA,NA,NA,NA,NA,NA,NA,NA,NA,NA,NA,NA,NA,NA,NA,NA,NA,NA,NA,NA,NA,NA,NA,NA,NA,NA,NA,NA,NA,NA,NA,NA,NA,NA,NA,NA,NA,NA,NA,NA,NA,NA,NA,NA,NA,NA,NA,NA,NA,NA,NA,NA,NA,NA,NA,NA,NA,NA,NA,NA,NA,NA,NA,NA,NA,NA,NA,NA,NA,NA,NA,NA,NA,NA,NA,NA,NA,NA,NA,NA,NA,NA,NA,NA,NA,NA,NA,NA,NA,NA,NA,NA,NA,NA,NA,NA,NA,NA,NA,NA,NA,NA,NA,NA,NA,NA,NA,NA,NA,NA,NA,NA,NA,NA,NA,NA,NA,NA,NA,NA,NA,NA,NA,NA,NA,NA,NA,NA,NA,NA,NA,NA,NA,NA,NA,NA,NA,NA,NA,NA,NA,NA,NA,NA,NA,NA,NA,NA,NA,NA,NA,NA
0.0564917986591118,0.0453503115606465,0.0373680856774905,0.0333860489700325,0.032385838566899,0.0323665710996028,0.0321601208854432,0.0317475860541446,0.0315352559473311,0.031634806533855,0.0317541618803356,0.0316123634735249,0.0312722748422056,0.0310436534498474,0.0311120996003959,0.0313305886979409,0.0314125129687486,0.0312619156735732,0.0310611277028009,0.0310452471592275,0.0312243974073258,0.0313805832067997,0.0313315013402494,0.0311384467501112,0.031031489569645,0.0311384467501136,0.0313315013402485,0.0313805832067937,0.0312243974073196,0.0310452471592269,0.0310611277028002,0.0312619156735685,0.0314125129687468,0.031330588697948,0.0311120996004046,0.0310436534498486,0.031272274842208,0.0316123634735342,0.0317541618803388,0.0316348065338447,0.0315352559473214,0.0317475860541438,0.032160120885441,0.0323665710995964,0.0323858385668946,0.0333860489700364,0.037368085677494,0.045350311560647,0.0564917986591168,NA,NA,NA,NA,NA,NA,NA,NA,NA,NA,NA,NA,NA,NA,NA,NA,NA,NA,NA,NA,NA,NA,NA,NA,NA,NA,NA,NA,NA,NA,NA,NA,NA,NA,NA,NA,NA,NA,NA,NA,NA,NA,NA,NA,NA,NA,NA,NA,NA,NA,NA,NA,NA,NA,NA,NA,NA,NA,NA,NA,NA,NA,NA,NA,NA,NA,NA,NA,NA,NA,NA,NA,NA,NA,NA,NA,NA,NA,NA,NA,NA,NA,NA,NA,NA,NA,NA,NA,NA,NA,NA,NA,NA,NA,NA,NA,NA,NA,NA,NA,NA,NA,NA,NA,NA,NA,NA,NA,NA,NA,NA,NA,NA,NA,NA,NA,NA,NA,NA,NA,NA,NA,NA,NA,NA,NA,NA,NA,NA,NA,NA,NA,NA,NA,NA,NA,NA,NA,NA,NA,NA,NA,NA,NA,NA,NA,NA,NA,NA,NA,NA,NA,NA,NA,NA,NA,NA,NA,NA,NA,NA,NA,NA,NA,NA,NA,NA,NA,NA,NA,NA,NA,NA,NA,NA,NA,NA,NA,NA,NA,NA,NA,NA,NA,NA,NA,NA,NA,NA,NA,NA,NA,NA,NA,NA,NA,NA,NA,NA,NA,NA
0.0598221986589563,0.0459888591993776,0.0369336253942683,0.0339616997905932,0.0346321448619977,0.0354084453413292,0.0349076720650799,0.0337437248832299,0.03312980883846,0.0334702974335304,0.034075667936688,0.0341468871979292,0.0336204043589122,0.033108206523907,0.0331690413177462,0.0336765720374886,0.034024286982009,0.0338396838817889,0.0333542795260519,0.0331239157310472,0.0333987963723909,0.0338446316911384,0.0339539929600076,0.0336122247415166,0.0332094853787345,0.0332094853787243,0.0336122247415149,0.0339539929600373,0.0338446316911721,0.0333987963724013,0.0331239157310446,0.0333542795260605,0.0338396838818032,0.0340242869820064,0.0336765720374654,0.0331690413177274,0.0331082065239053,0.0336204043589001,0.0341468871978994,0.0340756679366707,0.0334702974335475,0.0331298088384881,0.0337437248832356,0.0349076720650842,0.03540844534136,0.0346321448620315,0.0339616997905934,0.0369336253942581,0.0459888591993812,0.0598221986589316,NA,NA,NA,NA,NA,NA,NA,NA,NA,NA,NA,NA,NA,NA,NA,NA,NA,NA,NA,NA,NA,NA,NA,NA,NA,NA,NA,NA,NA,NA,NA,NA,NA,NA,NA,NA,NA,NA,NA,NA,NA,NA,NA,NA,NA,NA,NA,NA,NA,NA,NA,NA,NA,NA,NA,NA,NA,NA,NA,NA,NA,NA,NA,NA,NA,NA,NA,NA,NA,NA,NA,NA,NA,NA,NA,NA,NA,NA,NA,NA,NA,NA,NA,NA,NA,NA,NA,NA,NA,NA,NA,NA,NA,NA,NA,NA,NA,NA,NA,NA,NA,NA,NA,NA,NA,NA,NA,NA,NA,NA,NA,NA,NA,NA,NA,NA,NA,NA,NA,NA,NA,NA,NA,NA,NA,NA,NA,NA,NA,NA,NA,NA,NA,NA,NA,NA,NA,NA,NA,NA,NA,NA,NA,NA,NA,NA,NA,NA,NA,NA,NA,NA,NA,NA,NA,NA,NA,NA,NA,NA,NA,NA,NA,NA,NA,NA,NA,NA,NA,NA,NA,NA,NA,NA,NA,NA,NA,NA,NA,NA,NA,NA,NA,NA,NA,NA,NA,NA,NA,NA,NA,NA,NA,NA,NA,NA,NA,NA,NA,NA
0.0609296786086495,0.046069786756438,0.0366259666630772,0.0341575641719901,0.0355597435034722,0.0366440787550913,0.0359369970964348,0.0343076035675882,0.0334070272581723,0.0339014140533451,0.0349079480569243,0.0352467012162018,0.0346459454572757,0.0338236046018017,0.0336739774353491,0.0342910710937394,0.0349342124378546,0.0349196760476833,0.0343010042047894,0.0337648727747999,0.033893743361383,0.0345158921492725,0.0349335657052604,0.0347056276653221,0.0340854952262168,0.0337551154711197,0.0340854952262005,0.0347056276653344,0.0349335657053033,0.0345158921493088,0.0338937433613886,0.0337648727748001,0.0343010042048126,0.0349196760477024,0.0349342124378311,0.0342910710936884,0.0336739774353275,0.0338236046018013,0.0346459454572438,0.0352467012161587,0.0349079480569288,0.0339014140533951,0.0334070272582061,0.0343076035675892,0.0359369970964487,0.0366440787551257,0.0355597435034954,0.0341575641719781,0.0366259666630655,0.0460697867564404,0.0609296786086199,NA,NA,NA,NA,NA,NA,NA,NA,NA,NA,NA,NA,NA,NA,NA,NA,NA,NA,NA,NA,NA,NA,NA,NA,NA,NA,NA,NA,NA,NA,NA,NA,NA,NA,NA,NA,NA,NA,NA,NA,NA,NA,NA,NA,NA,NA,NA,NA,NA,NA,NA,NA,NA,NA,NA,NA,NA,NA,NA,NA,NA,NA,NA,NA,NA,NA,NA,NA,NA,NA,NA,NA,NA,NA,NA,NA,NA,NA,NA,NA,NA,NA,NA,NA,NA,NA,NA,NA,NA,NA,NA,NA,NA,NA,NA,NA,NA,NA,NA,NA,NA,NA,NA,NA,NA,NA,NA,NA,NA,NA,NA,NA,NA,NA,NA,NA,NA,NA,NA,NA,NA,NA,NA,NA,NA,NA,NA,NA,NA,NA,NA,NA,NA,NA,NA,NA,NA,NA,NA,NA,NA,NA,NA,NA,NA,NA,NA,NA,NA,NA,NA,NA,NA,NA,NA,NA,NA,NA,NA,NA,NA,NA,NA,NA,NA,NA,NA,NA,NA,NA,NA,NA,NA,NA,NA,NA,NA,NA,NA,NA,NA,NA,NA,NA,NA,NA,NA,NA,NA,NA,NA,NA,NA,NA,NA,NA,NA,NA,NA
0.0591801202082717,0.0455613464854635,0.0364654375857648,0.0333365367075883,0.0340483616651236,0.0350667041058553,0.0347646606894293,0.0335286149803102,0.0326022783118911,0.0327230562386965,0.0334519908556371,0.0338618700638722,0.0335411680088875,0.0328731236114877,0.0325690147916283,0.032910067807674,0.0334778003479151,0.0336662980007617,0.0333062806891134,0.0327933640315899,0.0326712092275321,0.0330530478507179,0.0335134508889998,0.0335691851546157,0.0331705353699669,0.0327399027106686,0.0327399027106592,0.0331705353699604,0.0335691851546329,0.0335134508890289,0.033053047850736,0.032671209227532,0.0327933640315942,0.0333062806891338,0.0336662980007739,0.0334778003478949,0.0329100678076431,0.0325690147916202,0.0328731236114857,0.0335411680088635,0.0338618700638416,0.0334519908556372,0.0327230562387274,0.0326022783119135,0.0335286149803071,0.0347646606894378,0.0350667041058884,0.0340483616651441,0.0333365367075765,0.0364654375857563,0.0455613464854678,0.0591801202082514,NA,NA,NA,NA,NA,NA,NA,NA,NA,NA,NA,NA,NA,NA,NA,NA,NA,NA,NA,NA,NA,NA,NA,NA,NA,NA,NA,NA,NA,NA,NA,NA,NA,NA,NA,NA,NA,NA,NA,NA,NA,NA,NA,NA,NA,NA,NA,NA,NA,NA,NA,NA,NA,NA,NA,NA,NA,NA,NA,NA,NA,NA,NA,NA,NA,NA,NA,NA,NA,NA,NA,NA,NA,NA,NA,NA,NA,NA,NA,NA,NA,NA,NA,NA,NA,NA,NA,NA,NA,NA,NA,NA,NA,NA,NA,NA,NA,NA,NA,NA,NA,NA,NA,NA,NA,NA,NA,NA,NA,NA,NA,NA,NA,NA,NA,NA,NA,NA,NA,NA,NA,NA,NA,NA,NA,NA,NA,NA,NA,NA,NA,NA,NA,NA,NA,NA,NA,NA,NA,NA,NA,NA,NA,NA,NA,NA,NA,NA,NA,NA,NA,NA,NA,NA,NA,NA,NA,NA,NA,NA,NA,NA,NA,NA,NA,NA,NA,NA,NA,NA,NA,NA,NA,NA,NA,NA,NA,NA,NA,NA,NA,NA,NA,NA,NA,NA,NA,NA,NA,NA,NA,NA,NA,NA,NA,NA,NA,NA
0.0539160208179803,0.0443953711904379,0.037096997494087,0.0327309074029505,0.030970400885504,0.030573710165076,0.0304350639246095,0.0301685061741283,0.0299093141557416,0.0298519608583396,0.0299568279723317,0.0300074541107777,0.0298578730397161,0.0295781211780082,0.0293747203850758,0.029380487882736,0.0295266918022724,0.0296262512795383,0.0295651329951222,0.0294042265328758,0.0293064362327595,0.0293668696904993,0.029516972795699,0.0296005106467747,0.0295340701620062,0.0293879034305964,0.0293134015536799,0.0293879034305993,0.0295340701620049,0.0296005106467665,0.0295169727956906,0.0293668696904975,0.0293064362327607,0.0294042265328719,0.0295651329951175,0.0296262512795427,0.0295266918022843,0.0293804878827428,0.0293747203850752,0.0295781211780112,0.0298578730397243,0.0300074541107791,0.0299568279723217,0.02985196085833,0.0299093141557401,0.0301685061741278,0.0304350639246038,0.0305737101650707,0.0309704008855041,0.032730907402953,0.0370969974940874,0.0443953711904373,0.0539160208179828,NA,NA,NA,NA,NA,NA,NA,NA,NA,NA,NA,NA,NA,NA,NA,NA,NA,NA,NA,NA,NA,NA,NA,NA,NA,NA,NA,NA,NA,NA,NA,NA,NA,NA,NA,NA,NA,NA,NA,NA,NA,NA,NA,NA,NA,NA,NA,NA,NA,NA,NA,NA,NA,NA,NA,NA,NA,NA,NA,NA,NA,NA,NA,NA,NA,NA,NA,NA,NA,NA,NA,NA,NA,NA,NA,NA,NA,NA,NA,NA,NA,NA,NA,NA,NA,NA,NA,NA,NA,NA,NA,NA,NA,NA,NA,NA,NA,NA,NA,NA,NA,NA,NA,NA,NA,NA,NA,NA,NA,NA,NA,NA,NA,NA,NA,NA,NA,NA,NA,NA,NA,NA,NA,NA,NA,NA,NA,NA,NA,NA,NA,NA,NA,NA,NA,NA,NA,NA,NA,NA,NA,NA,NA,NA,NA,NA,NA,NA,NA,NA,NA,NA,NA,NA,NA,NA,NA,NA,NA,NA,NA,NA,NA,NA,NA,NA,NA,NA,NA,NA,NA,NA,NA,NA,NA,NA,NA,NA,NA,NA,NA,NA,NA,NA,NA,NA,NA,NA,NA,NA,NA,NA,NA,NA,NA,NA,NA
0.0570351968695783,0.0462778967567537,0.0382117792719241,0.0337630328380584,0.032427213703424,0.0324875129282894,0.0325341854504479,0.0321722964882808,0.0317074535518008,0.0315281718968601,0.0316670714156363,0.0318293884569629,0.0317444937160658,0.0314271801364665,0.0311363105647002,0.0311076764088108,0.0313209126562268,0.0315351225530932,0.0315362665331362,0.0313325960225829,0.0311309143440831,0.0311291837213851,0.0313210496317021,0.0315099275080428,0.031510217882453,0.0313250153022682,0.0311394277009618,0.0311394277009722,0.0313250153022731,0.0315102178824267,0.0315099275080007,0.0313210496316784,0.0311291837213885,0.0311309143440801,0.0313325960225595,0.0315362665331293,0.0315351225531332,0.0313209126562797,0.0311076764088257,0.0311363105646968,0.031427180136491,0.0317444937160957,0.0318293884569458,0.0316670714155824,0.0315281718968251,0.0317074535517978,0.0321722964882745,0.0325341854504233,0.0324875129282693,0.0324272137034293,0.0337630328380734,0.0382117792719288,0.0462778967567541,0.0570351968695945,NA,NA,NA,NA,NA,NA,NA,NA,NA,NA,NA,NA,NA,NA,NA,NA,NA,NA,NA,NA,NA,NA,NA,NA,NA,NA,NA,NA,NA,NA,NA,NA,NA,NA,NA,NA,NA,NA,NA,NA,NA,NA,NA,NA,NA,NA,NA,NA,NA,NA,NA,NA,NA,NA,NA,NA,NA,NA,NA,NA,NA,NA,NA,NA,NA,NA,NA,NA,NA,NA,NA,NA,NA,NA,NA,NA,NA,NA,NA,NA,NA,NA,NA,NA,NA,NA,NA,NA,NA,NA,NA,NA,NA,NA,NA,NA,NA,NA,NA,NA,NA,NA,NA,NA,NA,NA,NA,NA,NA,NA,NA,NA,NA,NA,NA,NA,NA,NA,NA,NA,NA,NA,NA,NA,NA,NA,NA,NA,NA,NA,NA,NA,NA,NA,NA,NA,NA,NA,NA,NA,NA,NA,NA,NA,NA,NA,NA,NA,NA,NA,NA,NA,NA,NA,NA,NA,NA,NA,NA,NA,NA,NA,NA,NA,NA,NA,NA,NA,NA,NA,NA,NA,NA,NA,NA,NA,NA,NA,NA,NA,NA,NA,NA,NA,NA,NA,NA,NA,NA,NA,NA,NA,NA,NA,NA,NA
0.0594599734740687,0.0473190352749442,0.0384832954886786,0.0341833604648407,0.0335846746304587,0.0342657527259339,0.0344682182208567,0.0338601504429769,0.033031556773129,0.0326747793893003,0.0329229207666924,0.0333296972195026,0.0334020469195668,0.0330489328987602,0.0326006924284959,0.0324673982166998,0.0327403497761303,0.0331242046888152,0.0332501105460722,0.0330157270089479,0.0326562188455972,0.0325167817902243,0.032722135751347,0.0330619436505454,0.033208973495608,0.0330289274617974,0.0326963332118336,0.0325320594992698,0.0326963332118865,0.0330289274617532,0.0332089734954497,0.0330619436503909,0.0327221357513126,0.0325167817902544,0.0326562188455434,0.0330157270088604,0.0332501105461514,0.0331242046890567,0.0327403497762935,0.0324673982166887,0.0326006924284983,0.0330489328988725,0.033402046919625,0.0333296972193808,0.0329229207664894,0.0326747793891915,0.0330315567731271,0.0338601504429419,0.0344682182207387,0.0342657527258582,0.033584674630521,0.0341833604649346,0.0384832954886946,0.0473190352749501,0.0594599734741226,NA,NA,NA,NA,NA,NA,NA,NA,NA,NA,NA,NA,NA,NA,NA,NA,NA,NA,NA,NA,NA,NA,NA,NA,NA,NA,NA,NA,NA,NA,NA,NA,NA,NA,NA,NA,NA,NA,NA,NA,NA,NA,NA,NA,NA,NA,NA,NA,NA,NA,NA,NA,NA,NA,NA,NA,NA,NA,NA,NA,NA,NA,NA,NA,NA,NA,NA,NA,NA,NA,NA,NA,NA,NA,NA,NA,NA,NA,NA,NA,NA,NA,NA,NA,NA,NA,NA,NA,NA,NA,NA,NA,NA,NA,NA,NA,NA,NA,NA,NA,NA,NA,NA,NA,NA,NA,NA,NA,NA,NA,NA,NA,NA,NA,NA,NA,NA,NA,NA,NA,NA,NA,NA,NA,NA,NA,NA,NA,NA,NA,NA,NA,NA,NA,NA,NA,NA,NA,NA,NA,NA,NA,NA,NA,NA,NA,NA,NA,NA,NA,NA,NA,NA,NA,NA,NA,NA,NA,NA,NA,NA,NA,NA,NA,NA,NA,NA,NA,NA,NA,NA,NA,NA,NA,NA,NA,NA,NA,NA,NA,NA,NA,NA,NA,NA,NA,NA,NA,NA,NA,NA,NA,NA,NA,NA
0.0577664402230004,0.0468239931912099,0.0385594349312764,0.0339750650394061,0.0326611064116711,0.0328732307252255,0.0330706182799022,0.0327375487903837,0.0321527245210751,0.0318049133446163,0.0318777501140552,0.0321328216155439,0.0322104873015204,0.0319759638777326,0.0316086407260004,0.0314140245448042,0.0315339360377223,0.0318218296053005,0.0319980917431398,0.0319084115629231,0.0316465646685402,0.0314586467185011,0.0315151596163055,0.0317541977417035,0.031948562671995,0.0319210253009036,0.0317004419830239,0.0314926461973065,0.031492646197303,0.0317004419830183,0.0319210253009045,0.0319485626720077,0.0317541977417208,0.0315151596163139,0.0314586467185011,0.0316465646685494,0.0319084115629416,0.0319980917431464,0.0318218296052859,0.0315339360377031,0.0314140245447982,0.0316086407260002,0.0319759638777194,0.0322104873014966,0.0321328216155334,0.0318777501140694,0.0318049133446349,0.0321527245210772,0.0327375487903826,0.0330706182799143,0.0328732307252456,0.0326611064116752,0.0339750650393977,0.0385594349312751,0.0468239931912143,0.0577664402229947,NA,NA,NA,NA,NA,NA,NA,NA,NA,NA,NA,NA,NA,NA,NA,NA,NA,NA,NA,NA,NA,NA,NA,NA,NA,NA,NA,NA,NA,NA,NA,NA,NA,NA,NA,NA,NA,NA,NA,NA,NA,NA,NA,NA,NA,NA,NA,NA,NA,NA,NA,NA,NA,NA,NA,NA,NA,NA,NA,NA,NA,NA,NA,NA,NA,NA,NA,NA,NA,NA,NA,NA,NA,NA,NA,NA,NA,NA,NA,NA,NA,NA,NA,NA,NA,NA,NA,NA,NA,NA,NA,NA,NA,NA,NA,NA,NA,NA,NA,NA,NA,NA,NA,NA,NA,NA,NA,NA,NA,NA,NA,NA,NA,NA,NA,NA,NA,NA,NA,NA,NA,NA,NA,NA,NA,NA,NA,NA,NA,NA,NA,NA,NA,NA,NA,NA,NA,NA,NA,NA,NA,NA,NA,NA,NA,NA,NA,NA,NA,NA,NA,NA,NA,NA,NA,NA,NA,NA,NA,NA,NA,NA,NA,NA,NA,NA,NA,NA,NA,NA,NA,NA,NA,NA,NA,NA,NA,NA,NA,NA,NA,NA,NA,NA,NA,NA,NA,NA,NA,NA,NA,NA,NA,NA
0.0560817067098725,0.0465179101880748,0.0389890969915167,0.0342327097891445,0.0321449280039808,0.0316697027270966,0.0316349717174672,0.0314507069929371,0.0311184824987156,0.0308841676570593,0.0308841154609586,0.0310123944222095,0.0310518900200853,0.0308877003653014,0.0306014451819791,0.0303892839877867,0.030384741166931,0.0305431690192474,0.0306923767995666,0.0306901957378086,0.0305406845514769,0.0303797266218726,0.0303500247951949,0.0304728324737902,0.0306326942432288,0.0306858399257231,0.0305871046354013,0.0304267156012069,0.0303499887031553,0.0304267156012029,0.0305871046354008,0.0306858399257314,0.0306326942432407,0.0304728324737973,0.0303500247951955,0.0303797266218735,0.0305406845514831,0.0306901957378141,0.030692376799565,0.0305431690192403,0.0303847411669241,0.0303892839877847,0.0306014451819793,0.0308877003652954,0.0310518900200736,0.0310123944222038,0.0308841154609649,0.0308841676570685,0.0311184824987167,0.0314507069929357,0.0316349717174727,0.0316697027271043,0.0321449280039822,0.0342327097891398,0.0389890969915148,0.046517910188076,0.0560817067098687,NA,NA,NA,NA,NA,NA,NA,NA,NA,NA,NA,NA,NA,NA,NA,NA,NA,NA,NA,NA,NA,NA,NA,NA,NA,NA,NA,NA,NA,NA,NA,NA,NA,NA,NA,NA,NA,NA,NA,NA,NA,NA,NA,NA,NA,NA,NA,NA,NA,NA,NA,NA,NA,NA,NA,NA,NA,NA,NA,NA,NA,NA,NA,NA,NA,NA,NA,NA,NA,NA,NA,NA,NA,NA,NA,NA,NA,NA,NA,NA,NA,NA,NA,NA,NA,NA,NA,NA,NA,NA,NA,NA,NA,NA,NA,NA,NA,NA,NA,NA,NA,NA,NA,NA,NA,NA,NA,NA,NA,NA,NA,NA,NA,NA,NA,NA,NA,NA,NA,NA,NA,NA,NA,NA,NA,NA,NA,NA,NA,NA,NA,NA,NA,NA,NA,NA,NA,NA,NA,NA,NA,NA,NA,NA,NA,NA,NA,NA,NA,NA,NA,NA,NA,NA,NA,NA,NA,NA,NA,NA,NA,NA,NA,NA,NA,NA,NA,NA,NA,NA,NA,NA,NA,NA,NA,NA,NA,NA,NA,NA,NA,NA,NA,NA,NA,NA,NA,NA,NA,NA,NA,NA,NA
0.0560728098811991,0.0463975386531922,0.0387839003533684,0.0340094361624085,0.031990426009725,0.0316313421738246,0.0316937541110472,0.0315417745107208,0.0311707530633325,0.0308633631157949,0.0308143519409089,0.0309533256150012,0.0310487107586457,0.0309366723380334,0.0306553129692744,0.0303977600048436,0.0303396963614703,0.030487591112366,0.0306824690147964,0.0307458676730967,0.0306268270843202,0.0304333556432235,0.0303341356282803,0.0304114104004311,0.0305915907280353,0.0307153709933442,0.030677339569638,0.0305127569152535,0.0303658812542218,0.0303658812542223,0.0305127569152532,0.0306773395696364,0.0307153709933426,0.0305915907280347,0.0304114104004312,0.0303341356282805,0.0304333556432234,0.0306268270843195,0.0307458676730965,0.0306824690147969,0.0304875911123655,0.0303396963614699,0.0303977600048424,0.0306553129692728,0.0309366723380292,0.0310487107586418,0.0309533256150023,0.0308143519409141,0.0308633631157993,0.0311707530633344,0.0315417745107247,0.0316937541110558,0.0316313421738341,0.0319904260097289,0.0340094361624069,0.0387839003533665,0.04639753865319,0.0560728098811904,NA,NA,NA,NA,NA,NA,NA,NA,NA,NA,NA,NA,NA,NA,NA,NA,NA,NA,NA,NA,NA,NA,NA,NA,NA,NA,NA,NA,NA,NA,NA,NA,NA,NA,NA,NA,NA,NA,NA,NA,NA,NA,NA,NA,NA,NA,NA,NA,NA,NA,NA,NA,NA,NA,NA,NA,NA,NA,NA,NA,NA,NA,NA,NA,NA,NA,NA,NA,NA,NA,NA,NA,NA,NA,NA,NA,NA,NA,NA,NA,NA,NA,NA,NA,NA,NA,NA,NA,NA,NA,NA,NA,NA,NA,NA,NA,NA,NA,NA,NA,NA,NA,NA,NA,NA,NA,NA,NA,NA,NA,NA,NA,NA,NA,NA,NA,NA,NA,NA,NA,NA,NA,NA,NA,NA,NA,NA,NA,NA,NA,NA,NA,NA,NA,NA,NA,NA,NA,NA,NA,NA,NA,NA,NA,NA,NA,NA,NA,NA,NA,NA,NA,NA,NA,NA,NA,NA,NA,NA,NA,NA,NA,NA,NA,NA,NA,NA,NA,NA,NA,NA,NA,NA,NA,NA,NA,NA,NA,NA,NA,NA,NA,NA,NA,NA,NA,NA,NA,NA,NA,NA,NA
0.0556754403112761,0.0460696075248315,0.0384845702043084,0.0337056794282886,0.0316881506358684,0.0313651726058285,0.0314843124445979,0.0313713777896229,0.0309920139345809,0.0306336370991653,0.030532250454313,0.0306619081663371,0.030799001521819,0.030745228886266,0.0304901984918245,0.0302034834985588,0.030084552723947,0.0301934032469249,0.0304066904146788,0.0305321813398421,0.0304676361920244,0.0302736943212847,0.030116078852463,0.0301253861116097,0.0302876269987861,0.0304611966040813,0.0305005788147974,0.0303753661392329,0.0301923342090859,0.0301070181038599,0.0301923342090796,0.0303753661392316,0.0305005788148081,0.0304611966040986,0.0302876269987977,0.0301253861116115,0.0301160788524628,0.0302736943212915,0.0304676361920375,0.030532181339851,0.0304066904146753,0.0301934032469141,0.0300845527239396,0.0302034834985593,0.0304901984918262,0.0307452288862591,0.0307990015218046,0.0306619081663245,0.03053225045431,0.0306336370991673,0.0309920139345799,0.031371377789616,0.0314843124445902,0.0313651726058273,0.0316881506358725,0.0337056794282922,0.0384845702043081,0.0460696075248334,0.0556754403112837,NA,NA,NA,NA,NA,NA,NA,NA,NA,NA,NA,NA,NA,NA,NA,NA,NA,NA,NA,NA,NA,NA,NA,NA,NA,NA,NA,NA,NA,NA,NA,NA,NA,NA,NA,NA,NA,NA,NA,NA,NA,NA,NA,NA,NA,NA,NA,NA,NA,NA,NA,NA,NA,NA,NA,NA,NA,NA,NA,NA,NA,NA,NA,NA,NA,NA,NA,NA,NA,NA,NA,NA,NA,NA,NA,NA,NA,NA,NA,NA,NA,NA,NA,NA,NA,NA,NA,NA,NA,NA,NA,NA,NA,NA,NA,NA,NA,NA,NA,NA,NA,NA,NA,NA,NA,NA,NA,NA,NA,NA,NA,NA,NA,NA,NA,NA,NA,NA,NA,NA,NA,NA,NA,NA,NA,NA,NA,NA,NA,NA,NA,NA,NA,NA,NA,NA,NA,NA,NA,NA,NA,NA,NA,NA,NA,NA,NA,NA,NA,NA,NA,NA,NA,NA,NA,NA,NA,NA,NA,NA,NA,NA,NA,NA,NA,NA,NA,NA,NA,NA,NA,NA,NA,NA,NA,NA,NA,NA,NA,NA,NA,NA,NA,NA,NA,NA,NA,NA,NA,NA,NA
0.0551499507722406,0.0456831926447141,0.0381711474891147,0.033392328441059,0.0313456470428959,0.0310211006644719,0.0311769186891128,0.0311066054560638,0.0307367661470161,0.0303426161886426,0.0301885730712024,0.0302948256393724,0.0304594058862745,0.0304625913522515,0.0302475299047235,0.0299488934478942,0.0297732340393106,0.0298274836398134,0.0300352366691347,0.0302101577358399,0.0302104067585577,0.0300429004337521,0.0298484355002401,0.0297854153427745,0.0299004557857503,0.0300933669855249,0.030205021935449,0.0301468816733574,0.0299683295298208,0.0298161715435875,0.029816171546301,0.0299683295331908,0.0301468816693683,0.0302050219238733,0.0300933669745321,0.0299004557818214,0.02978541534347,0.0298484354985084,0.0300429004272785,0.0302104067518145,0.0302101577345651,0.0300352366745772,0.0298274836467085,0.0297732340419749,0.0299488934473451,0.0302475299063838,0.0304625913584886,0.0304594058941312,0.0302948256440872,0.0301885730715535,0.0303426161876411,0.0307367661474828,0.0311066054579604,0.0311769186912758,0.0310211006651156,0.0313456470409784,0.0333923284386872,0.0381711474888149,0.0456831926447746,0.0551499507684887,NA,NA,NA,NA,NA,NA,NA,NA,NA,NA,NA,NA,NA,NA,NA,NA,NA,NA,NA,NA,NA,NA,NA,NA,NA,NA,NA,NA,NA,NA,NA,NA,NA,NA,NA,NA,NA,NA,NA,NA,NA,NA,NA,NA,NA,NA,NA,NA,NA,NA,NA,NA,NA,NA,NA,NA,NA,NA,NA,NA,NA,NA,NA,NA,NA,NA,NA,NA,NA,NA,NA,NA,NA,NA,NA,NA,NA,NA,NA,NA,NA,NA,NA,NA,NA,NA,NA,NA,NA,NA,NA,NA,NA,NA,NA,NA,NA,NA,NA,NA,NA,NA,NA,NA,NA,NA,NA,NA,NA,NA,NA,NA,NA,NA,NA,NA,NA,NA,NA,NA,NA,NA,NA,NA,NA,NA,NA,NA,NA,NA,NA,NA,NA,NA,NA,NA,NA,NA,NA,NA,NA,NA,NA,NA,NA,NA,NA,NA,NA,NA,NA,NA,NA,NA,NA,NA,NA,NA,NA,NA,NA,NA,NA,NA,NA,NA,NA,NA,NA,NA,NA,NA,NA,NA,NA,NA,NA,NA,NA,NA,NA,NA,NA,NA,NA,NA,NA,NA,NA,NA
0.0545247566272407,0.0452489900593025,0.0378449102499751,0.0330727065002188,0.0309753937363083,0.0306189648028079,0.0307926790712696,0.0307653120720499,0.0304195670072857,0.0300053738089769,0.0298024448235501,0.0298745424451302,0.0300513381859289,0.030105037340778,0.0299384686586028,0.0296451913649615,0.0294235856014004,0.0294159074843835,0.0295966409604079,0.029802227961938,0.0298670731953608,0.0297466256349906,0.0295417021475694,0.0294157512828833,0.0294654213968556,0.0296451086044968,0.0298086341634468,0.0298279510394222,0.0296903336532352,0.029505782223218,0.0294217380968811,0.0295057822275069,0.0296903336542043,0.0298279510316508,0.0298086341508391,0.0296451085956662,0.029465421395219,0.0294157512834059,0.0295417021436768,0.0297466256268125,0.0298670731892849,0.0298022279632216,0.0295966409673946,0.0294159074905475,0.0294235856027816,0.0296451913643856,0.0299384686613735,0.0301050373481124,0.0300513381939811,0.0298745424494227,0.0298024448236314,0.0300053738080564,0.0304195670081946,0.0307653120747516,0.0307926790735248,0.0306189648023892,0.0309753937334356,0.0330727064977792,0.0378449102497722,0.0452489900591935,0.0545247566235369,NA,NA,NA,NA,NA,NA,NA,NA,NA,NA,NA,NA,NA,NA,NA,NA,NA,NA,NA,NA,NA,NA,NA,NA,NA,NA,NA,NA,NA,NA,NA,NA,NA,NA,NA,NA,NA,NA,NA,NA,NA,NA,NA,NA,NA,NA,NA,NA,NA,NA,NA,NA,NA,NA,NA,NA,NA,NA,NA,NA,NA,NA,NA,NA,NA,NA,NA,NA,NA,NA,NA,NA,NA,NA,NA,NA,NA,NA,NA,NA,NA,NA,NA,NA,NA,NA,NA,NA,NA,NA,NA,NA,NA,NA,NA,NA,NA,NA,NA,NA,NA,NA,NA,NA,NA,NA,NA,NA,NA,NA,NA,NA,NA,NA,NA,NA,NA,NA,NA,NA,NA,NA,NA,NA,NA,NA,NA,NA,NA,NA,NA,NA,NA,NA,NA,NA,NA,NA,NA,NA,NA,NA,NA,NA,NA,NA,NA,NA,NA,NA,NA,NA,NA,NA,NA,NA,NA,NA,NA,NA,NA,NA,NA,NA,NA,NA,NA,NA,NA,NA,NA,NA,NA,NA,NA,NA,NA,NA,NA,NA,NA,NA,NA,NA,NA,NA,NA,NA,NA
0.0539425508542273,0.0448415420277723,0.0375368929881423,0.0327717542860248,0.030628074965112,0.0302415892802452,0.0304321367366301,0.0304472439573831,0.0301285068907803,0.0296992040424319,0.0294490982518822,0.0294819633596117,0.0296620010681843,0.0297606595360323,0.0296462983432596,0.0293705138265174,0.0291145834908372,0.0290452790524129,0.0291858748295734,0.0294053515267797,0.0295281525712465,0.0294654425073025,0.0292720050710526,0.0290990516191374,0.0290780605059964,0.0292198217298505,0.0294099296873358,0.0295017950742095,0.0294275597346727,0.029245812321689,0.0290970691312714,0.0290970691337845,0.0292458123249461,0.0294275597314318,0.0295017950636246,0.029409929676244,0.0292198217248163,0.0290780605062522,0.0290990516184617,0.0292720050657824,0.0294654425007096,0.0295281525692803,0.0294053515310901,0.0291858748362366,0.0290452790563955,0.0291145834911686,0.0293705138267197,0.0296462983467387,0.029760659542303,0.0296620010738981,0.0294819633620576,0.0294490982514276,0.029699204041706,0.030128506891876,0.0304472439597211,0.0304321367379108,0.0302415892790181,0.0306280749623427,0.032771754284181,0.0375368929880485,0.0448415420275353,0.0539425508515545,NA,NA,NA,NA,NA,NA,NA,NA,NA,NA,NA,NA,NA,NA,NA,NA,NA,NA,NA,NA,NA,NA,NA,NA,NA,NA,NA,NA,NA,NA,NA,NA,NA,NA,NA,NA,NA,NA,NA,NA,NA,NA,NA,NA,NA,NA,NA,NA,NA,NA,NA,NA,NA,NA,NA,NA,NA,NA,NA,NA,NA,NA,NA,NA,NA,NA,NA,NA,NA,NA,NA,NA,NA,NA,NA,NA,NA,NA,NA,NA,NA,NA,NA,NA,NA,NA,NA,NA,NA,NA,NA,NA,NA,NA,NA,NA,NA,NA,NA,NA,NA,NA,NA,NA,NA,NA,NA,NA,NA,NA,NA,NA,NA,NA,NA,NA,NA,NA,NA,NA,NA,NA,NA,NA,NA,NA,NA,NA,NA,NA,NA,NA,NA,NA,NA,NA,NA,NA,NA,NA,NA,NA,NA,NA,NA,NA,NA,NA,NA,NA,NA,NA,NA,NA,NA,NA,NA,NA,NA,NA,NA,NA,NA,NA,NA,NA,NA,NA,NA,NA,NA,NA,NA,NA,NA,NA,NA,NA,NA,NA,NA,NA,NA,NA,NA,NA,NA,NA
0.0540187517411246,0.0448370368483969,0.0374596476052671,0.0326563965111297,0.0305364031689475,0.0302261483697062,0.0305031892603804,0.0305723003986271,0.0302507099915826,0.0297662556325518,0.029444844435166,0.0294385624881383,0.0296370261693754,0.0297962154178716,0.0297414535450656,0.0294829855772958,0.0291900376276832,0.0290575624914806,0.0291583841914623,0.0293935449269039,0.0295773497140971,0.0295771841224604,0.02940139289972,0.0291853264026866,0.0290901844608888,0.0291827625054789,0.0293874034014219,0.0295485222649625,0.0295482267655688,0.0293892123909173,0.029190804718932,0.029102296685444,0.0291908047238892,0.029389212391106,0.0295482267549048,0.0295485222486014,0.02938740339007,0.0291827625036165,0.0290901844623708,0.0291853263986803,0.0294013928910865,0.0295771841195403,0.0295773497217652,0.0293935449384708,0.0291583841984731,0.0290575624927995,0.0291900376280046,0.0294829855804049,0.0297414535495274,0.0297962154202717,0.0296370261698921,0.0294385624885207,0.0294448444353017,0.0297662556323469,0.0302507099924346,0.0305723004005521,0.0305031892618933,0.0302261483692055,0.0305364031665839,0.0326563965093038,0.0374596476051967,0.0448370368481779,0.054018751738285,NA,NA,NA,NA,NA,NA,NA,NA,NA,NA,NA,NA,NA,NA,NA,NA,NA,NA,NA,NA,NA,NA,NA,NA,NA,NA,NA,NA,NA,NA,NA,NA,NA,NA,NA,NA,NA,NA,NA,NA,NA,NA,NA,NA,NA,NA,NA,NA,NA,NA,NA,NA,NA,NA,NA,NA,NA,NA,NA,NA,NA,NA,NA,NA,NA,NA,NA,NA,NA,NA,NA,NA,NA,NA,NA,NA,NA,NA,NA,NA,NA,NA,NA,NA,NA,NA,NA,NA,NA,NA,NA,NA,NA,NA,NA,NA,NA,NA,NA,NA,NA,NA,NA,NA,NA,NA,NA,NA,NA,NA,NA,NA,NA,NA,NA,NA,NA,NA,NA,NA,NA,NA,NA,NA,NA,NA,NA,NA,NA,NA,NA,NA,NA,NA,NA,NA,NA,NA,NA,NA,NA,NA,NA,NA,NA,NA,NA,NA,NA,NA,NA,NA,NA,NA,NA,NA,NA,NA,NA,NA,NA,NA,NA,NA,NA,NA,NA,NA,NA,NA,NA,NA,NA,NA,NA,NA,NA,NA,NA,NA,NA,NA,NA,NA,NA,NA,NA
0.0543441124155847,0.0449038616919362,0.0373394371587531,0.0324865337511916,0.03047432225731,0.0303500902409744,0.0307838677470069,0.0309190761575238,0.0305631813751219,0.0299771231547028,0.0295512843622,0.0295013204281206,0.0297380504632614,0.0299853733653607,0.0300100877562983,0.0297743523763866,0.0294371185625371,0.0292285814520158,0.0292799475794256,0.0295304784597255,0.0297845370576838,0.02986088455625,0.0297143583364487,0.0294574022091678,0.0292774840043619,0.0293021523213204,0.0295064065369786,0.0297364261598404,0.0298264785509618,0.0297149990764642,0.0294839388285782,0.0293013258616502,0.0293013258639985,0.0294839388315434,0.0297149990733581,0.0298264785410739,0.0297364261494058,0.0295064065323882,0.0293021523220689,0.0292774840043722,0.0294574022053653,0.0297143583330894,0.0298608845586372,0.0297845370645493,0.029530478465231,0.0292799475807645,0.0292285814515651,0.0294371185634972,0.0297743523786277,0.0300100877571083,0.0299853733635607,0.0297380504607308,0.0295013204266354,0.0295512843617744,0.0299771231546662,0.0305631813747275,0.0309190761564303,0.030783867745892,0.0303500902406847,0.0304743222578159,0.0324865337517306,0.0373394371587424,0.0449038616918815,0.0543441124169356,NA,NA,NA,NA,NA,NA,NA,NA,NA,NA,NA,NA,NA,NA,NA,NA,NA,NA,NA,NA,NA,NA,NA,NA,NA,NA,NA,NA,NA,NA,NA,NA,NA,NA,NA,NA,NA,NA,NA,NA,NA,NA,NA,NA,NA,NA,NA,NA,NA,NA,NA,NA,NA,NA,NA,NA,NA,NA,NA,NA,NA,NA,NA,NA,NA,NA,NA,NA,NA,NA,NA,NA,NA,NA,NA,NA,NA,NA,NA,NA,NA,NA,NA,NA,NA,NA,NA,NA,NA,NA,NA,NA,NA,NA,NA,NA,NA,NA,NA,NA,NA,NA,NA,NA,NA,NA,NA,NA,NA,NA,NA,NA,NA,NA,NA,NA,NA,NA,NA,NA,NA,NA,NA,NA,NA,NA,NA,NA,NA,NA,NA,NA,NA,NA,NA,NA,NA,NA,NA,NA,NA,NA,NA,NA,NA,NA,NA,NA,NA,NA,NA,NA,NA,NA,NA,NA,NA,NA,NA,NA,NA,NA,NA,NA,NA,NA,NA,NA,NA,NA,NA,NA,NA,NA,NA,NA,NA,NA,NA,NA,NA,NA,NA,NA,NA,NA
0.0579026996410873,0.046947282313816,0.0383477180289309,0.0332672945281233,0.0317990550488912,0.032444786093182,0.0333699257890527,0.0335554727037568,0.0328949380945242,0.0318754012151857,0.0311544230297222,0.031109973879005,0.0316054529269695,0.0321697275179039,0.0323803560490634,0.0321177708208938,0.0315909654173117,0.0311759042763836,0.0311523761033928,0.0315061963634224,0.0319603537257313,0.0321950649775563,0.0320628941492547,0.0316685156342162,0.0312916883211311,0.0311961841562031,0.0314403761152559,0.0318394559101523,0.0321102276277695,0.0320697421416305,0.0317499889362532,0.0313744208012402,0.0312095822801891,0.0313744208012393,0.0317499889362527,0.0320697421416299,0.032110227627769,0.0318394559101523,0.0314403761152549,0.0311961841562027,0.0312916883211307,0.0316685156342165,0.0320628941492555,0.0321950649775575,0.0319603537257328,0.0315061963634247,0.0311523761033944,0.0311759042763845,0.0315909654173123,0.0321177708208933,0.0323803560490626,0.0321697275179012,0.0316054529269677,0.031109973879002,0.0311544230297208,0.0318754012151856,0.0328949380945267,0.0335554727037606,0.0333699257890567,0.0324447860931869,0.031799055048896,0.0332672945281265,0.0383477180289318,0.0469472823138159,0.057902699641083,NA,NA,NA,NA,NA,NA,NA,NA,NA,NA,NA,NA,NA,NA,NA,NA,NA,NA,NA,NA,NA,NA,NA,NA,NA,NA,NA,NA,NA,NA,NA,NA,NA,NA,NA,NA,NA,NA,NA,NA,NA,NA,NA,NA,NA,NA,NA,NA,NA,NA,NA,NA,NA,NA,NA,NA,NA,NA,NA,NA,NA,NA,NA,NA,NA,NA,NA,NA,NA,NA,NA,NA,NA,NA,NA,NA,NA,NA,NA,NA,NA,NA,NA,NA,NA,NA,NA,NA,NA,NA,NA,NA,NA,NA,NA,NA,NA,NA,NA,NA,NA,NA,NA,NA,NA,NA,NA,NA,NA,NA,NA,NA,NA,NA,NA,NA,NA,NA,NA,NA,NA,NA,NA,NA,NA,NA,NA,NA,NA,NA,NA,NA,NA,NA,NA,NA,NA,NA,NA,NA,NA,NA,NA,NA,NA,NA,NA,NA,NA,NA,NA,NA,NA,NA,NA,NA,NA,NA,NA,NA,NA,NA,NA,NA,NA,NA,NA,NA,NA,NA,NA,NA,NA,NA,NA,NA,NA,NA,NA,NA,NA,NA,NA,NA,NA
0.0588422147010121,0.0473646142464106,0.0383985400728708,0.0332527622586065,0.0320304475797085,0.0330175359730493,0.0341746138456048,0.0344057016132285,0.0336154594784655,0.0323675817434662,0.0314484379892428,0.0313562256912478,0.0319765048893706,0.0327516391672611,0.033137496457915,0.0329254104357414,0.032303589418336,0.0317092591169503,0.0315401537636845,0.0318789470996313,0.0324530693763116,0.032859972525563,0.0328426387127819,0.0324316337215648,0.0319115971649541,0.0316375371562875,0.0317908731626442,0.0322502613528726,0.0326916409426175,0.0328209017010531,0.0325584342765853,0.0320817713814772,0.0317155522639103,0.0317155522639097,0.0320817713814767,0.0325584342765847,0.0328209017010527,0.0326916409426176,0.0322502613528734,0.0317908731626449,0.0316375371562884,0.0319115971649553,0.0324316337215664,0.0328426387127825,0.0328599725255629,0.0324530693763118,0.0318789470996304,0.0315401537636826,0.0317092591169476,0.0323035894183328,0.032925410435739,0.0331374964579122,0.0327516391672578,0.0319765048893688,0.0313562256912479,0.0314484379892429,0.0323675817434692,0.0336154594784693,0.0344057016132323,0.0341746138456101,0.033017535973055,0.0320304475797128,0.03325276225861,0.0383985400728714,0.047364614246407,0.0588422147010072,NA,NA,NA,NA,NA,NA,NA,NA,NA,NA,NA,NA,NA,NA,NA,NA,NA,NA,NA,NA,NA,NA,NA,NA,NA,NA,NA,NA,NA,NA,NA,NA,NA,NA,NA,NA,NA,NA,NA,NA,NA,NA,NA,NA,NA,NA,NA,NA,NA,NA,NA,NA,NA,NA,NA,NA,NA,NA,NA,NA,NA,NA,NA,NA,NA,NA,NA,NA,NA,NA,NA,NA,NA,NA,NA,NA,NA,NA,NA,NA,NA,NA,NA,NA,NA,NA,NA,NA,NA,NA,NA,NA,NA,NA,NA,NA,NA,NA,NA,NA,NA,NA,NA,NA,NA,NA,NA,NA,NA,NA,NA,NA,NA,NA,NA,NA,NA,NA,NA,NA,NA,NA,NA,NA,NA,NA,NA,NA,NA,NA,NA,NA,NA,NA,NA,NA,NA,NA,NA,NA,NA,NA,NA,NA,NA,NA,NA,NA,NA,NA,NA,NA,NA,NA,NA,NA,NA,NA,NA,NA,NA,NA,NA,NA,NA,NA,NA,NA,NA,NA,NA,NA,NA,NA,NA,NA,NA,NA,NA,NA,NA,NA,NA,NA
0.0582431697556317,0.047499187603419,0.0389402354362087,0.033669958778264,0.0319062017535832,0.0323844109757068,0.0333538684525381,0.0337174579131958,0.0332298383520387,0.0322509282858701,0.0313945436121372,0.0311275723969645,0.0314767791735203,0.0320718865609778,0.0324614508164326,0.0324026550954387,0.0319643251832254,0.0314510716852098,0.0312013444630555,0.0313610160743698,0.0317922895391807,0.0321914187790538,0.0323022574104476,0.0320677840638314,0.0316511988548098,0.0313302247832251,0.0313157502561686,0.0316073222131943,0.0319998164256127,0.0322324100092479,0.0321579684448499,0.0318284122563425,0.0314612042535255,0.0313027693799984,0.0314612042535251,0.0318284122563421,0.0321579684448493,0.0322324100092477,0.0319998164256124,0.0316073222131947,0.0313157502561689,0.0313302247832253,0.0316511988548101,0.0320677840638315,0.0323022574104478,0.0321914187790539,0.0317922895391809,0.0313610160743696,0.0312013444630551,0.0314510716852085,0.031964325183224,0.0324026550954377,0.0324614508164317,0.0320718865609771,0.0314767791735202,0.0311275723969644,0.0313945436121384,0.0322509282858725,0.0332298383520417,0.0337174579131982,0.0333538684525413,0.03238441097571,0.0319062017535856,0.0336699587782643,0.0389402354362067,0.0474991876034165,0.0582431697556268,NA,NA,NA,NA,NA,NA,NA,NA,NA,NA,NA,NA,NA,NA,NA,NA,NA,NA,NA,NA,NA,NA,NA,NA,NA,NA,NA,NA,NA,NA,NA,NA,NA,NA,NA,NA,NA,NA,NA,NA,NA,NA,NA,NA,NA,NA,NA,NA,NA,NA,NA,NA,NA,NA,NA,NA,NA,NA,NA,NA,NA,NA,NA,NA,NA,NA,NA,NA,NA,NA,NA,NA,NA,NA,NA,NA,NA,NA,NA,NA,NA,NA,NA,NA,NA,NA,NA,NA,NA,NA,NA,NA,NA,NA,NA,NA,NA,NA,NA,NA,NA,NA,NA,NA,NA,NA,NA,NA,NA,NA,NA,NA,NA,NA,NA,NA,NA,NA,NA,NA,NA,NA,NA,NA,NA,NA,NA,NA,NA,NA,NA,NA,NA,NA,NA,NA,NA,NA,NA,NA,NA,NA,NA,NA,NA,NA,NA,NA,NA,NA,NA,NA,NA,NA,NA,NA,NA,NA,NA,NA,NA,NA,NA,NA,NA,NA,NA,NA,NA,NA,NA,NA,NA,NA,NA,NA,NA,NA,NA,NA,NA,NA,NA
0.0580673214526998,0.0482477838292662,0.0402272970300853,0.0348561806058583,0.0324154453683645,0.0321335812360925,0.0326844747203207,0.033055508014717,0.0328657802704296,0.0322485634161652,0.0315949452041818,0.0312643800630334,0.0313597412007041,0.0316976703755144,0.0319767304371731,0.0319857880380657,0.0317150099881965,0.0313376005655733,0.0310903589339241,0.031118093649956,0.031381065462607,0.0316930792144271,0.0318526163377055,0.0317669621281601,0.0314996808276917,0.0312262107619267,0.0311225802963597,0.0312506904966367,0.0315196890549522,0.0317519823607924,0.0318004294143993,0.0316372623145254,0.0313683696513137,0.0311681620232418,0.0311681620232418,0.0313683696513139,0.0316372623145253,0.031800429414399,0.031751982360792,0.031519689054952,0.031250690496636,0.0311225802963588,0.0312262107619255,0.0314996808276907,0.0317669621281587,0.0318526163377041,0.0316930792144261,0.0313810654626061,0.0311180936499558,0.0310903589339243,0.0313376005655737,0.0317150099881975,0.0319857880380681,0.0319767304371759,0.031697670375517,0.031359741200706,0.0312643800630344,0.0315949452041816,0.0322485634161638,0.0328657802704279,0.0330555080147148,0.0326844747203175,0.0321335812360911,0.0324154453683625,0.0348561806058569,0.0402272970300862,0.048247783829269,0.0580673214527038,NA,NA,NA,NA,NA,NA,NA,NA,NA,NA,NA,NA,NA,NA,NA,NA,NA,NA,NA,NA,NA,NA,NA,NA,NA,NA,NA,NA,NA,NA,NA,NA,NA,NA,NA,NA,NA,NA,NA,NA,NA,NA,NA,NA,NA,NA,NA,NA,NA,NA,NA,NA,NA,NA,NA,NA,NA,NA,NA,NA,NA,NA,NA,NA,NA,NA,NA,NA,NA,NA,NA,NA,NA,NA,NA,NA,NA,NA,NA,NA,NA,NA,NA,NA,NA,NA,NA,NA,NA,NA,NA,NA,NA,NA,NA,NA,NA,NA,NA,NA,NA,NA,NA,NA,NA,NA,NA,NA,NA,NA,NA,NA,NA,NA,NA,NA,NA,NA,NA,NA,NA,NA,NA,NA,NA,NA,NA,NA,NA,NA,NA,NA,NA,NA,NA,NA,NA,NA,NA,NA,NA,NA,NA,NA,NA,NA,NA,NA,NA,NA,NA,NA,NA,NA,NA,NA,NA,NA,NA,NA,NA,NA,NA,NA,NA,NA,NA,NA,NA,NA,NA,NA,NA,NA,NA,NA,NA,NA,NA,NA,NA,NA
0.0576294867857513,0.0479506410254858,0.040009762885833,0.0346381153363395,0.0321429941083411,0.0318172676531445,0.0323750205059264,0.0327955419882117,0.0326623187448777,0.0320696085613982,0.0313880208002855,0.0309916508257367,0.0310273142825781,0.0313526739716862,0.0316747438875913,0.0317553572650025,0.0315400345672147,0.0311651992630216,0.0308624344735111,0.0308105988453497,0.031022409091629,0.0313456744195125,0.0315723745908954,0.0315685945296802,0.0313463980501305,0.0310496494174509,0.0308653108014707,0.0309061553611112,0.0311390482530083,0.0314112874498156,0.0315523632364257,0.0314777872526599,0.0312360869232978,0.0309791236198934,0.0308701287283233,0.0309791236198939,0.031236086923298,0.0314777872526597,0.0315523632364256,0.0314112874498153,0.0311390482530076,0.0309061553611111,0.0308653108014699,0.0310496494174505,0.0313463980501305,0.0315685945296801,0.0315723745908957,0.0313456744195123,0.0310224090916288,0.0308105988453498,0.0308624344735118,0.0311651992630223,0.0315400345672152,0.0317553572650033,0.0316747438875911,0.0313526739716875,0.0310273142825781,0.030991650825737,0.031388020800285,0.0320696085613981,0.0326623187448783,0.0327955419882122,0.0323750205059258,0.0318172676531452,0.0321429941083397,0.0346381153363394,0.0400097628858326,0.0479506410254856,0.0576294867857497,NA,NA,NA,NA,NA,NA,NA,NA,NA,NA,NA,NA,NA,NA,NA,NA,NA,NA,NA,NA,NA,NA,NA,NA,NA,NA,NA,NA,NA,NA,NA,NA,NA,NA,NA,NA,NA,NA,NA,NA,NA,NA,NA,NA,NA,NA,NA,NA,NA,NA,NA,NA,NA,NA,NA,NA,NA,NA,NA,NA,NA,NA,NA,NA,NA,NA,NA,NA,NA,NA,NA,NA,NA,NA,NA,NA,NA,NA,NA,NA,NA,NA,NA,NA,NA,NA,NA,NA,NA,NA,NA,NA,NA,NA,NA,NA,NA,NA,NA,NA,NA,NA,NA,NA,NA,NA,NA,NA,NA,NA,NA,NA,NA,NA,NA,NA,NA,NA,NA,NA,NA,NA,NA,NA,NA,NA,NA,NA,NA,NA,NA,NA,NA,NA,NA,NA,NA,NA,NA,NA,NA,NA,NA,NA,NA,NA,NA,NA,NA,NA,NA,NA,NA,NA,NA,NA,NA,NA,NA,NA,NA,NA,NA,NA,NA,NA,NA,NA,NA,NA,NA,NA,NA,NA,NA,NA,NA,NA,NA,NA,NA
0.0576226710300792,0.0478114144838263,0.0397634289222597,0.0343499452077682,0.0319100950447669,0.0317116363886655,0.0324043673022655,0.0329160132455057,0.0328040204339607,0.0321601432578528,0.031379588393068,0.0308865450309259,0.030880707079847,0.0312413681096409,0.0316534978939474,0.0318302124866067,0.0316679364714002,0.0312762200817636,0.0308971002894534,0.0307557970338343,0.0309209705837576,0.0312691878271919,0.0315769115339196,0.0316624948685305,0.0314853034336914,0.0311598992604071,0.0308866156626003,0.0308311084732484,0.0310208403595804,0.0313310887541982,0.0315695642907674,0.0315946934627405,0.0313945899926913,0.0310914361833981,0.0308712448484553,0.0308712448484554,0.031091436183398,0.0313945899926913,0.0315946934627397,0.0315695642907665,0.0313310887541977,0.0310208403595805,0.0308311084732488,0.0308866156626002,0.0311598992604071,0.0314853034336911,0.03166249486853,0.0315769115339192,0.031269187827191,0.0309209705837569,0.0307557970338341,0.0308971002894532,0.0312762200817631,0.0316679364713999,0.031830212486608,0.0316534978939487,0.0312413681096406,0.0308807070798469,0.0308865450309261,0.0313795883930686,0.0321601432578529,0.0328040204339585,0.0329160132455051,0.0324043673022644,0.0317116363886643,0.0319100950447671,0.0343499452077685,0.0397634289222608,0.0478114144838279,0.0576226710300823,NA,NA,NA,NA,NA,NA,NA,NA,NA,NA,NA,NA,NA,NA,NA,NA,NA,NA,NA,NA,NA,NA,NA,NA,NA,NA,NA,NA,NA,NA,NA,NA,NA,NA,NA,NA,NA,NA,NA,NA,NA,NA,NA,NA,NA,NA,NA,NA,NA,NA,NA,NA,NA,NA,NA,NA,NA,NA,NA,NA,NA,NA,NA,NA,NA,NA,NA,NA,NA,NA,NA,NA,NA,NA,NA,NA,NA,NA,NA,NA,NA,NA,NA,NA,NA,NA,NA,NA,NA,NA,NA,NA,NA,NA,NA,NA,NA,NA,NA,NA,NA,NA,NA,NA,NA,NA,NA,NA,NA,NA,NA,NA,NA,NA,NA,NA,NA,NA,NA,NA,NA,NA,NA,NA,NA,NA,NA,NA,NA,NA,NA,NA,NA,NA,NA,NA,NA,NA,NA,NA,NA,NA,NA,NA,NA,NA,NA,NA,NA,NA,NA,NA,NA,NA,NA,NA,NA,NA,NA,NA,NA,NA,NA,NA,NA,NA,NA,NA,NA,NA,NA,NA,NA,NA,NA,NA,NA,NA,NA,NA
0.0574124900848463,0.0475769297462229,0.0394963595908651,0.034059258624693,0.0316346508851219,0.0314995824287129,0.0322798893188007,0.0328695343264921,0.0327970537055388,0.0321363534039633,0.0312859217193377,0.0307024306403981,0.0306359898748241,0.0310016565158671,0.0314814941995009,0.0317521211988629,0.0316612801274284,0.0312804681569443,0.0308440931242682,0.030609298688489,0.0307012568538978,0.0310414129311256,0.0314108003370584,0.0315919981607056,0.031489777281634,0.031173657149234,0.0308341440878934,0.030673061356658,0.0307818517697514,0.0310864050328513,0.0313992027482385,0.0315365359306695,0.0314218559356179,0.0311244282169856,0.0308205986350061,0.0306934146756327,0.0308205986350056,0.0311244282169857,0.0314218559356184,0.0315365359306704,0.0313992027482393,0.0310864050328523,0.030781851769752,0.0306730613566586,0.0308341440878933,0.0311736571492342,0.0314897772816339,0.0315919981607054,0.0314108003370576,0.031041412931123,0.030701256853896,0.0306092986884874,0.0308440931242668,0.0312804681569428,0.0316612801274273,0.0317521211988616,0.0314814941995021,0.0310016565158696,0.0306359898748268,0.0307024306404004,0.0312859217193403,0.0321363534039662,0.0327970537055415,0.0328695343264966,0.0322798893188027,0.031499582428715,0.0316346508851207,0.0340592586246922,0.039496359590863,0.0475769297462206,0.0574124900848436,NA,NA,NA,NA,NA,NA,NA,NA,NA,NA,NA,NA,NA,NA,NA,NA,NA,NA,NA,NA,NA,NA,NA,NA,NA,NA,NA,NA,NA,NA,NA,NA,NA,NA,NA,NA,NA,NA,NA,NA,NA,NA,NA,NA,NA,NA,NA,NA,NA,NA,NA,NA,NA,NA,NA,NA,NA,NA,NA,NA,NA,NA,NA,NA,NA,NA,NA,NA,NA,NA,NA,NA,NA,NA,NA,NA,NA,NA,NA,NA,NA,NA,NA,NA,NA,NA,NA,NA,NA,NA,NA,NA,NA,NA,NA,NA,NA,NA,NA,NA,NA,NA,NA,NA,NA,NA,NA,NA,NA,NA,NA,NA,NA,NA,NA,NA,NA,NA,NA,NA,NA,NA,NA,NA,NA,NA,NA,NA,NA,NA,NA,NA,NA,NA,NA,NA,NA,NA,NA,NA,NA,NA,NA,NA,NA,NA,NA,NA,NA,NA,NA,NA,NA,NA,NA,NA,NA,NA,NA,NA,NA,NA,NA,NA,NA,NA,NA,NA,NA,NA,NA,NA,NA,NA,NA,NA,NA,NA,NA
0.0569895792140293,0.0472985989090434,0.039301386480473,0.0338632926937112,0.0313755289352636,0.0311829684459537,0.0319597069013172,0.0325978632718974,0.0325933405590855,0.0319784287200482,0.0311201293918178,0.0304738805354256,0.0303263321116455,0.0306441364464534,0.0311387628428281,0.0314774010678211,0.0314690439334652,0.0311380287106436,0.0306871238876647,0.0303780203975088,0.0303791700462041,0.030667871032348,0.0310564721950412,0.0313166072326781,0.0313086360051789,0.0310479121660784,0.0306894219964197,0.0304414011242438,0.0304453051356597,0.0306910434650553,0.0310275662103591,0.0312588579557758,0.0312560970276355,0.0310239653969262,0.0306961947662018,0.0304633970574324,0.0304633970574325,0.0306961947662021,0.031023965396926,0.0312560970276342,0.0312588579557748,0.0310275662103591,0.0306910434650567,0.0304453051356608,0.0304414011242433,0.0306894219964186,0.0310479121660788,0.0313086360051816,0.0313166072326803,0.0310564721950404,0.0306678710323454,0.0303791700462018,0.0303780203975085,0.0306871238876658,0.0311380287106418,0.0314690439334618,0.0314774010678172,0.0311387628428267,0.0306441364464562,0.0303263321116492,0.0304738805354289,0.0311201293918184,0.0319784287200497,0.0325933405590887,0.0325978632719022,0.0319597069013196,0.0311829684459533,0.0313755289352625,0.0338632926937111,0.0393013864804723,0.0472985989090422,0.0569895792140249,NA,NA,NA,NA,NA,NA,NA,NA,NA,NA,NA,NA,NA,NA,NA,NA,NA,NA,NA,NA,NA,NA,NA,NA,NA,NA,NA,NA,NA,NA,NA,NA,NA,NA,NA,NA,NA,NA,NA,NA,NA,NA,NA,NA,NA,NA,NA,NA,NA,NA,NA,NA,NA,NA,NA,NA,NA,NA,NA,NA,NA,NA,NA,NA,NA,NA,NA,NA,NA,NA,NA,NA,NA,NA,NA,NA,NA,NA,NA,NA,NA,NA,NA,NA,NA,NA,NA,NA,NA,NA,NA,NA,NA,NA,NA,NA,NA,NA,NA,NA,NA,NA,NA,NA,NA,NA,NA,NA,NA,NA,NA,NA,NA,NA,NA,NA,NA,NA,NA,NA,NA,NA,NA,NA,NA,NA,NA,NA,NA,NA,NA,NA,NA,NA,NA,NA,NA,NA,NA,NA,NA,NA,NA,NA,NA,NA,NA,NA,NA,NA,NA,NA,NA,NA,NA,NA,NA,NA,NA,NA,NA,NA,NA,NA,NA,NA,NA,NA,NA,NA,NA,NA,NA,NA,NA,NA,NA,NA
0.056948462385742,0.0471979074091112,0.0391400106029868,0.0336606816492726,0.0311820380787685,0.0310551344773067,0.0319249139067493,0.03264689491199,0.0326879591998908,0.0320622890853259,0.0311370481250096,0.030394964497508,0.030171754705381,0.0304764212837554,0.0310275426143487,0.0314628853004502,0.0315443112722267,0.0312525825154977,0.0307692623368952,0.0303710830141515,0.0302755249175327,0.0305158107139036,0.030931675026358,0.0312789191077077,0.0313707826596834,0.0311686495929876,0.0307926660820056,0.0304560248696089,0.0303479706905126,0.0305235938432058,0.0308734930933921,0.0311951543112097,0.0313111453207539,0.0311613535887045,0.0308305360748214,0.0305043768263379,0.0303695192492575,0.0305043768263381,0.030830536074821,0.0311613535887028,0.0313111453207519,0.0311951543112081,0.0308734930933919,0.030523593843206,0.0303479706905125,0.0304560248696086,0.0307926660820055,0.0311686495929887,0.0313707826596844,0.0312789191077085,0.0309316750263577,0.0305158107139031,0.0302755249175329,0.0303710830141522,0.0307692623368956,0.0312525825154981,0.0315443112722263,0.0314628853004497,0.0310275426143488,0.0304764212837565,0.0301717547053821,0.0303949644975089,0.031137048125009,0.0320622890853234,0.0326879591998902,0.0326468949119892,0.031924913906748,0.0310551344773058,0.0311820380787664,0.0336606816492714,0.039140010602987,0.0471979074091122,0.0569484623857425,NA,NA,NA,NA,NA,NA,NA,NA,NA,NA,NA,NA,NA,NA,NA,NA,NA,NA,NA,NA,NA,NA,NA,NA,NA,NA,NA,NA,NA,NA,NA,NA,NA,NA,NA,NA,NA,NA,NA,NA,NA,NA,NA,NA,NA,NA,NA,NA,NA,NA,NA,NA,NA,NA,NA,NA,NA,NA,NA,NA,NA,NA,NA,NA,NA,NA,NA,NA,NA,NA,NA,NA,NA,NA,NA,NA,NA,NA,NA,NA,NA,NA,NA,NA,NA,NA,NA,NA,NA,NA,NA,NA,NA,NA,NA,NA,NA,NA,NA,NA,NA,NA,NA,NA,NA,NA,NA,NA,NA,NA,NA,NA,NA,NA,NA,NA,NA,NA,NA,NA,NA,NA,NA,NA,NA,NA,NA,NA,NA,NA,NA,NA,NA,NA,NA,NA,NA,NA,NA,NA,NA,NA,NA,NA,NA,NA,NA,NA,NA,NA,NA,NA,NA,NA,NA,NA,NA,NA,NA,NA,NA,NA,NA,NA,NA,NA,NA,NA,NA,NA,NA,NA,NA,NA,NA,NA,NA
0.0566696829626125,0.0469594447964615,0.0389133679917185,0.0334173497033347,0.0309188618166786,0.0308024651586181,0.0317204529056967,0.0325100615805108,0.0326098711916501,0.0320058595689845,0.0310481827613847,0.0302279604988369,0.0299197251426778,0.0301812948865229,0.0307563793522331,0.0312702912175366,0.031445877684529,0.0312176253721522,0.0307331636808832,0.0302659665358168,0.030068903200038,0.0302326879429951,0.0306407418248631,0.0310527688597278,0.0312473200136253,0.0311319348443445,0.0307789016481621,0.0303841274918242,0.0301646935179164,0.0302378707486733,0.0305536578531576,0.030929699705466,0.0311601711400284,0.031124870088288,0.0308458010407193,0.0304746885240102,0.0302163074600374,0.0302163074600373,0.0304746885240097,0.0308458010407188,0.0311248700882874,0.0311601711400282,0.0309296997054661,0.0305536578531578,0.0302378707486736,0.0301646935179162,0.0303841274918242,0.0307789016481625,0.0311319348443452,0.031247320013626,0.0310527688597275,0.0306407418248632,0.0302326879429951,0.0300689032000379,0.0302659665358167,0.0307331636808826,0.0312176253721509,0.0314458776845284,0.0312702912175361,0.0307563793522319,0.0301812948865213,0.0299197251426778,0.0302279604988375,0.0310481827613843,0.0320058595689858,0.0326098711916516,0.0325100615805121,0.0317204529056997,0.0308024651586194,0.0309188618166804,0.0334173497033362,0.0389133679917184,0.0469594447964623,0.0566696829626096,NA,NA,NA,NA,NA,NA,NA,NA,NA,NA,NA,NA,NA,NA,NA,NA,NA,NA,NA,NA,NA,NA,NA,NA,NA,NA,NA,NA,NA,NA,NA,NA,NA,NA,NA,NA,NA,NA,NA,NA,NA,NA,NA,NA,NA,NA,NA,NA,NA,NA,NA,NA,NA,NA,NA,NA,NA,NA,NA,NA,NA,NA,NA,NA,NA,NA,NA,NA,NA,NA,NA,NA,NA,NA,NA,NA,NA,NA,NA,NA,NA,NA,NA,NA,NA,NA,NA,NA,NA,NA,NA,NA,NA,NA,NA,NA,NA,NA,NA,NA,NA,NA,NA,NA,NA,NA,NA,NA,NA,NA,NA,NA,NA,NA,NA,NA,NA,NA,NA,NA,NA,NA,NA,NA,NA,NA,NA,NA,NA,NA,NA,NA,NA,NA,NA,NA,NA,NA,NA,NA,NA,NA,NA,NA,NA,NA,NA,NA,NA,NA,NA,NA,NA,NA,NA,NA,NA,NA,NA,NA,NA,NA,NA,NA,NA,NA,NA,NA,NA,NA,NA,NA,NA,NA,NA,NA
0.056249064199272,0.0466635198755197,0.0386902903967629,0.0331956873766059,0.0306452095707196,0.0304814828382261,0.0313997538044479,0.0322374037658184,0.0324062180781641,0.0318555558084798,0.0309031640839149,0.0300294314168652,0.0296337072414003,0.0298242354520488,0.0303862142454546,0.0309515520147055,0.0312160381108277,0.0310694945762138,0.0306166220401536,0.0301102162164083,0.0298204705146654,0.0298890535206636,0.0302536232741067,0.0306977853520078,0.0309828046534241,0.0309696579240741,0.0306769372353409,0.0302648518555427,0.0299544964293455,0.0299108338577602,0.0301497894545294,0.0305327166540067,0.0308510850092721,0.0309398235857156,0.0307565149054029,0.0303987709779216,0.030057038295021,0.029917333166195,0.0300570382950208,0.0303987709779215,0.0307565149054034,0.030939823585716,0.0308510850092731,0.030532716654007,0.0301497894545297,0.0299108338577602,0.0299544964293454,0.0302648518555425,0.030676937235341,0.030969657924074,0.0309828046534237,0.0306977853520068,0.0302536232741052,0.0298890535206621,0.0298204705146648,0.0301102162164077,0.0306166220401524,0.0310694945762125,0.0312160381108285,0.030951552014707,0.0303862142454571,0.0298242354520511,0.0296337072414024,0.0300294314168667,0.0309031640839166,0.0318555558084804,0.032406218078165,0.0322374037658209,0.0313997538044496,0.0304814828382261,0.0306452095707201,0.0331956873766048,0.0386902903967614,0.0466635198755169,0.0562490641992678,NA,NA,NA,NA,NA,NA,NA,NA,NA,NA,NA,NA,NA,NA,NA,NA,NA,NA,NA,NA,NA,NA,NA,NA,NA,NA,NA,NA,NA,NA,NA,NA,NA,NA,NA,NA,NA,NA,NA,NA,NA,NA,NA,NA,NA,NA,NA,NA,NA,NA,NA,NA,NA,NA,NA,NA,NA,NA,NA,NA,NA,NA,NA,NA,NA,NA,NA,NA,NA,NA,NA,NA,NA,NA,NA,NA,NA,NA,NA,NA,NA,NA,NA,NA,NA,NA,NA,NA,NA,NA,NA,NA,NA,NA,NA,NA,NA,NA,NA,NA,NA,NA,NA,NA,NA,NA,NA,NA,NA,NA,NA,NA,NA,NA,NA,NA,NA,NA,NA,NA,NA,NA,NA,NA,NA,NA,NA,NA,NA,NA,NA,NA,NA,NA,NA,NA,NA,NA,NA,NA,NA,NA,NA,NA,NA,NA,NA,NA,NA,NA,NA,NA,NA,NA,NA,NA,NA,NA,NA,NA,NA,NA,NA,NA,NA,NA,NA,NA,NA,NA,NA,NA,NA,NA,NA
0.0555995760171925,0.0462782411293312,0.0384805946760724,0.0330220598849278,0.0303715049221988,0.0300650071507921,0.0308989666494608,0.03174398698459,0.0319899296029896,0.0315382093784134,0.0306523157357927,0.0297734334392981,0.029301015664087,0.0293886071642236,0.0298818352081924,0.0304478814842845,0.0307774090977554,0.0307236581367819,0.0303416283203908,0.029843550963343,0.0294909906660642,0.0294589323636432,0.0297424470479802,0.0301704667991235,0.0305124593678391,0.0305998514939963,0.0303997515071939,0.0300222468233568,0.029665311496338,0.0295151504697686,0.0296457227053448,0.0299790082737676,0.0303340436928013,0.030527664735289,0.0304647871714704,0.0301800200976893,0.0298203947720079,0.029574694270045,0.0295746942700439,0.0298203947720061,0.0301800200976908,0.0304647871714773,0.030527664735299,0.0303340436928089,0.0299790082737703,0.029645722705344,0.029515150469768,0.0296653114963391,0.0300222468233585,0.0303997515071928,0.0305998514939909,0.0305124593678319,0.0301704667991179,0.0297424470479771,0.029458932363643,0.029490990666065,0.0298435509633428,0.0303416283203896,0.0307236581367797,0.0307774090977573,0.03044788148429,0.0298818352082001,0.0293886071642307,0.0293010156640896,0.0297734334392976,0.0306523157357933,0.0315382093784131,0.0319899296029888,0.0317439869845864,0.030898966649456,0.0300650071507865,0.0303715049221956,0.0330220598849269,0.0384805946760726,0.0462782411293345,0.0555995760171946,NA,NA,NA,NA,NA,NA,NA,NA,NA,NA,NA,NA,NA,NA,NA,NA,NA,NA,NA,NA,NA,NA,NA,NA,NA,NA,NA,NA,NA,NA,NA,NA,NA,NA,NA,NA,NA,NA,NA,NA,NA,NA,NA,NA,NA,NA,NA,NA,NA,NA,NA,NA,NA,NA,NA,NA,NA,NA,NA,NA,NA,NA,NA,NA,NA,NA,NA,NA,NA,NA,NA,NA,NA,NA,NA,NA,NA,NA,NA,NA,NA,NA,NA,NA,NA,NA,NA,NA,NA,NA,NA,NA,NA,NA,NA,NA,NA,NA,NA,NA,NA,NA,NA,NA,NA,NA,NA,NA,NA,NA,NA,NA,NA,NA,NA,NA,NA,NA,NA,NA,NA,NA,NA,NA,NA,NA,NA,NA,NA,NA,NA,NA,NA,NA,NA,NA,NA,NA,NA,NA,NA,NA,NA,NA,NA,NA,NA,NA,NA,NA,NA,NA,NA,NA,NA,NA,NA,NA,NA,NA,NA,NA,NA,NA,NA,NA,NA,NA,NA,NA,NA,NA,NA,NA
0.0547038099310717,0.0460544417776888,0.0387273821079527,0.0333932694769753,0.0304754935818364,0.0296994440944065,0.0301435422129647,0.0308272042530915,0.0311404729025898,0.0309035863527771,0.0302621429048287,0.0295382886115356,0.0290591107950641,0.0289946380975425,0.0292846128417387,0.0297024683018475,0.0299984695299,0.0300220522263241,0.0297741451619421,0.0293898088347585,0.0290664891339418,0.0289634375940726,0.029118986899601,0.0294360306284929,0.0297433150968748,0.0298877215520748,0.029805170425173,0.0295443307348209,0.0292402358780029,0.0290480766400251,0.0290636735027119,0.0292729320195484,0.0295625458710718,0.0297835360331829,0.0298268799628778,0.0296735401967424,0.0294016170636201,0.029149514627405,0.0290476872460432,0.029149514627404,0.0294016170636192,0.0296735401967427,0.0298268799628801,0.0297835360331855,0.0295625458710736,0.029272932019549,0.0290636735027116,0.0290480766400256,0.0292402358780043,0.0295443307348224,0.0298051704251747,0.0298877215520754,0.0297433150968742,0.0294360306284917,0.0291189868996005,0.0289634375940724,0.0290664891339409,0.0293898088347566,0.0297741451619376,0.0300220522263193,0.0299984695298961,0.0297024683018463,0.029284612841739,0.0289946380975428,0.0290591107950646,0.0295382886115361,0.03026214290483,0.0309035863527808,0.031140472902595,0.0308272042530968,0.0301435422129691,0.0296994440944089,0.0304754935818384,0.0333932694769762,0.0387273821079521,0.0460544417776862,0.0547038099310674,NA,NA,NA,NA,NA,NA,NA,NA,NA,NA,NA,NA,NA,NA,NA,NA,NA,NA,NA,NA,NA,NA,NA,NA,NA,NA,NA,NA,NA,NA,NA,NA,NA,NA,NA,NA,NA,NA,NA,NA,NA,NA,NA,NA,NA,NA,NA,NA,NA,NA,NA,NA,NA,NA,NA,NA,NA,NA,NA,NA,NA,NA,NA,NA,NA,NA,NA,NA,NA,NA,NA,NA,NA,NA,NA,NA,NA,NA,NA,NA,NA,NA,NA,NA,NA,NA,NA,NA,NA,NA,NA,NA,NA,NA,NA,NA,NA,NA,NA,NA,NA,NA,NA,NA,NA,NA,NA,NA,NA,NA,NA,NA,NA,NA,NA,NA,NA,NA,NA,NA,NA,NA,NA,NA,NA,NA,NA,NA,NA,NA,NA,NA,NA,NA,NA,NA,NA,NA,NA,NA,NA,NA,NA,NA,NA,NA,NA,NA,NA,NA,NA,NA,NA,NA,NA,NA,NA,NA,NA,NA,NA,NA,NA,NA,NA,NA,NA,NA,NA,NA,NA,NA,NA
0.0542293235170195,0.0457396348361096,0.0385201530752537,0.0332160234078846,0.0302524364371883,0.0294017691992019,0.0297993347719917,0.030487971724883,0.0308472745875065,0.0306695608225826,0.0300683911414384,0.0293424372317457,0.0288168966756021,0.028686111380387,0.0289268555046535,0.0293388762249361,0.029674317447183,0.0297620993611181,0.0295710494505004,0.0292064876659364,0.0288529430494091,0.0286829090170391,0.0287694738154692,0.02905226356581,0.0293779152358967,0.0295843128099968,0.0295773593331363,0.0293684000646589,0.0290645505331984,0.0288175316240473,0.0287492689944354,0.0288892203209758,0.029160784104027,0.0294250831752871,0.0295527166423141,0.0294840853833278,0.0292544813524126,0.0289774041183183,0.0287915719289505,0.0287915719289468,0.0289774041183123,0.0292544813524134,0.0294840853833405,0.0295527166423324,0.0294250831753008,0.0291607841040295,0.0288892203209706,0.0287492689944319,0.0288175316240488,0.0290645505332025,0.0293684000646581,0.0295773593331297,0.0295843128099881,0.0293779152358908,0.0290522635658093,0.0287694738154709,0.028682909017041,0.028852943049409,0.0292064876659342,0.0295710494504964,0.0297620993611143,0.0296743174471832,0.0293388762249383,0.0289268555046571,0.0286861113803893,0.0288168966756015,0.0293424372317444,0.0300683911414387,0.0306695608225868,0.0308472745875115,0.0304879717248873,0.0297993347719926,0.0294017691991998,0.0302524364371879,0.0332160234078849,0.0385201530752533,0.0457396348361088,0.054229323517016,NA,NA,NA,NA,NA,NA,NA,NA,NA,NA,NA,NA,NA,NA,NA,NA,NA,NA,NA,NA,NA,NA,NA,NA,NA,NA,NA,NA,NA,NA,NA,NA,NA,NA,NA,NA,NA,NA,NA,NA,NA,NA,NA,NA,NA,NA,NA,NA,NA,NA,NA,NA,NA,NA,NA,NA,NA,NA,NA,NA,NA,NA,NA,NA,NA,NA,NA,NA,NA,NA,NA,NA,NA,NA,NA,NA,NA,NA,NA,NA,NA,NA,NA,NA,NA,NA,NA,NA,NA,NA,NA,NA,NA,NA,NA,NA,NA,NA,NA,NA,NA,NA,NA,NA,NA,NA,NA,NA,NA,NA,NA,NA,NA,NA,NA,NA,NA,NA,NA,NA,NA,NA,NA,NA,NA,NA,NA,NA,NA,NA,NA,NA,NA,NA,NA,NA,NA,NA,NA,NA,NA,NA,NA,NA,NA,NA,NA,NA,NA,NA,NA,NA,NA,NA,NA,NA,NA,NA,NA,NA,NA,NA,NA,NA,NA,NA,NA,NA,NA,NA,NA,NA
0.0537873226325525,0.0454318682515555,0.0383025197749752,0.0330241183127941,0.0300244653706787,0.0291153449925788,0.0294791634210215,0.0301777681433109,0.0305811956098255,0.0304573654288489,0.0298918883368978,0.0291627252372224,0.0285930162362559,0.0283985793075896,0.0285903681279677,0.028993900072903,0.029364956847572,0.0295147878407272,0.0293826656668274,0.0290448277274697,0.0286702960516328,0.0284394789080757,0.0284555488418753,0.0286945884617991,0.0290255869773559,0.0292839129501173,0.0293509520641484,0.0292029527532704,0.0289163095158002,0.0286312400366826,0.0284859147468077,0.0285480284948826,0.0287810134581205,0.0290660930515292,0.0292647083418308,0.0292842706358319,0.0291178508373583,0.0288458688314192,0.0286001531682487,0.0285018804638496,0.0286001531682553,0.0288458688314232,0.0291178508373507,0.0292842706358149,0.0292647083418137,0.0290660930515202,0.0287810134581213,0.0285480284948872,0.0284859147468091,0.0286312400366805,0.0289163095157979,0.0292029527532704,0.0293509520641491,0.0292839129501178,0.0290255869773562,0.0286945884618017,0.0284555488418784,0.0284394789080765,0.0286702960516333,0.0290448277274753,0.0293826656668405,0.0295147878407445,0.0293649568475848,0.0289939000729037,0.0285903681279556,0.0283985793075749,0.0285930162362483,0.029162725237222,0.0298918883368945,0.0304573654288374,0.0305811956098063,0.0301777681432906,0.0294791634210126,0.0291153449925788,0.0300244653706825,0.033024118312795,0.0383025197749741,0.0454318682515594,0.0537873226325689,NA,NA,NA,NA,NA,NA,NA,NA,NA,NA,NA,NA,NA,NA,NA,NA,NA,NA,NA,NA,NA,NA,NA,NA,NA,NA,NA,NA,NA,NA,NA,NA,NA,NA,NA,NA,NA,NA,NA,NA,NA,NA,NA,NA,NA,NA,NA,NA,NA,NA,NA,NA,NA,NA,NA,NA,NA,NA,NA,NA,NA,NA,NA,NA,NA,NA,NA,NA,NA,NA,NA,NA,NA,NA,NA,NA,NA,NA,NA,NA,NA,NA,NA,NA,NA,NA,NA,NA,NA,NA,NA,NA,NA,NA,NA,NA,NA,NA,NA,NA,NA,NA,NA,NA,NA,NA,NA,NA,NA,NA,NA,NA,NA,NA,NA,NA,NA,NA,NA,NA,NA,NA,NA,NA,NA,NA,NA,NA,NA,NA,NA,NA,NA,NA,NA,NA,NA,NA,NA,NA,NA,NA,NA,NA,NA,NA,NA,NA,NA,NA,NA,NA,NA,NA,NA,NA,NA,NA,NA,NA,NA,NA,NA,NA,NA,NA,NA,NA,NA,NA,NA
0.0551497530950024,0.0463918745065981,0.0389282217622974,0.0334439127565425,0.0304177037325334,0.029639730401728,0.0301970165055931,0.0310588243548404,0.0315455787511627,0.0314118909313006,0.0307562498385558,0.0298921600400318,0.0291955123536076,0.0289345645855709,0.0291461410888106,0.0296416844665738,0.0301345079300055,0.0303874111090553,0.0303027097578924,0.0299414285054001,0.0294844221879259,0.0291492249870611,0.0290874639325723,0.0293111902366369,0.0296944347080712,0.0300465735875334,0.0302065778046239,0.0301099725181079,0.0298094580790366,0.0294489907365893,0.0291994604030462,0.029177587204976,0.029387583440569,0.0297217369475314,0.0300186549449334,0.0301414217798499,0.030036499495894,0.0297541400196941,0.029426657826656,0.0292102591454719,0.029210259145472,0.0294266578266558,0.0297541400196938,0.0300364994958938,0.0301414217798497,0.0300186549449332,0.0297217369475309,0.0293875834405691,0.0291775872049758,0.0291994604030464,0.0294489907365897,0.0298094580790376,0.0301099725181087,0.0302065778046253,0.0300465735875348,0.0296944347080719,0.0293111902366374,0.0290874639325723,0.0291492249870605,0.029484422187925,0.0299414285053986,0.0303027097578903,0.0303874111090533,0.0301345079300033,0.0296416844665717,0.0291461410888087,0.0289345645855701,0.0291955123536071,0.0298921600400316,0.0307562498385576,0.0314118909313022,0.0315455787511657,0.0310588243548441,0.0301970165055974,0.0296397304017309,0.0304177037325356,0.0334439127565434,0.0389282217622955,0.0463918745065941,0.0551497530949968,NA,NA,NA,NA,NA,NA,NA,NA,NA,NA,NA,NA,NA,NA,NA,NA,NA,NA,NA,NA,NA,NA,NA,NA,NA,NA,NA,NA,NA,NA,NA,NA,NA,NA,NA,NA,NA,NA,NA,NA,NA,NA,NA,NA,NA,NA,NA,NA,NA,NA,NA,NA,NA,NA,NA,NA,NA,NA,NA,NA,NA,NA,NA,NA,NA,NA,NA,NA,NA,NA,NA,NA,NA,NA,NA,NA,NA,NA,NA,NA,NA,NA,NA,NA,NA,NA,NA,NA,NA,NA,NA,NA,NA,NA,NA,NA,NA,NA,NA,NA,NA,NA,NA,NA,NA,NA,NA,NA,NA,NA,NA,NA,NA,NA,NA,NA,NA,NA,NA,NA,NA,NA,NA,NA,NA,NA,NA,NA,NA,NA,NA,NA,NA,NA,NA,NA,NA,NA,NA,NA,NA,NA,NA,NA,NA,NA,NA,NA,NA,NA,NA,NA,NA,NA,NA,NA,NA,NA,NA,NA,NA,NA,NA,NA,NA,NA,NA,NA,NA,NA
0.054629330515056,0.0460982274928594,0.0387939712550356,0.0333607056838051,0.0302663272657469,0.0293575323918109,0.0298082661721981,0.03063584514865,0.0311597511912319,0.0311057074505997,0.0305316115416448,0.0297112915676483,0.0289973340694331,0.028665688247739,0.0287907827472931,0.0292286681788583,0.0297184249610306,0.0300203316547302,0.0300113997799499,0.0297162982157056,0.0292828255654076,0.0289141636054672,0.0287763830432723,0.0289195519878444,0.0292583047110685,0.0296234373842431,0.0298475868710677,0.0298371450379797,0.029605330173419,0.0292622781067811,0.0289670398080734,0.0288556913606252,0.0289757851396834,0.0292641324321518,0.0295818510912273,0.029783123749624,0.0297795935587256,0.0295752626770425,0.0292636273176472,0.0289884642497711,0.0288793589021951,0.0289884642497715,0.0292636273176472,0.0295752626770427,0.0297795935587256,0.0297831237496244,0.0295818510912274,0.0292641324321517,0.0289757851396833,0.0288556913606247,0.0289670398080729,0.029262278106781,0.029605330173419,0.0298371450379793,0.0298475868710678,0.0296234373842433,0.0292583047110684,0.0289195519878451,0.028776383043273,0.0289141636054691,0.0292828255654089,0.0297162982157058,0.030011399779951,0.0300203316547309,0.029718424961031,0.0292286681788584,0.0287907827472933,0.0286656882477383,0.0289973340694318,0.0297112915676478,0.0305316115416443,0.0311057074505979,0.0311597511912277,0.0306358451486464,0.0298082661721965,0.0293575323918098,0.0302663272657471,0.033360705683806,0.0387939712550377,0.046098227492862,0.0546293305150608,NA,NA,NA,NA,NA,NA,NA,NA,NA,NA,NA,NA,NA,NA,NA,NA,NA,NA,NA,NA,NA,NA,NA,NA,NA,NA,NA,NA,NA,NA,NA,NA,NA,NA,NA,NA,NA,NA,NA,NA,NA,NA,NA,NA,NA,NA,NA,NA,NA,NA,NA,NA,NA,NA,NA,NA,NA,NA,NA,NA,NA,NA,NA,NA,NA,NA,NA,NA,NA,NA,NA,NA,NA,NA,NA,NA,NA,NA,NA,NA,NA,NA,NA,NA,NA,NA,NA,NA,NA,NA,NA,NA,NA,NA,NA,NA,NA,NA,NA,NA,NA,NA,NA,NA,NA,NA,NA,NA,NA,NA,NA,NA,NA,NA,NA,NA,NA,NA,NA,NA,NA,NA,NA,NA,NA,NA,NA,NA,NA,NA,NA,NA,NA,NA,NA,NA,NA,NA,NA,NA,NA,NA,NA,NA,NA,NA,NA,NA,NA,NA,NA,NA,NA,NA,NA,NA,NA,NA,NA,NA,NA,NA,NA,NA,NA,NA,NA,NA,NA
0.0544365367735953,0.0460401158608302,0.038823572088947,0.0334041877342707,0.0302455085463572,0.0292367897791254,0.0296138417239852,0.0304257603791306,0.0309872427294447,0.0309991319593087,0.0304869898196597,0.0296945266605357,0.0289580336128548,0.0285618509406664,0.0286124331307864,0.0290031585624024,0.029494309038438,0.0298431067710356,0.0299040891445792,0.0296701983377964,0.0292601904554335,0.0288635572125544,0.0286571176222967,0.0287234776438356,0.029014791812242,0.0293843590531636,0.0296626086350719,0.0297320245510947,0.0295706608623525,0.0292558724329194,0.0289306692359942,0.0287419486109806,0.0287727746527621,0.0290028641798038,0.0293213387960624,0.0295827014892396,0.0296727012240859,0.0295544721613951,0.0292816068446968,0.0289761963464426,0.0287773334597466,0.028777333459747,0.0289761963464428,0.0292816068446968,0.0295544721613951,0.0296727012240855,0.0295827014892395,0.0293213387960622,0.0290028641798034,0.0287727746527617,0.0287419486109806,0.0289306692359941,0.0292558724329192,0.0295706608623521,0.0297320245510939,0.0296626086350707,0.0293843590531627,0.029014791812241,0.0287234776438354,0.0286571176222961,0.0288635572125537,0.0292601904554336,0.0296701983377972,0.0299040891445805,0.0298431067710372,0.0294943090384384,0.0290031585624026,0.0286124331307865,0.0285618509406676,0.0289580336128553,0.0296945266605363,0.0304869898196598,0.0309991319593091,0.0309872427294452,0.0304257603791308,0.029613841723985,0.0292367897791264,0.0302455085463563,0.0334041877342698,0.0388235720889461,0.0460401158608285,0.0544365367735926,NA,NA,NA,NA,NA,NA,NA,NA,NA,NA,NA,NA,NA,NA,NA,NA,NA,NA,NA,NA,NA,NA,NA,NA,NA,NA,NA,NA,NA,NA,NA,NA,NA,NA,NA,NA,NA,NA,NA,NA,NA,NA,NA,NA,NA,NA,NA,NA,NA,NA,NA,NA,NA,NA,NA,NA,NA,NA,NA,NA,NA,NA,NA,NA,NA,NA,NA,NA,NA,NA,NA,NA,NA,NA,NA,NA,NA,NA,NA,NA,NA,NA,NA,NA,NA,NA,NA,NA,NA,NA,NA,NA,NA,NA,NA,NA,NA,NA,NA,NA,NA,NA,NA,NA,NA,NA,NA,NA,NA,NA,NA,NA,NA,NA,NA,NA,NA,NA,NA,NA,NA,NA,NA,NA,NA,NA,NA,NA,NA,NA,NA,NA,NA,NA,NA,NA,NA,NA,NA,NA,NA,NA,NA,NA,NA,NA,NA,NA,NA,NA,NA,NA,NA,NA,NA,NA,NA,NA,NA,NA,NA,NA,NA,NA,NA,NA,NA,NA
0.0542543501313028,0.0458463693178177,0.038609972186272,0.033168364981774,0.0300015429061646,0.0290148768565366,0.0294429255703884,0.0303191134381523,0.030939942410721,0.0309899552576478,0.0304819589954711,0.0296544973187948,0.0288522267570629,0.0283837543215498,0.0283871387029435,0.0287774482079242,0.0293153178345452,0.0297392091455921,0.029875272886195,0.0296882021652053,0.0292775443995923,0.0288308537770034,0.0285445415965541,0.0285364166509042,0.0287925593503278,0.0291816522427547,0.0295250543614928,0.02967771199978,0.0295831015749478,0.029289401456099,0.0289275781164528,0.0286573846275369,0.0285971617221836,0.0287684838273905,0.0290877447108894,0.0294095555172395,0.0295942600918477,0.0295653479304123,0.0293374399629596,0.0290096550290605,0.0287262603377572,0.028614808797389,0.0287262603377573,0.0290096550290603,0.0293374399629594,0.0295653479304124,0.0295942600918477,0.0294095555172395,0.0290877447108893,0.0287684838273901,0.0285971617221833,0.0286573846275358,0.0289275781164512,0.0292894014560979,0.0295831015749467,0.0296777119997788,0.0295250543614921,0.0291816522427539,0.0287925593503282,0.0285364166509047,0.0285445415965545,0.0288308537770046,0.029277544399593,0.0296882021652082,0.0298752728861977,0.0297392091455944,0.0293153178345482,0.0287774482079264,0.0283871387029444,0.0283837543215508,0.028852226757063,0.0296544973187931,0.0304819589954686,0.0309899552576453,0.0309399424107189,0.0303191134381465,0.029442925570383,0.0290148768565336,0.0300015429061628,0.0331683649817736,0.0386099721862741,0.0458463693178207,0.0542543501313071,NA,NA,NA,NA,NA,NA,NA,NA,NA,NA,NA,NA,NA,NA,NA,NA,NA,NA,NA,NA,NA,NA,NA,NA,NA,NA,NA,NA,NA,NA,NA,NA,NA,NA,NA,NA,NA,NA,NA,NA,NA,NA,NA,NA,NA,NA,NA,NA,NA,NA,NA,NA,NA,NA,NA,NA,NA,NA,NA,NA,NA,NA,NA,NA,NA,NA,NA,NA,NA,NA,NA,NA,NA,NA,NA,NA,NA,NA,NA,NA,NA,NA,NA,NA,NA,NA,NA,NA,NA,NA,NA,NA,NA,NA,NA,NA,NA,NA,NA,NA,NA,NA,NA,NA,NA,NA,NA,NA,NA,NA,NA,NA,NA,NA,NA,NA,NA,NA,NA,NA,NA,NA,NA,NA,NA,NA,NA,NA,NA,NA,NA,NA,NA,NA,NA,NA,NA,NA,NA,NA,NA,NA,NA,NA,NA,NA,NA,NA,NA,NA,NA,NA,NA,NA,NA,NA,NA,NA,NA,NA,NA,NA,NA,NA,NA,NA,NA
0.0545902252135193,0.0461716885372509,0.0389069089035596,0.0334124436731077,0.0301761955356671,0.0291318840232948,0.0295412843953123,0.0304414238681583,0.031113291211469,0.0312187693999776,0.0307477217791709,0.0299208037804279,0.0290770335034022,0.0285383762942735,0.0284731461876132,0.0288280564325924,0.0293790573276199,0.0298579520252687,0.0300681319564912,0.0299449206095309,0.0295614547938473,0.0290915349553901,0.0287385720281852,0.0286485746170168,0.0288448003510868,0.0292229658841623,0.0296087858424699,0.0298391034523857,0.029825551341134,0.0295824174975895,0.0292171101842945,0.0288872430725499,0.0287348867170258,0.0288226006051612,0.0291050282041958,0.0294535621201525,0.0297176007173551,0.0297881581659399,0.0296385606531741,0.0293328435756959,0.029001265063037,0.0287881044135144,0.0287881044135147,0.0290012650630368,0.0293328435756963,0.0296385606531739,0.0297881581659397,0.0297176007173549,0.0294535621201525,0.0291050282041959,0.0288226006051611,0.0287348867170254,0.0288872430725491,0.0292171101842936,0.0295824174975887,0.0298255513411337,0.0298391034523852,0.0296087858424701,0.0292229658841627,0.0288448003510878,0.028648574617018,0.0287385720281866,0.0290915349553902,0.0295614547938478,0.0299449206095322,0.0300681319564923,0.0298579520252691,0.0293790573276213,0.0288280564325919,0.0284731461876136,0.0285383762942729,0.0290770335034025,0.0299208037804281,0.0307477217791701,0.0312187693999774,0.031113291211468,0.0304414238681584,0.029541284395312,0.0291318840232951,0.0301761955356668,0.0334124436731078,0.0389069089035592,0.0461716885372505,0.0545902252135198,NA,NA,NA,NA,NA,NA,NA,NA,NA,NA,NA,NA,NA,NA,NA,NA,NA,NA,NA,NA,NA,NA,NA,NA,NA,NA,NA,NA,NA,NA,NA,NA,NA,NA,NA,NA,NA,NA,NA,NA,NA,NA,NA,NA,NA,NA,NA,NA,NA,NA,NA,NA,NA,NA,NA,NA,NA,NA,NA,NA,NA,NA,NA,NA,NA,NA,NA,NA,NA,NA,NA,NA,NA,NA,NA,NA,NA,NA,NA,NA,NA,NA,NA,NA,NA,NA,NA,NA,NA,NA,NA,NA,NA,NA,NA,NA,NA,NA,NA,NA,NA,NA,NA,NA,NA,NA,NA,NA,NA,NA,NA,NA,NA,NA,NA,NA,NA,NA,NA,NA,NA,NA,NA,NA,NA,NA,NA,NA,NA,NA,NA,NA,NA,NA,NA,NA,NA,NA,NA,NA,NA,NA,NA,NA,NA,NA,NA,NA,NA,NA,NA,NA,NA,NA,NA,NA,NA,NA,NA,NA,NA,NA,NA,NA,NA,NA
0.0542504212410374,0.0459009204354128,0.0386796712848695,0.0331943434223587,0.0299379216568142,0.028868747753191,0.0292746290264601,0.0302005607226364,0.0309190849686283,0.0310754093496593,0.0306399407620105,0.0298163488382461,0.0289365556321968,0.0283327791013084,0.0282006329624578,0.0285177086196136,0.0290770370787042,0.0296067802551363,0.0298904304149593,0.0298356076960485,0.0294886433054846,0.029006544555701,0.0285945636647941,0.0284221498711881,0.0285487595549425,0.0289009938353664,0.0293153405780315,0.0296164617298242,0.0296876089751068,0.0295090795217665,0.0291603458742693,0.0287886253267196,0.0285505874664975,0.0285450648598366,0.0287682281647745,0.0291178355246676,0.0294432183269151,0.0296108042005462,0.0295551377819326,0.0293009788445053,0.028953522839466,0.0286588198788598,0.0285437941466839,0.0286588198788595,0.0289535228394655,0.0293009788445046,0.0295551377819321,0.0296108042005454,0.0294432183269143,0.0291178355246666,0.0287682281647736,0.0285450648598358,0.0285505874664974,0.0287886253267199,0.0291603458742702,0.0295090795217679,0.0296876089751081,0.0296164617298263,0.0293153405780331,0.0289009938353675,0.0285487595549434,0.0284221498711884,0.0285945636647938,0.0290065445556999,0.0294886433054825,0.0298356076960468,0.0298904304149574,0.0296067802551337,0.0290770370787011,0.0285177086196121,0.0282006329624573,0.0283327791013081,0.0289365556321983,0.0298163488382481,0.0306399407620155,0.0310754093496647,0.0309190849686338,0.0302005607226414,0.0292746290264661,0.0288687477531955,0.0299379216568165,0.0331943434223583,0.0386796712848656,0.0459009204354116,0.0542504212410335,NA,NA,NA,NA,NA,NA,NA,NA,NA,NA,NA,NA,NA,NA,NA,NA,NA,NA,NA,NA,NA,NA,NA,NA,NA,NA,NA,NA,NA,NA,NA,NA,NA,NA,NA,NA,NA,NA,NA,NA,NA,NA,NA,NA,NA,NA,NA,NA,NA,NA,NA,NA,NA,NA,NA,NA,NA,NA,NA,NA,NA,NA,NA,NA,NA,NA,NA,NA,NA,NA,NA,NA,NA,NA,NA,NA,NA,NA,NA,NA,NA,NA,NA,NA,NA,NA,NA,NA,NA,NA,NA,NA,NA,NA,NA,NA,NA,NA,NA,NA,NA,NA,NA,NA,NA,NA,NA,NA,NA,NA,NA,NA,NA,NA,NA,NA,NA,NA,NA,NA,NA,NA,NA,NA,NA,NA,NA,NA,NA,NA,NA,NA,NA,NA,NA,NA,NA,NA,NA,NA,NA,NA,NA,NA,NA,NA,NA,NA,NA,NA,NA,NA,NA,NA,NA,NA,NA,NA,NA,NA,NA,NA,NA,NA,NA
0.0538425594472832,0.0455991496553173,0.03845120362702,0.0329907896806945,0.0297100079548486,0.0285943129549176,0.0289696614213405,0.0299007096084873,0.0306570051102561,0.0308677264935079,0.0304815567869093,0.0296804867605343,0.0287823948531377,0.0281221140644217,0.0279180537515818,0.028180682385778,0.0287274407942403,0.0292910945379343,0.0296411048648683,0.029659732552994,0.0293649904676896,0.0288915800239072,0.0284379670764656,0.0281885825119284,0.0282357019124369,0.0285409625771983,0.0289607836216464,0.0293170868694697,0.0294710837168005,0.0293706926287282,0.029063516393701,0.0286770191912037,0.0283702989398331,0.028269325130209,0.0284115236627446,0.0287301474402533,0.0290879206222252,0.0293385124740699,0.0293841162619554,0.029209288280087,0.0288849978925896,0.028543101534105,0.0283259168726871,0.0283259168726875,0.0285431015341051,0.0288849978925897,0.0292092882800873,0.029384116261956,0.0293385124740701,0.0290879206222251,0.0287301474402537,0.0284115236627444,0.0282693251302089,0.0283702989398328,0.0286770191912036,0.0290635163937006,0.0293706926287274,0.0294710837167997,0.0293170868694682,0.0289607836216446,0.0285409625771973,0.0282357019124361,0.0281885825119275,0.0284379670764648,0.0288915800239063,0.0293649904676896,0.0296597325529937,0.0296411048648675,0.0292910945379349,0.0287274407942391,0.0281806823857777,0.0279180537515822,0.0281221140644222,0.0287823948531388,0.0296804867605359,0.0304815567869136,0.0308677264935123,0.03065700511026,0.0299007096084916,0.028969661421344,0.0285943129549212,0.0297100079548507,0.032990789680694,0.0384512036270188,0.0455991496553123,0.0538425594472769,NA,NA,NA,NA,NA,NA,NA,NA,NA,NA,NA,NA,NA,NA,NA,NA,NA,NA,NA,NA,NA,NA,NA,NA,NA,NA,NA,NA,NA,NA,NA,NA,NA,NA,NA,NA,NA,NA,NA,NA,NA,NA,NA,NA,NA,NA,NA,NA,NA,NA,NA,NA,NA,NA,NA,NA,NA,NA,NA,NA,NA,NA,NA,NA,NA,NA,NA,NA,NA,NA,NA,NA,NA,NA,NA,NA,NA,NA,NA,NA,NA,NA,NA,NA,NA,NA,NA,NA,NA,NA,NA,NA,NA,NA,NA,NA,NA,NA,NA,NA,NA,NA,NA,NA,NA,NA,NA,NA,NA,NA,NA,NA,NA,NA,NA,NA,NA,NA,NA,NA,NA,NA,NA,NA,NA,NA,NA,NA,NA,NA,NA,NA,NA,NA,NA,NA,NA,NA,NA,NA,NA,NA,NA,NA,NA,NA,NA,NA,NA,NA,NA,NA,NA,NA,NA,NA,NA,NA,NA,NA,NA,NA,NA,NA
0.0534552911666425,0.0453141147533892,0.0382369844718652,0.0328007763239661,0.0294960396961045,0.0283336725867243,0.02867691087737,0.0296106000122427,0.0304023450234635,0.0306664274035166,0.0303307979776797,0.0295561320434327,0.0286452690543082,0.0279329934953736,0.0276574249582586,0.0278608249310928,0.0283868897293211,0.0289763512052012,0.0293878589259283,0.0294805697706116,0.0292449176708753,0.0287917777267367,0.0283085827350172,0.0279888880412368,0.0279535771637633,0.0281998223136813,0.0286089496688122,0.0290067116474351,0.0292377849569138,0.0292206844744995,0.028970601953979,0.0285904018076165,0.0282329608486084,0.0280423058137159,0.0280929824109435,0.028357534850408,0.0287216114819779,0.0290366068864843,0.029180067082764,0.0290991707398755,0.0288271869943533,0.0284714740427826,0.0281750353137555,0.0280601499507029,0.0281750353137557,0.0284714740427831,0.0288271869943542,0.0290991707398762,0.029180067082764,0.0290366068864841,0.0287216114819775,0.0283575348504079,0.0280929824109433,0.0280423058137158,0.0282329608486085,0.0285904018076171,0.0289706019539797,0.0292206844744999,0.0292377849569147,0.029006711647436,0.028608949668813,0.028199822313682,0.0279535771637636,0.0279888880412379,0.0283085827350176,0.0287917777267376,0.0292449176708746,0.0294805697706117,0.0293878589259288,0.0289763512052015,0.0283868897293197,0.0278608249310926,0.0276574249582576,0.0279329934953736,0.0286452690543081,0.0295561320434318,0.0303307979776785,0.0306664274035172,0.030402345023464,0.0296106000122438,0.0286769108773719,0.0283336725867253,0.029496039696105,0.0328007763239668,0.0382369844718641,0.0453141147533879,0.0534552911666391,NA,NA,NA,NA,NA,NA,NA,NA,NA,NA,NA,NA,NA,NA,NA,NA,NA,NA,NA,NA,NA,NA,NA,NA,NA,NA,NA,NA,NA,NA,NA,NA,NA,NA,NA,NA,NA,NA,NA,NA,NA,NA,NA,NA,NA,NA,NA,NA,NA,NA,NA,NA,NA,NA,NA,NA,NA,NA,NA,NA,NA,NA,NA,NA,NA,NA,NA,NA,NA,NA,NA,NA,NA,NA,NA,NA,NA,NA,NA,NA,NA,NA,NA,NA,NA,NA,NA,NA,NA,NA,NA,NA,NA,NA,NA,NA,NA,NA,NA,NA,NA,NA,NA,NA,NA,NA,NA,NA,NA,NA,NA,NA,NA,NA,NA,NA,NA,NA,NA,NA,NA,NA,NA,NA,NA,NA,NA,NA,NA,NA,NA,NA,NA,NA,NA,NA,NA,NA,NA,NA,NA,NA,NA,NA,NA,NA,NA,NA,NA,NA,NA,NA,NA,NA,NA,NA,NA,NA,NA,NA,NA,NA,NA
0.0538727859368698,0.0456343553229121,0.0384626833873767,0.0329445991842498,0.029589639710841,0.0284256901146175,0.0288126108347578,0.0298140329152887,0.0306742117949504,0.0309886684835338,0.0306715446312428,0.0298757794213874,0.0289062212807591,0.0281136163249759,0.0277647948578996,0.0279316949847252,0.0284727706925329,0.0291224050242202,0.0296175595745985,0.0297897008257245,0.0296032925999531,0.0291514606424512,0.0286185216355494,0.0282140367170937,0.0280912578346382,0.0282828858002671,0.0286919512748468,0.0291431964719759,0.0294604463778999,0.0295307053094433,0.0293371621729759,0.0289598971294924,0.028547096788173,0.0282612692312525,0.0282142632664959,0.0284190375713335,0.0287858826295313,0.0291650949767725,0.029409955207671,0.0294302558034992,0.0292209781734958,0.0288627129994525,0.0284944900395668,0.0282630974784969,0.0282630974784964,0.0284944900395659,0.0288627129994516,0.0292209781734946,0.0294302558034979,0.0294099552076704,0.0291650949767718,0.0287858826295309,0.0284190375713331,0.0282142632664956,0.0282612692312522,0.0285470967881724,0.0289598971294921,0.0293371621729754,0.029530705309443,0.0294604463779004,0.0291431964719769,0.0286919512748483,0.0282828858002683,0.02809125783464,0.0282140367170954,0.0286185216355497,0.0291514606424524,0.0296032925999538,0.0297897008257222,0.0296175595745977,0.0291224050242196,0.0284727706925318,0.0279316949847244,0.0277647948578976,0.0281136163249735,0.0289062212807574,0.0298757794213865,0.0306715446312425,0.0309886684835327,0.0306742117949502,0.0298140329152859,0.0288126108347592,0.028425690114618,0.0295896397108419,0.0329445991842501,0.0384626833873772,0.0456343553229115,0.0538727859368706,NA,NA,NA,NA,NA,NA,NA,NA,NA,NA,NA,NA,NA,NA,NA,NA,NA,NA,NA,NA,NA,NA,NA,NA,NA,NA,NA,NA,NA,NA,NA,NA,NA,NA,NA,NA,NA,NA,NA,NA,NA,NA,NA,NA,NA,NA,NA,NA,NA,NA,NA,NA,NA,NA,NA,NA,NA,NA,NA,NA,NA,NA,NA,NA,NA,NA,NA,NA,NA,NA,NA,NA,NA,NA,NA,NA,NA,NA,NA,NA,NA,NA,NA,NA,NA,NA,NA,NA,NA,NA,NA,NA,NA,NA,NA,NA,NA,NA,NA,NA,NA,NA,NA,NA,NA,NA,NA,NA,NA,NA,NA,NA,NA,NA,NA,NA,NA,NA,NA,NA,NA,NA,NA,NA,NA,NA,NA,NA,NA,NA,NA,NA,NA,NA,NA,NA,NA,NA,NA,NA,NA,NA,NA,NA,NA,NA,NA,NA,NA,NA,NA,NA,NA,NA,NA,NA,NA,NA,NA,NA,NA,NA
0.0537777240114828,0.0455510981574678,0.0383766299122247,0.0328387172105907,0.0294553169471063,0.0282743661797315,0.0286714463550234,0.0297096538967199,0.0306218393021001,0.0309883567307012,0.0307073864073179,0.0299176844580993,0.0289164140083492,0.0280596374211716,0.0276358546128725,0.0277476878944531,0.0282769218927229,0.0289624687391617,0.0295279880356535,0.0297812312717107,0.0296599734769132,0.0292343272717482,0.0286764272093513,0.0282014402498708,0.0279879633968666,0.0281050020575734,0.028485751108739,0.0289653592042715,0.0293561760029386,0.0295184164398383,0.0294024793481344,0.0290592243837427,0.0286209182476022,0.0282557699100654,0.0281045986367489,0.0282222522436985,0.0285546693107012,0.0289657777748059,0.0292967861588354,0.0294262490308228,0.0293096109614744,0.0289916716244804,0.0285918374776553,0.0282638110394679,0.0281374667945114,0.028263811039468,0.0285918374776548,0.02899167162448,0.0293096109614744,0.0294262490308225,0.0292967861588357,0.0289657777748061,0.0285546693107009,0.0282222522436985,0.0281045986367483,0.0282557699100649,0.0286209182476016,0.029059224383742,0.0294024793481343,0.0295184164398382,0.0293561760029394,0.0289653592042724,0.0284857511087392,0.0281050020575738,0.027987963396867,0.0282014402498716,0.0286764272093524,0.0292343272717478,0.0296599734769137,0.0297812312717121,0.0295279880356527,0.0289624687391632,0.0282769218927245,0.0277476878944534,0.0276358546128729,0.0280596374211719,0.0289164140083471,0.0299176844580973,0.0307073864073147,0.0309883567306984,0.0306218393020966,0.0297096538967172,0.0286714463550193,0.02827436617973,0.0294553169471052,0.0328387172105904,0.0383766299122254,0.045551098157473,0.0537777240114849,NA,NA,NA,NA,NA,NA,NA,NA,NA,NA,NA,NA,NA,NA,NA,NA,NA,NA,NA,NA,NA,NA,NA,NA,NA,NA,NA,NA,NA,NA,NA,NA,NA,NA,NA,NA,NA,NA,NA,NA,NA,NA,NA,NA,NA,NA,NA,NA,NA,NA,NA,NA,NA,NA,NA,NA,NA,NA,NA,NA,NA,NA,NA,NA,NA,NA,NA,NA,NA,NA,NA,NA,NA,NA,NA,NA,NA,NA,NA,NA,NA,NA,NA,NA,NA,NA,NA,NA,NA,NA,NA,NA,NA,NA,NA,NA,NA,NA,NA,NA,NA,NA,NA,NA,NA,NA,NA,NA,NA,NA,NA,NA,NA,NA,NA,NA,NA,NA,NA,NA,NA,NA,NA,NA,NA,NA,NA,NA,NA,NA,NA,NA,NA,NA,NA,NA,NA,NA,NA,NA,NA,NA,NA,NA,NA,NA,NA,NA,NA,NA,NA,NA,NA,NA,NA,NA,NA,NA,NA,NA,NA
0.0533126639075704,0.0452271213266227,0.0381562423878414,0.0326624416152702,0.0292541848172761,0.0280042788332151,0.0283372840365506,0.0293506074755446,0.0302833116840452,0.0307037725179993,0.0304890879163897,0.0297530659464646,0.0287697856413965,0.0278829402657049,0.0273888739801971,0.0274189223877885,0.027890014197975,0.0285638768386319,0.0291666386059255,0.0294912635441444,0.0294503172972076,0.0290853795255185,0.0285446622088627,0.0280332954044842,0.0277411378154312,0.0277682050287802,0.0280846859219913,0.0285510666115669,0.0289838319084223,0.0292273070942325,0.0292029664200386,0.0289285507226909,0.0285089523652005,0.0281013646262178,0.0278596098579859,0.0278734392628451,0.0281308490608925,0.0285256735419967,0.0289052370815577,0.0291304483762686,0.0291228555729727,0.0288876560269067,0.0285110793858604,0.0281329084420376,0.0278976794495328,0.0278976794495333,0.0281329084420388,0.0285110793858611,0.0288876560269076,0.0291228555729731,0.029130448376269,0.0289052370815577,0.0285256735419961,0.0281308490608918,0.0278734392628445,0.0278596098579859,0.0281013646262173,0.0285089523652004,0.0289285507226901,0.0292029664200385,0.0292273070942318,0.0289838319084215,0.0285510666115664,0.02808468592199,0.0277682050287801,0.0277411378154317,0.0280332954044856,0.0285446622088642,0.0290853795255205,0.0294503172972109,0.0294912635441474,0.0291666386059271,0.0285638768386348,0.0278900141979756,0.0274189223877894,0.0273888739801975,0.0278829402657044,0.028769785641396,0.029753065946463,0.0304890879163882,0.0307037725179979,0.0302833116840414,0.0293506074755437,0.0283372840365473,0.0280042788332124,0.029254184817276,0.0326624416152708,0.0381562423878435,0.0452271213266267,0.0533126639075715,NA,NA,NA,NA,NA,NA,NA,NA,NA,NA,NA,NA,NA,NA,NA,NA,NA,NA,NA,NA,NA,NA,NA,NA,NA,NA,NA,NA,NA,NA,NA,NA,NA,NA,NA,NA,NA,NA,NA,NA,NA,NA,NA,NA,NA,NA,NA,NA,NA,NA,NA,NA,NA,NA,NA,NA,NA,NA,NA,NA,NA,NA,NA,NA,NA,NA,NA,NA,NA,NA,NA,NA,NA,NA,NA,NA,NA,NA,NA,NA,NA,NA,NA,NA,NA,NA,NA,NA,NA,NA,NA,NA,NA,NA,NA,NA,NA,NA,NA,NA,NA,NA,NA,NA,NA,NA,NA,NA,NA,NA,NA,NA,NA,NA,NA,NA,NA,NA,NA,NA,NA,NA,NA,NA,NA,NA,NA,NA,NA,NA,NA,NA,NA,NA,NA,NA,NA,NA,NA,NA,NA,NA,NA,NA,NA,NA,NA,NA,NA,NA,NA,NA,NA,NA,NA,NA,NA,NA,NA,NA
0.0531122122185816,0.0450867393525414,0.0380531608399166,0.0325634389991948,0.0291260256961277,0.02783427226969,0.0281421938100269,0.0291623404395137,0.030130882777897,0.0306033751520024,0.0304397249233644,0.0297354354214807,0.0287494408189781,0.0278201942284905,0.027255448068045,0.0272136974913445,0.0276417085388168,0.0283180208428465,0.0289669551037782,0.0293651665051563,0.0294011708239353,0.0290910273282704,0.0285624612353888,0.0280126697287971,0.0276424296829606,0.0275806808134266,0.0278327560752116,0.0282840007104694,0.0287556882373244,0.0290776019187171,0.0291441127448781,0.0289416065058648,0.0285481219451176,0.0281077674449274,0.0277826821229448,0.0276927195826995,0.0278664962995783,0.0282306998501928,0.0286441170685257,0.0289553741417074,0.0290562149622449,0.0289141919987291,0.0285808888904977,0.0281760180827922,0.0278487792255318,0.0277235147930932,0.0278487792255322,0.0281760180827925,0.0285808888904981,0.028914191998729,0.029056214962245,0.0289553741417075,0.028644117068526,0.0282306998501932,0.0278664962995791,0.0276927195826999,0.0277826821229458,0.0281077674449282,0.0285481219451182,0.0289416065058663,0.0291441127448782,0.0290776019187173,0.0287556882373244,0.0282840007104682,0.0278327560752104,0.0275806808134253,0.0276424296829593,0.0280126697287954,0.0285624612353881,0.0290910273282688,0.0294011708239343,0.0293651665051562,0.0289669551037784,0.028318020842849,0.0276417085388172,0.0272136974913456,0.0272554480680472,0.0278201942284927,0.0287494408189802,0.0297354354214827,0.0304397249233661,0.0306033751520042,0.0301308827778985,0.0291623404395156,0.0281421938100265,0.0278342722696893,0.0291260256961272,0.032563438999193,0.0380531608399162,0.0450867393525423,0.0531122122185791,NA,NA,NA,NA,NA,NA,NA,NA,NA,NA,NA,NA,NA,NA,NA,NA,NA,NA,NA,NA,NA,NA,NA,NA,NA,NA,NA,NA,NA,NA,NA,NA,NA,NA,NA,NA,NA,NA,NA,NA,NA,NA,NA,NA,NA,NA,NA,NA,NA,NA,NA,NA,NA,NA,NA,NA,NA,NA,NA,NA,NA,NA,NA,NA,NA,NA,NA,NA,NA,NA,NA,NA,NA,NA,NA,NA,NA,NA,NA,NA,NA,NA,NA,NA,NA,NA,NA,NA,NA,NA,NA,NA,NA,NA,NA,NA,NA,NA,NA,NA,NA,NA,NA,NA,NA,NA,NA,NA,NA,NA,NA,NA,NA,NA,NA,NA,NA,NA,NA,NA,NA,NA,NA,NA,NA,NA,NA,NA,NA,NA,NA,NA,NA,NA,NA,NA,NA,NA,NA,NA,NA,NA,NA,NA,NA,NA,NA,NA,NA,NA,NA,NA,NA,NA,NA,NA,NA,NA,NA
0.0526363333384831,0.0447861353654126,0.0378851834095552,0.0324572647221772,0.0289932713661372,0.0276087442893939,0.0278165284634094,0.0287783222253688,0.0297458654038587,0.030266102750985,0.0301779402369844,0.0295496754253558,0.028611861836875,0.0276812942625602,0.0270617382793339,0.0269320360621484,0.027275546312153,0.0279040057706047,0.0285569823343752,0.0290065419109075,0.0291219714738775,0.0288920019540678,0.028415873183111,0.0278695887076062,0.0274494016912518,0.0273017451695922,0.027465955005673,0.0278621259312611,0.0283316950846289,0.0287040825440621,0.0288555482180149,0.0287433701902343,0.0284136879898423,0.0279854526210057,0.0276125240115823,0.02742990513718,0.0275012617742985,0.0277933151819102,0.028192254903418,0.0285517349491468,0.028746665694798,0.0287126447814577,0.0284635550589265,0.028086708168853,0.0277162485393523,0.0274880585283982,0.0274880585283983,0.0277162485393518,0.028086708168852,0.0284635550589257,0.0287126447814571,0.0287466656947971,0.0285517349491467,0.0281922549034176,0.0277933151819103,0.027501261774299,0.0274299051371802,0.0276125240115833,0.0279854526210068,0.0284136879898432,0.0287433701902352,0.0288555482180156,0.0287040825440622,0.0283316950846301,0.0278621259312615,0.0274659550056739,0.0273017451695922,0.0274494016912519,0.0278695887076056,0.0284158731831108,0.028892001954066,0.0291219714738761,0.0290065419109063,0.0285569823343745,0.0279040057706032,0.0272755463121519,0.0269320360621472,0.027061738279333,0.0276812942625602,0.0286118618368767,0.029549675425357,0.0301779402369861,0.030266102750989,0.0297458654038619,0.0287783222253705,0.027816528463413,0.0276087442893958,0.0289932713661379,0.0324572647221773,0.0378851834095535,0.0447861353654118,0.0526363333384812,NA,NA,NA,NA,NA,NA,NA,NA,NA,NA,NA,NA,NA,NA,NA,NA,NA,NA,NA,NA,NA,NA,NA,NA,NA,NA,NA,NA,NA,NA,NA,NA,NA,NA,NA,NA,NA,NA,NA,NA,NA,NA,NA,NA,NA,NA,NA,NA,NA,NA,NA,NA,NA,NA,NA,NA,NA,NA,NA,NA,NA,NA,NA,NA,NA,NA,NA,NA,NA,NA,NA,NA,NA,NA,NA,NA,NA,NA,NA,NA,NA,NA,NA,NA,NA,NA,NA,NA,NA,NA,NA,NA,NA,NA,NA,NA,NA,NA,NA,NA,NA,NA,NA,NA,NA,NA,NA,NA,NA,NA,NA,NA,NA,NA,NA,NA,NA,NA,NA,NA,NA,NA,NA,NA,NA,NA,NA,NA,NA,NA,NA,NA,NA,NA,NA,NA,NA,NA,NA,NA,NA,NA,NA,NA,NA,NA,NA,NA,NA,NA,NA,NA,NA,NA,NA,NA,NA,NA
0.0522320166910552,0.0446262850836981,0.037913659119965,0.0325759114432831,0.0290713219238784,0.0275362206922804,0.0275651345114235,0.0283993541225333,0.0293238298528927,0.0298809478018143,0.029885343304436,0.0293708856312463,0.0285291908466547,0.0276415770963774,0.0269927748397082,0.0267715623022473,0.026998800404103,0.0275317460239785,0.0281417206630548,0.0286097571335323,0.0287936395969671,0.0286564714821929,0.0282649244210859,0.02776409045236,0.0273315933072412,0.0271171013521527,0.0271862760140949,0.0274972058608932,0.0279235291484632,0.0283089885389688,0.0285238432411686,0.0285031277967136,0.0282614994127582,0.0278860385828939,0.027508920297525,0.0272636655194668,0.0272362286877055,0.0274313067378478,0.0277720784686248,0.0281332457916094,0.02838879457085,0.0284537073337188,0.0283084632031706,0.0280036039246393,0.0276446084087638,0.0273586685226031,0.0272499179155999,0.0273586685226028,0.0276446084087638,0.028003603924639,0.0283084632031704,0.0284537073337184,0.0283887945708498,0.0281332457916091,0.0277720784686246,0.0274313067378478,0.0272362286877057,0.027263665519467,0.0275089202975256,0.0278860385828945,0.0282614994127594,0.0285031277967146,0.0285238432411697,0.0283089885389704,0.0279235291484641,0.0274972058608936,0.0271862760140952,0.0271171013521526,0.0273315933072408,0.0277640904523593,0.0282649244210848,0.0286564714821915,0.0287936395969646,0.0286097571335298,0.0281417206630531,0.027531746023976,0.026998800404102,0.0267715623022474,0.0269927748397088,0.0276415770963786,0.0285291908466567,0.0293708856312497,0.0298853433044366,0.0298809478018156,0.0293238298528942,0.0283993541225352,0.0275651345114263,0.0275362206922818,0.0290713219238784,0.0325759114432819,0.0379136591199651,0.0446262850836955,0.0522320166910503,NA,NA,NA,NA,NA,NA,NA,NA,NA,NA,NA,NA,NA,NA,NA,NA,NA,NA,NA,NA,NA,NA,NA,NA,NA,NA,NA,NA,NA,NA,NA,NA,NA,NA,NA,NA,NA,NA,NA,NA,NA,NA,NA,NA,NA,NA,NA,NA,NA,NA,NA,NA,NA,NA,NA,NA,NA,NA,NA,NA,NA,NA,NA,NA,NA,NA,NA,NA,NA,NA,NA,NA,NA,NA,NA,NA,NA,NA,NA,NA,NA,NA,NA,NA,NA,NA,NA,NA,NA,NA,NA,NA,NA,NA,NA,NA,NA,NA,NA,NA,NA,NA,NA,NA,NA,NA,NA,NA,NA,NA,NA,NA,NA,NA,NA,NA,NA,NA,NA,NA,NA,NA,NA,NA,NA,NA,NA,NA,NA,NA,NA,NA,NA,NA,NA,NA,NA,NA,NA,NA,NA,NA,NA,NA,NA,NA,NA,NA,NA,NA,NA,NA,NA,NA,NA,NA,NA
0.0515994276156211,0.0443382507855032,0.0378992565890244,0.0327103685471572,0.0291835244011972,0.027469234749277,0.0272565750689111,0.0278939683671768,0.0287222878356695,0.0292895691171396,0.0293874570541824,0.0290116140303903,0.0283073593971839,0.0275097072942558,0.0268705257023289,0.0265749794851591,0.026674761325565,0.0270773441813418,0.0275989120997259,0.0280440222555431,0.028270067239656,0.0282205159439786,0.0279300811461045,0.0275079799059066,0.0271027436595109,0.0268532814496964,0.0268392631194394,0.0270523099975147,0.0274037442423813,0.0277636151692127,0.0280093193433193,0.0280640166672546,0.0279163371583147,0.0276207072140726,0.0272798000022482,0.0270117507717314,0.0269092798692899,0.0270050887917225,0.0272600015842674,0.0275801713933867,0.0278536467606874,0.0279890301202422,0.0279432495084392,0.0277331503396929,0.0274300614785301,0.0271381694568499,0.0269602438815458,0.0269602438815463,0.0271381694568504,0.0274300614785308,0.0277331503396936,0.0279432495084402,0.0279890301202431,0.0278536467606882,0.0275801713933877,0.027260001584268,0.0270050887917227,0.0269092798692897,0.027011750771731,0.0272798000022472,0.0276207072140718,0.0279163371583135,0.0280640166672535,0.0280093193433189,0.027763615169212,0.0274037442423804,0.0270523099975146,0.0268392631194393,0.0268532814496975,0.0271027436595123,0.0275079799059084,0.0279300811461066,0.0282205159439802,0.0282700672396577,0.0280440222555451,0.0275989120997281,0.0270773441813431,0.0266747613255658,0.02657497948516,0.0268705257023284,0.027509707294254,0.0283073593971816,0.0290116140303873,0.0293874570541791,0.0292895691171354,0.0287222878356669,0.0278939683671731,0.0272565750689094,0.0274692347492762,0.0291835244011971,0.0327103685471578,0.037899256589027,0.0443382507855051,0.0515994276156259,NA,NA,NA,NA,NA,NA,NA,NA,NA,NA,NA,NA,NA,NA,NA,NA,NA,NA,NA,NA,NA,NA,NA,NA,NA,NA,NA,NA,NA,NA,NA,NA,NA,NA,NA,NA,NA,NA,NA,NA,NA,NA,NA,NA,NA,NA,NA,NA,NA,NA,NA,NA,NA,NA,NA,NA,NA,NA,NA,NA,NA,NA,NA,NA,NA,NA,NA,NA,NA,NA,NA,NA,NA,NA,NA,NA,NA,NA,NA,NA,NA,NA,NA,NA,NA,NA,NA,NA,NA,NA,NA,NA,NA,NA,NA,NA,NA,NA,NA,NA,NA,NA,NA,NA,NA,NA,NA,NA,NA,NA,NA,NA,NA,NA,NA,NA,NA,NA,NA,NA,NA,NA,NA,NA,NA,NA,NA,NA,NA,NA,NA,NA,NA,NA,NA,NA,NA,NA,NA,NA,NA,NA,NA,NA,NA,NA,NA,NA,NA,NA,NA,NA,NA,NA,NA,NA
0.0511842918346456,0.0440907764094993,0.0377826131128595,0.0326636592705657,0.0291275747472127,0.0273346876509524,0.0270185568630369,0.0275765944395713,0.0283744980735246,0.0289607681360132,0.0291132714321517,0.0288066590307955,0.0281624194876627,0.0273939092704346,0.0267405841012069,0.0263913908210572,0.0264186202303369,0.0267578167407605,0.0272474474877309,0.0277007009213092,0.0279696116511657,0.0279819850704085,0.0277514397697441,0.0273662274336038,0.0269604921093273,0.0266715266930994,0.0265926414267039,0.0267397282330533,0.0270486302250604,0.0274042937774737,0.0276850137653191,0.0278020128274826,0.0277234448784103,0.0274804989910378,0.0271566126473374,0.0268616815223549,0.0266959373564588,0.0267141868123162,0.0269055885413874,0.0271993010528032,0.0274926705609477,0.0276877892442923,0.0277222806107812,0.0275867183578084,0.027326556245532,0.027028739116397,0.0267948177682676,0.0267064098233804,0.0267948177682677,0.0270287391163969,0.0273265562455322,0.0275867183578087,0.027722280610782,0.0276877892442929,0.0274926705609483,0.0271993010528035,0.0269055885413879,0.0267141868123165,0.0266959373564587,0.0268616815223542,0.027156612647337,0.027480498991037,0.0277234448784096,0.0278020128274815,0.0276850137653186,0.0274042937774733,0.0270486302250604,0.026739728233054,0.0265926414267047,0.0266715266931002,0.0269604921093282,0.027366227433605,0.0277514397697471,0.0279819850704105,0.027969611651167,0.0277007009213119,0.0272474474877317,0.0267578167407619,0.0264186202303371,0.0263913908210569,0.0267405841012061,0.0273939092704335,0.0281624194876614,0.0288066590307931,0.0291132714321491,0.0289607681360115,0.0283744980735224,0.0275765944395695,0.0270185568630359,0.0273346876509507,0.0291275747472118,0.0326636592705675,0.0377826131128628,0.0440907764095025,0.0511842918346501,NA,NA,NA,NA,NA,NA,NA,NA,NA,NA,NA,NA,NA,NA,NA,NA,NA,NA,NA,NA,NA,NA,NA,NA,NA,NA,NA,NA,NA,NA,NA,NA,NA,NA,NA,NA,NA,NA,NA,NA,NA,NA,NA,NA,NA,NA,NA,NA,NA,NA,NA,NA,NA,NA,NA,NA,NA,NA,NA,NA,NA,NA,NA,NA,NA,NA,NA,NA,NA,NA,NA,NA,NA,NA,NA,NA,NA,NA,NA,NA,NA,NA,NA,NA,NA,NA,NA,NA,NA,NA,NA,NA,NA,NA,NA,NA,NA,NA,NA,NA,NA,NA,NA,NA,NA,NA,NA,NA,NA,NA,NA,NA,NA,NA,NA,NA,NA,NA,NA,NA,NA,NA,NA,NA,NA,NA,NA,NA,NA,NA,NA,NA,NA,NA,NA,NA,NA,NA,NA,NA,NA,NA,NA,NA,NA,NA,NA,NA,NA,NA,NA,NA,NA,NA,NA
0.050034170690627,0.0434666729789072,0.0375904729161072,0.032740091392034,0.0292434602798054,0.027258000819034,0.0266162065777952,0.0268584435262549,0.0274492264601717,0.027969657697322,0.0281846999697707,0.0280303721011776,0.0275748445635405,0.0269722848655163,0.0264098318223302,0.0260483888127038,0.0259698061900678,0.0261530922674477,0.0264928750064646,0.026847827139438,0.0270922243106331,0.0271514569796241,0.027016612433851,0.026740573345125,0.0264189425345128,0.026159268352361,0.026045268806857,0.0261079454080138,0.0263163345216721,0.0265921949437283,0.026840435673285,0.0269812606771732,0.0269733767415015,0.0268238926311735,0.0265845230318856,0.0263353818743934,0.0261594948691275,0.0261147238675003,0.026213323270154,0.0264182904946339,0.0266581233995989,0.0268526727020591,0.026939344780745,0.0268915853480866,0.0267259438392122,0.0264969249758362,0.0262805553262134,0.0261499576850796,0.0261499576850796,0.0262805553262137,0.0264969249758367,0.0267259438392127,0.0268915853480873,0.0269393447807452,0.0268526727020595,0.0266581233995991,0.0264182904946343,0.026213323270154,0.0261147238675003,0.0261594948691276,0.0263353818743942,0.0265845230318858,0.0268238926311739,0.026973376741502,0.0269812606771737,0.0268404356732856,0.0265921949437289,0.0263163345216724,0.0261079454080143,0.0260452688068572,0.0261592683523612,0.0264189425345133,0.0267405733451259,0.0270166124338507,0.0271514569796243,0.0270922243106334,0.0268478271394378,0.0264928750064645,0.0261530922674478,0.0259698061900669,0.0260483888127036,0.0264098318223301,0.0269722848655161,0.0275748445635391,0.0280303721011784,0.02818469996977,0.0279696576973229,0.0274492264601721,0.0268584435262554,0.0266162065777955,0.0272580008190344,0.029243460279805,0.0327400913920339,0.0375904729161064,0.0434666729789047,0.0500341706906265,NA,NA,NA,NA,NA,NA,NA,NA,NA,NA,NA,NA,NA,NA,NA,NA,NA,NA,NA,NA,NA,NA,NA,NA,NA,NA,NA,NA,NA,NA,NA,NA,NA,NA,NA,NA,NA,NA,NA,NA,NA,NA,NA,NA,NA,NA,NA,NA,NA,NA,NA,NA,NA,NA,NA,NA,NA,NA,NA,NA,NA,NA,NA,NA,NA,NA,NA,NA,NA,NA,NA,NA,NA,NA,NA,NA,NA,NA,NA,NA,NA,NA,NA,NA,NA,NA,NA,NA,NA,NA,NA,NA,NA,NA,NA,NA,NA,NA,NA,NA,NA,NA,NA,NA,NA,NA,NA,NA,NA,NA,NA,NA,NA,NA,NA,NA,NA,NA,NA,NA,NA,NA,NA,NA,NA,NA,NA,NA,NA,NA,NA,NA,NA,NA,NA,NA,NA,NA,NA,NA,NA,NA,NA,NA,NA,NA,NA,NA,NA,NA,NA,NA,NA,NA
0.0472545097683874,0.0419869814334644,0.037203765880812,0.0330988991271867,0.0298604739495165,0.0276018088845469,0.0262926942703777,0.0257440180585014,0.0256721627096146,0.025797665172441,0.0259150613582235,0.0259155692282104,0.0257777232624894,0.0255429298251218,0.0252850298645332,0.0250789706461762,0.0249743066438054,0.0249803588616555,0.025067309803457,0.0251811760204708,0.0252650402464811,0.0252780901725789,0.0252070529413895,0.025068235096198,0.0249007923961739,0.0247534066437629,0.0246680816341886,0.0246661654582649,0.0247416571678478,0.0248642856556046,0.0249907199954112,0.025079177707168,0.0251022743239971,0.0250545602162006,0.0249532442044538,0.0248322799207785,0.0247314161162977,0.0246832592195947,0.0247025049754088,0.0247812687745316,0.0248922850721417,0.0249985469902139,0.02506560327797,0.0250723398253976,0.025017210237646,0.0249184753254952,0.0248084847952166,0.0247234439104026,0.0246915540908835,0.0247234439104025,0.0248084847952168,0.0249184753254955,0.0250172102376463,0.025072339825398,0.0250656032779705,0.0249985469902144,0.024892285072142,0.0247812687745319,0.024702504975409,0.0246832592195947,0.0247314161162973,0.0248322799207782,0.0249532442044531,0.0250545602161996,0.0251022743239964,0.0250791777071672,0.0249907199954103,0.0248642856556036,0.0247416571678471,0.0246661654582639,0.0246680816341875,0.024753406643762,0.0249007923961733,0.0250682350961978,0.025207052941389,0.0252780901725787,0.0252650402464815,0.0251811760204713,0.0250673098034582,0.0249803588616565,0.024974306643806,0.0250789706461768,0.025285029864534,0.0255429298251227,0.0257777232624896,0.0259155692282104,0.0259150613582244,0.0257976651724421,0.0256721627096149,0.0257440180585012,0.026292694270378,0.027601808884547,0.0298604739495163,0.0330988991271864,0.037203765880812,0.0419869814334649,0.0472545097683869,NA,NA,NA,NA,NA,NA,NA,NA,NA,NA,NA,NA,NA,NA,NA,NA,NA,NA,NA,NA,NA,NA,NA,NA,NA,NA,NA,NA,NA,NA,NA,NA,NA,NA,NA,NA,NA,NA,NA,NA,NA,NA,NA,NA,NA,NA,NA,NA,NA,NA,NA,NA,NA,NA,NA,NA,NA,NA,NA,NA,NA,NA,NA,NA,NA,NA,NA,NA,NA,NA,NA,NA,NA,NA,NA,NA,NA,NA,NA,NA,NA,NA,NA,NA,NA,NA,NA,NA,NA,NA,NA,NA,NA,NA,NA,NA,NA,NA,NA,NA,NA,NA,NA,NA,NA,NA,NA,NA,NA,NA,NA,NA,NA,NA,NA,NA,NA,NA,NA,NA,NA,NA,NA,NA,NA,NA,NA,NA,NA,NA,NA,NA,NA,NA,NA,NA,NA,NA,NA,NA,NA,NA,NA,NA,NA,NA,NA,NA,NA,NA,NA,NA,NA
0.0465998172644285,0.041630457135634,0.0370983486443124,0.0331708225463885,0.0300106835920249,0.0277217118486743,0.0262934134307096,0.025582978895098,0.0253582813826289,0.025375434373809,0.0254421417784063,0.0254446955305038,0.0253455440846159,0.0251650463212102,0.0249564906717625,0.0247797333668029,0.0246783478542145,0.0246655808966871,0.0247226893227796,0.0248088321490326,0.0248773097032319,0.0248915445674098,0.0248358914708976,0.0247190902838788,0.0245703495069608,0.0244295295891778,0.0243341867442168,0.0243073908057092,0.0243504724129692,0.0244433172969485,0.0245518278064633,0.0246394012761056,0.0246782665653869,0.0246573133659542,0.0245846145106504,0.0244843280061435,0.0243889164395544,0.0243288012094376,0.0243225645467916,0.0243710218492248,0.0244573175378177,0.0245529021799569,0.0246270333665953,0.0246564635922381,0.0246323915829636,0.0245629054554655,0.0244704048880246,0.0243846773421222,0.0243334796618716,0.0243334796618718,0.0243846773421223,0.0244704048880246,0.0245629054554653,0.0246323915829632,0.0246564635922381,0.0246270333665951,0.0245529021799565,0.0244573175378174,0.0243710218492246,0.0243225645467914,0.0243288012094376,0.0243889164395544,0.0244843280061434,0.0245846145106508,0.0246573133659542,0.0246782665653871,0.0246394012761057,0.0245518278064634,0.0244433172969488,0.0243504724129694,0.0243073908057093,0.0243341867442165,0.0244295295891773,0.0245703495069604,0.0247190902838785,0.0248358914708969,0.024891544567409,0.0248773097032315,0.0248088321490322,0.0247226893227788,0.0246655808966868,0.0246783478542143,0.0247797333668028,0.0249564906717628,0.0251650463212103,0.0253455440846163,0.0254446955305049,0.0254421417784072,0.0253754343738109,0.0253582813826313,0.025582978895099,0.026293413430711,0.0277217118486748,0.0300106835920256,0.0331708225463885,0.0370983486443123,0.0416304571356338,0.0465998172644281,NA,NA,NA,NA,NA,NA,NA,NA,NA,NA,NA,NA,NA,NA,NA,NA,NA,NA,NA,NA,NA,NA,NA,NA,NA,NA,NA,NA,NA,NA,NA,NA,NA,NA,NA,NA,NA,NA,NA,NA,NA,NA,NA,NA,NA,NA,NA,NA,NA,NA,NA,NA,NA,NA,NA,NA,NA,NA,NA,NA,NA,NA,NA,NA,NA,NA,NA,NA,NA,NA,NA,NA,NA,NA,NA,NA,NA,NA,NA,NA,NA,NA,NA,NA,NA,NA,NA,NA,NA,NA,NA,NA,NA,NA,NA,NA,NA,NA,NA,NA,NA,NA,NA,NA,NA,NA,NA,NA,NA,NA,NA,NA,NA,NA,NA,NA,NA,NA,NA,NA,NA,NA,NA,NA,NA,NA,NA,NA,NA,NA,NA,NA,NA,NA,NA,NA,NA,NA,NA,NA,NA,NA,NA,NA,NA,NA,NA,NA,NA,NA,NA,NA
0.0482578300074712,0.0428256091031122,0.0378878468236022,0.0336470539362038,0.0303036444690445,0.0279839941360422,0.026664602349173,0.0261506440108907,0.026141848113859,0.0263383380403664,0.0265165512931611,0.026554598637197,0.0264238472792671,0.0261651741323724,0.0258590090962032,0.0255933156228277,0.0254342218857874,0.0254062997933844,0.0254886664896416,0.0256272599764826,0.0257566566122234,0.0258221383731037,0.025795145335616,0.0256793004587361,0.0255070642943713,0.0253285989574397,0.0251956865646302,0.0251451149731111,0.0251869786377443,0.0253022334984834,0.0254502102821804,0.0255826551012471,0.025658867181036,0.0256572430167097,0.0255805849576246,0.0254544260665898,0.0253190205842106,0.0252169527833228,0.0251797421904435,0.0252177775650228,0.0253172803762432,0.025445408106796,0.0255613356389552,0.0256291582731908,0.0256285291466141,0.0255603131814245,0.0254461068347734,0.0253218112444726,0.025226752668711,0.0251912699993288,0.0252267526687112,0.0253218112444728,0.025446106834774,0.0255603131814254,0.0256285291466148,0.0256291582731915,0.025561335638956,0.0254454081067964,0.025317280376244,0.0252177775650235,0.0251797421904441,0.0252169527833232,0.025319020584211,0.0254544260665899,0.0255805849576246,0.0256572430167097,0.0256588671810361,0.0255826551012468,0.0254502102821803,0.0253022334984836,0.0251869786377442,0.0251451149731113,0.0251956865646303,0.0253285989574393,0.0255070642943709,0.0256793004587357,0.0257951453356152,0.025822138373103,0.0257566566122222,0.0256272599764824,0.0254886664896413,0.0254062997933836,0.0254342218857872,0.0255933156228279,0.0258590090962036,0.0261651741323732,0.0264238472792676,0.0265545986371981,0.0265165512931622,0.0263383380403676,0.0261418481138609,0.0261506440108919,0.0266646023491734,0.0279839941360434,0.0303036444690444,0.0336470539362028,0.0378878468235998,0.0428256091031107,0.0482578300074675,NA,NA,NA,NA,NA,NA,NA,NA,NA,NA,NA,NA,NA,NA,NA,NA,NA,NA,NA,NA,NA,NA,NA,NA,NA,NA,NA,NA,NA,NA,NA,NA,NA,NA,NA,NA,NA,NA,NA,NA,NA,NA,NA,NA,NA,NA,NA,NA,NA,NA,NA,NA,NA,NA,NA,NA,NA,NA,NA,NA,NA,NA,NA,NA,NA,NA,NA,NA,NA,NA,NA,NA,NA,NA,NA,NA,NA,NA,NA,NA,NA,NA,NA,NA,NA,NA,NA,NA,NA,NA,NA,NA,NA,NA,NA,NA,NA,NA,NA,NA,NA,NA,NA,NA,NA,NA,NA,NA,NA,NA,NA,NA,NA,NA,NA,NA,NA,NA,NA,NA,NA,NA,NA,NA,NA,NA,NA,NA,NA,NA,NA,NA,NA,NA,NA,NA,NA,NA,NA,NA,NA,NA,NA,NA,NA,NA,NA,NA,NA,NA,NA
0.0501787271431339,0.0441059305817927,0.0386114156931853,0.0339547302745745,0.0303984049701038,0.0281032353893286,0.0270139573557584,0.0268382896262085,0.0271631711928735,0.027608340330393,0.027913954574975,0.027956544629011,0.0277294260079717,0.027311162499593,0.0268289332308677,0.0264178354696891,0.0261801903662645,0.0261554270315666,0.0263126401449673,0.026568757889945,0.0268219893178576,0.0269851341051591,0.027008379057281,0.0268885587164928,0.0266658954379168,0.0264102899999813,0.02619993495366,0.0260970533622605,0.0261281894200474,0.0262766471063961,0.0264901244326744,0.0266996332341675,0.0268416164747829,0.026875932893739,0.0267957000745082,0.0266278573646261,0.0264249057296408,0.0262494960300685,0.0261553540738855,0.0261701936870957,0.0262869206991014,0.0264667476286901,0.0266527067947104,0.0267879357034362,0.0268324260553872,0.0267738738178624,0.0266306416445843,0.0264465104279073,0.0262781864114768,0.0261782324304432,0.0261782324310957,0.0262781864129298,0.0264465104289889,0.0266306416441925,0.0267738738155641,0.0268324260515607,0.0267879356990668,0.0266527067909844,0.0264667476264736,0.0262869206985151,0.0261701936874547,0.0261553540741197,0.026249496029354,0.0264249057278903,0.0266278573625357,0.0267957000731334,0.026875932893896,0.0268416164766438,0.0266996332371992,0.0264901244358924,0.0262766471088288,0.0261281894212236,0.0260970533624396,0.026199934953629,0.0264102900005642,0.0266658954395143,0.026888558718871,0.0270083790596605,0.0269851341065868,0.0268219893177126,0.0265687578882803,0.0263126401424987,0.0261554270292777,0.0261801903648538,0.0264178354692212,0.0268289332308831,0.0273111624995021,0.0277294260074029,0.0279565446279249,0.0279139545735915,0.0276083403290625,0.0271631711919612,0.0268382896259544,0.0270139573560983,0.0281032353898547,0.0303984049703596,0.0339547302744513,0.0386114156930233,0.0441059305821697,0.0501787271445771,NA,NA,NA,NA,NA,NA,NA,NA,NA,NA,NA,NA,NA,NA,NA,NA,NA,NA,NA,NA,NA,NA,NA,NA,NA,NA,NA,NA,NA,NA,NA,NA,NA,NA,NA,NA,NA,NA,NA,NA,NA,NA,NA,NA,NA,NA,NA,NA,NA,NA,NA,NA,NA,NA,NA,NA,NA,NA,NA,NA,NA,NA,NA,NA,NA,NA,NA,NA,NA,NA,NA,NA,NA,NA,NA,NA,NA,NA,NA,NA,NA,NA,NA,NA,NA,NA,NA,NA,NA,NA,NA,NA,NA,NA,NA,NA,NA,NA,NA,NA,NA,NA,NA,NA,NA,NA,NA,NA,NA,NA,NA,NA,NA,NA,NA,NA,NA,NA,NA,NA,NA,NA,NA,NA,NA,NA,NA,NA,NA,NA,NA,NA,NA,NA,NA,NA,NA,NA,NA,NA,NA,NA,NA,NA,NA,NA,NA,NA,NA,NA
0.0519879781084827,0.0452736089267449,0.039221838305643,0.0341566373341123,0.0304134540182967,0.0281916059568519,0.027389186211388,0.0275917258485058,0.0282608746719828,0.0289390462029998,0.0293384703849507,0.0293413571251309,0.0289686764310457,0.0283425979310692,0.0276447318571744,0.0270664450717062,0.0267536327542386,0.0267615613720368,0.0270419867477579,0.0274703128555876,0.0278958875521439,0.0281899317276734,0.0282764218054708,0.0281441618688632,0.0278433386620205,0.0274693812692153,0.0271361209756005,0.026942329983965,0.0269407095045779,0.0271216594818406,0.0274195413117868,0.0277377932006702,0.0279807720862534,0.0280806733843043,0.0280135852947475,0.0278034678905624,0.0275146866061419,0.0272343077154524,0.0270469456327372,0.0270083769439471,0.0271272872414853,0.027363162616633,0.0276411904187656,0.0278771092470221,0.028002258226489,0.0279817796751659,0.0278229144717842,0.0275727517217237,0.0273058235772566,0.0271032319938735,0.0270278046962197,0.0271032319941077,0.0273058235775744,0.0275727517218882,0.0278229144715867,0.0279817796745513,0.0280022582256074,0.0278771092461506,0.027641190418151,0.0273631626163729,0.0271272872414993,0.0270083769440427,0.0270469456327243,0.0272343077152476,0.0275146866058109,0.0278034678902816,0.0280135852947158,0.0280806733846381,0.0279807720869097,0.0277377932014576,0.0274195413124587,0.0271216594822246,0.0269407095046624,0.0269423299839049,0.0271361209756308,0.0274693812695138,0.0278433386626059,0.0281441618695878,0.0282764218060939,0.0281899317279641,0.0278958875519636,0.0274703128549469,0.0270419867468308,0.0267615613711129,0.0267536327535994,0.027066445071473,0.0276447318572136,0.0283425979310605,0.0289686764306838,0.0293413571243223,0.0293384703838844,0.0289390462020432,0.0282608746714806,0.0275917258485876,0.0273891862118637,0.0281916059573335,0.0304134540184831,0.034156637334024,0.0392218383055884,0.0452736089271018,0.0519879781095513,NA,NA,NA,NA,NA,NA,NA,NA,NA,NA,NA,NA,NA,NA,NA,NA,NA,NA,NA,NA,NA,NA,NA,NA,NA,NA,NA,NA,NA,NA,NA,NA,NA,NA,NA,NA,NA,NA,NA,NA,NA,NA,NA,NA,NA,NA,NA,NA,NA,NA,NA,NA,NA,NA,NA,NA,NA,NA,NA,NA,NA,NA,NA,NA,NA,NA,NA,NA,NA,NA,NA,NA,NA,NA,NA,NA,NA,NA,NA,NA,NA,NA,NA,NA,NA,NA,NA,NA,NA,NA,NA,NA,NA,NA,NA,NA,NA,NA,NA,NA,NA,NA,NA,NA,NA,NA,NA,NA,NA,NA,NA,NA,NA,NA,NA,NA,NA,NA,NA,NA,NA,NA,NA,NA,NA,NA,NA,NA,NA,NA,NA,NA,NA,NA,NA,NA,NA,NA,NA,NA,NA,NA,NA,NA,NA,NA,NA,NA,NA
0.051623551806643,0.0449561851819828,0.0389398395245151,0.0338946358327361,0.0301555322564026,0.0279278469315534,0.0271207137104872,0.0273288731670858,0.0280167015318278,0.0287238168734621,0.0291565396370529,0.0291895842838681,0.0288360179006318,0.028211314316349,0.027493912907395,0.0268780129993457,0.0265192956237191,0.0264872426348082,0.026746652360186,0.0271796313926967,0.0276341960223887,0.0279736766500716,0.0281102787579783,0.028019857472033,0.0277411240007693,0.0273623237123781,0.026997105737839,0.0267524650689812,0.0266961751078955,0.0268356343488494,0.0271179775845264,0.0274510537475635,0.0277346471431581,0.027889455838941,0.0278763829199296,0.0277040872655036,0.0274252150209103,0.027122251596985,0.0268848126207756,0.0267829521223128,0.0268448010467881,0.0270477359380936,0.0273271528410518,0.0275984933270038,0.0277831108664951,0.0278296157281882,0.0277263323607796,0.0275036148842461,0.0272260705460785,0.0269755309442643,0.0268275402930584,0.0268275402931413,0.0269755309444421,0.0272260705461859,0.0275036148841282,0.0277263323603916,0.0278296157276297,0.0277831108659593,0.0275984933266661,0.0273271528409719,0.027047735938197,0.026844801046929,0.0267829521223736,0.0268848126207293,0.0271222515968961,0.0274252150208831,0.0277040872656158,0.0278763829201927,0.0278894558392953,0.0277346471435007,0.0274510537478029,0.0271179775846206,0.0268356343488239,0.0266961751078232,0.0267524650689389,0.0269971057378766,0.0273623237124996,0.0277411240009398,0.0280198574721974,0.0281102787580749,0.0279736766500552,0.0276341960222435,0.0271796313924396,0.0267466523598752,0.0264872426345236,0.0265192956235362,0.0268780129992897,0.0274939129074098,0.0282113143163248,0.0288360179004749,0.0291895842835679,0.0291565396366901,0.0287238168731647,0.0280167015317008,0.0273288731671557,0.0271207137106778,0.0279278469317254,0.0301555322564622,0.033894635832704,0.0389398395244985,0.0449561851821138,0.0516235518070233,NA,NA,NA,NA,NA,NA,NA,NA,NA,NA,NA,NA,NA,NA,NA,NA,NA,NA,NA,NA,NA,NA,NA,NA,NA,NA,NA,NA,NA,NA,NA,NA,NA,NA,NA,NA,NA,NA,NA,NA,NA,NA,NA,NA,NA,NA,NA,NA,NA,NA,NA,NA,NA,NA,NA,NA,NA,NA,NA,NA,NA,NA,NA,NA,NA,NA,NA,NA,NA,NA,NA,NA,NA,NA,NA,NA,NA,NA,NA,NA,NA,NA,NA,NA,NA,NA,NA,NA,NA,NA,NA,NA,NA,NA,NA,NA,NA,NA,NA,NA,NA,NA,NA,NA,NA,NA,NA,NA,NA,NA,NA,NA,NA,NA,NA,NA,NA,NA,NA,NA,NA,NA,NA,NA,NA,NA,NA,NA,NA,NA,NA,NA,NA,NA,NA,NA,NA,NA,NA,NA,NA,NA,NA,NA,NA,NA,NA,NA
0.0511289041345109,0.0446838248774948,0.0388515133219266,0.0339258410961002,0.030215619331944,0.0279196820070746,0.0269785252076229,0.0270436435147382,0.0276268576201563,0.0282887206144549,0.0287347675587108,0.0288261971319165,0.0285555288403396,0.0280141740247679,0.0273567665427482,0.0267594453726568,0.0263720565146484,0.0262741519870442,0.0264531404271938,0.0268167382028495,0.0272320484019894,0.0275702737929788,0.0277403137347356,0.0277059998080684,0.0274886741946394,0.0271578853728715,0.0268120428785903,0.0265513252425457,0.0264483032317924,0.0265257672252669,0.0267511915771817,0.0270502520539265,0.0273325072963668,0.0275184111318941,0.0275595922252233,0.0274491397855321,0.0272216309809931,0.026943599921026,0.026695751711444,0.0265500260308421,0.026547643756196,0.026686161497643,0.0269211358577199,0.027181486109536,0.0273917675914144,0.0274933637107523,0.0274592413705874,0.0273000628764943,0.027061245315382,0.0268113828018569,0.0266236279769058,0.0265540338062571,0.0266236279774033,0.0268113828023761,0.0270612453153108,0.0273000628755068,0.0274592413688599,0.0274933637088633,0.0273917675900237,0.0271814861090181,0.0269211358579772,0.0266861614982214,0.0265476437566167,0.0265500260308964,0.0266957517112567,0.0269435999209127,0.0272216309812417,0.0274491397862339,0.0275595922262411,0.027518411132952,0.0273325072971855,0.0270502520543435,0.0267511915772031,0.026525767225049,0.0264483032315563,0.0265513252424736,0.0268120428787676,0.0271578853732767,0.027488674195148,0.0277059998084846,0.0277403137348599,0.0275702737926999,0.0272320484013297,0.0268167382019551,0.0264531404262734,0.0262741519863113,0.0263720565142401,0.0267594453725633,0.0273567665427808,0.0280141740246544,0.0285555288398968,0.0288261971311495,0.0287347675578024,0.028288720613685,0.0276268576197852,0.0270436435148605,0.0269785252080768,0.0279196820075205,0.0302156193321036,0.0339258410959946,0.0388515133218656,0.0446838248778874,0.0511289041356819,NA,NA,NA,NA,NA,NA,NA,NA,NA,NA,NA,NA,NA,NA,NA,NA,NA,NA,NA,NA,NA,NA,NA,NA,NA,NA,NA,NA,NA,NA,NA,NA,NA,NA,NA,NA,NA,NA,NA,NA,NA,NA,NA,NA,NA,NA,NA,NA,NA,NA,NA,NA,NA,NA,NA,NA,NA,NA,NA,NA,NA,NA,NA,NA,NA,NA,NA,NA,NA,NA,NA,NA,NA,NA,NA,NA,NA,NA,NA,NA,NA,NA,NA,NA,NA,NA,NA,NA,NA,NA,NA,NA,NA,NA,NA,NA,NA,NA,NA,NA,NA,NA,NA,NA,NA,NA,NA,NA,NA,NA,NA,NA,NA,NA,NA,NA,NA,NA,NA,NA,NA,NA,NA,NA,NA,NA,NA,NA,NA,NA,NA,NA,NA,NA,NA,NA,NA,NA,NA,NA,NA,NA,NA,NA,NA,NA,NA
0.0503525649245425,0.0443017348926132,0.0388023137005063,0.0341048236660415,0.0304720332203043,0.0280831141609481,0.0269174985376509,0.0267151424708647,0.0270742049936194,0.0276034437564347,0.0280189693095988,0.0281683357720196,0.0280163771452862,0.027618719079423,0.0270911822480877,0.0265750837055729,0.0261988189937596,0.0260419711394373,0.0261140684814663,0.0263577980910888,0.026674469089668,0.0269584576720482,0.0271268562946013,0.02713748235355,0.0269946048604946,0.0267440802019423,0.0264596751385448,0.0262226663207322,0.0260986536672061,0.0261181816039855,0.0262683876153135,0.0264990917267331,0.0267402417398085,0.026923315424678,0.0269996361249771,0.026951624756473,0.0267957895388934,0.0265776680573964,0.0263596727664268,0.0262039493710906,0.0261543138861748,0.0262230146760324,0.0263874096042119,0.0265978634665308,0.0267934366709863,0.026919484613975,0.0269420120461414,0.0268558437535171,0.0266855501307687,0.0264791486019393,0.0262955106578619,0.0261878797306811,0.0261878797306634,0.026295510657825,0.0264791486019193,0.0266855501307965,0.0268558437535982,0.0269420120462537,0.0269194846140816,0.0267934366710536,0.0265978634665451,0.0263874096041872,0.0262230146759975,0.0261543138861565,0.0262039493710957,0.026359672766441,0.0265776680573959,0.0267957895388589,0.0269516247564032,0.0269996361248897,0.026923315424597,0.0267402417397554,0.0264990917267177,0.0262683876153296,0.026118181604015,0.0260986536672266,0.0262226663207326,0.0264596751385237,0.0267440802019089,0.0269946048604628,0.0271374823535352,0.0271268562946116,0.0269584576720833,0.0266744690897214,0.0263577980911532,0.026114068481529,0.0260419711394876,0.026198818993788,0.0265750837055791,0.0270911822480811,0.0276187190794225,0.0280163771453101,0.0281683357720758,0.0280189693096818,0.0276034437565232,0.0270742049936815,0.0267151424708802,0.0269174985376251,0.0280831141609111,0.0304720332202893,0.0341048236660542,0.0388023137005155,0.044301734892576,0.0503525649244225,NA,NA,NA,NA,NA,NA,NA,NA,NA,NA,NA,NA,NA,NA,NA,NA,NA,NA,NA,NA,NA,NA,NA,NA,NA,NA,NA,NA,NA,NA,NA,NA,NA,NA,NA,NA,NA,NA,NA,NA,NA,NA,NA,NA,NA,NA,NA,NA,NA,NA,NA,NA,NA,NA,NA,NA,NA,NA,NA,NA,NA,NA,NA,NA,NA,NA,NA,NA,NA,NA,NA,NA,NA,NA,NA,NA,NA,NA,NA,NA,NA,NA,NA,NA,NA,NA,NA,NA,NA,NA,NA,NA,NA,NA,NA,NA,NA,NA,NA,NA,NA,NA,NA,NA,NA,NA,NA,NA,NA,NA,NA,NA,NA,NA,NA,NA,NA,NA,NA,NA,NA,NA,NA,NA,NA,NA,NA,NA,NA,NA,NA,NA,NA,NA,NA,NA,NA,NA,NA,NA,NA,NA,NA,NA,NA,NA
0.0503400310671898,0.0442541413896801,0.0387196945883237,0.0339903441222409,0.0303348860841781,0.0279401550865954,0.0267901996741361,0.026622250699812,0.0270259379331416,0.0276005199759032,0.0280543395482349,0.0282291785391049,0.0280858934931218,0.0276782530135716,0.0271232202368577,0.026567184744478,0.0261475825743729,0.0259551840325477,0.0260092974836146,0.0262574989937345,0.0265997134159262,0.0269236895380482,0.0271368843748443,0.0271867606043115,0.0270684938570395,0.0268218842619628,0.0265192746641319,0.0262461680687468,0.0260776848996878,0.0260568391901264,0.0261823123357014,0.0264108113353055,0.0266726218517761,0.0268934015847047,0.027014439231604,0.0270064626325577,0.0268752636320983,0.0266591498214639,0.0264189125535883,0.0262218060667671,0.026122751501167,0.0261481052844732,0.026287892773807,0.0264996776971695,0.0267222834676384,0.0268938512826746,0.0269683680573853,0.026926822809703,0.0267813597675079,0.0265721152732209,0.0263571857209577,0.0261972508416592,0.0261382320719941,0.026197250841648,0.0263571857209463,0.0265721152732231,0.0267813597675285,0.0269268228097376,0.0269683680574218,0.0268938512827014,0.0267222834676481,0.0264996776971625,0.0262878927737934,0.0261481052844623,0.0261227515011643,0.026221806066769,0.0264189125535873,0.0266591498214525,0.0268752636320762,0.0270064626325309,0.027014439231581,0.0268934015846921,0.0266726218517756,0.0264108113353148,0.0261823123357149,0.0260568391901371,0.0260776848996929,0.0262461680687465,0.0265192746641278,0.0268218842619566,0.0270684938570332,0.0271867606043061,0.0271368843748411,0.0269236895380486,0.0265997134159323,0.0262574989937483,0.0260092974836325,0.0259551840325651,0.0261475825743843,0.02656718474448,0.0271232202368509,0.0276782530135647,0.0280858934931258,0.0282291785391246,0.0280543395482702,0.0276005199759453,0.0270259379331729,0.026622250699823,0.0267901996741257,0.0279401550865804,0.0303348860841734,0.0339903441222483,0.0387196945883288,0.0442541413896667,0.0503400310671425,NA,NA,NA,NA,NA,NA,NA,NA,NA,NA,NA,NA,NA,NA,NA,NA,NA,NA,NA,NA,NA,NA,NA,NA,NA,NA,NA,NA,NA,NA,NA,NA,NA,NA,NA,NA,NA,NA,NA,NA,NA,NA,NA,NA,NA,NA,NA,NA,NA,NA,NA,NA,NA,NA,NA,NA,NA,NA,NA,NA,NA,NA,NA,NA,NA,NA,NA,NA,NA,NA,NA,NA,NA,NA,NA,NA,NA,NA,NA,NA,NA,NA,NA,NA,NA,NA,NA,NA,NA,NA,NA,NA,NA,NA,NA,NA,NA,NA,NA,NA,NA,NA,NA,NA,NA,NA,NA,NA,NA,NA,NA,NA,NA,NA,NA,NA,NA,NA,NA,NA,NA,NA,NA,NA,NA,NA,NA,NA,NA,NA,NA,NA,NA,NA,NA,NA,NA,NA,NA,NA,NA,NA,NA,NA,NA
0.0506170903926278,0.0444280496988856,0.0387984115364689,0.0339904113081873,0.0302851730006201,0.0278812513026509,0.0267648100375304,0.0266607844361439,0.0271389786152338,0.0277812815481761,0.0282848010698503,0.0284852718399609,0.0283412959634444,0.0279077970176978,0.027306725428824,0.026693733899578,0.026219123414504,0.0259873733193548,0.0260279761693256,0.0262915609651856,0.0266733797023608,0.0270510362325554,0.0273195837287299,0.0274145519505373,0.0273216420149844,0.0270751945178713,0.0267474113965316,0.0264297124279895,0.0262085871705836,0.0261412453616504,0.0262391463874479,0.0264662775158273,0.0267527291913776,0.0270171493392838,0.0271893898979245,0.0272272332535835,0.027124808077286,0.0269125386837007,0.0266491921865476,0.0264070503461007,0.026252595307708,0.0262274472270428,0.0263359814731755,0.0265446373561384,0.0267931145413957,0.0270126414533658,0.0271447503688058,0.0271556012848966,0.0270434793618891,0.0268388274307627,0.0265969516589247,0.0263842418258336,0.0262602539219351,0.026260253921932,0.0263842418258269,0.0265969516589228,0.0268388274307709,0.0270434793619049,0.027155601284914,0.0271447503688179,0.0270126414533693,0.0267931145413912,0.0265446373561301,0.0263359814731687,0.0262274472270401,0.0262525953077083,0.0264070503460989,0.0266491921865404,0.0269125386836889,0.0271248080772742,0.027227233253577,0.0271893898979268,0.0270171493392922,0.0267527291913887,0.0264662775158372,0.0262391463874536,0.0261412453616515,0.0262085871705824,0.0264297124279879,0.0267474113965297,0.0270751945178686,0.027321642014978,0.0274145519505257,0.0273195837287165,0.0270510362325418,0.0266733797023526,0.0262915609651874,0.0260279761693347,0.0259873733193674,0.026219123414514,0.0266937338995799,0.0273067254288174,0.0279077970176927,0.028341295963449,0.0284852718399817,0.0282848010698883,0.0277812815482157,0.0271389786152622,0.0266607844361529,0.026764810037524,0.0278812513026399,0.0302851730006158,0.0339904113081896,0.0387984115364705,0.0444280496988714,0.0506170903925877,NA,NA,NA,NA,NA,NA,NA,NA,NA,NA,NA,NA,NA,NA,NA,NA,NA,NA,NA,NA,NA,NA,NA,NA,NA,NA,NA,NA,NA,NA,NA,NA,NA,NA,NA,NA,NA,NA,NA,NA,NA,NA,NA,NA,NA,NA,NA,NA,NA,NA,NA,NA,NA,NA,NA,NA,NA,NA,NA,NA,NA,NA,NA,NA,NA,NA,NA,NA,NA,NA,NA,NA,NA,NA,NA,NA,NA,NA,NA,NA,NA,NA,NA,NA,NA,NA,NA,NA,NA,NA,NA,NA,NA,NA,NA,NA,NA,NA,NA,NA,NA,NA,NA,NA,NA,NA,NA,NA,NA,NA,NA,NA,NA,NA,NA,NA,NA,NA,NA,NA,NA,NA,NA,NA,NA,NA,NA,NA,NA,NA,NA,NA,NA,NA,NA,NA,NA,NA,NA,NA,NA,NA,NA,NA
0.0509045895132332,0.0446227725445478,0.0389063561294066,0.034024768970599,0.0302700724885269,0.0278520794634862,0.0267603803549454,0.0267103265926994,0.0272546094810456,0.0279594362809894,0.0285112139382865,0.0287392977866419,0.0285990990893265,0.0281453096823823,0.0275031868858978,0.02683598589058,0.0263057675121011,0.026030721076395,0.0260517407485536,0.0263244078258224,0.0267411034849851,0.0271704916364682,0.0274956996744558,0.0276401095428514,0.027579083523549,0.0273400377541165,0.0269931215521528,0.026633706016428,0.0263582986163227,0.0262382662180927,0.0262993590133001,0.0265154033500514,0.0268189554008095,0.027123620951374,0.0273487238909658,0.0274389008424107,0.0273753701365226,0.0271784871829091,0.0269021245091109,0.0266206081099348,0.0264098221685914,0.0263263047862981,0.0263906608786811,0.02658174253554,0.0268440806990279,0.0271051790483668,0.0272958564595093,0.0273675193470716,0.0273030118425002,0.0271199744825825,0.0268666589891042,0.0266105978461038,0.026421515388202,0.0263519641351605,0.0264215153881996,0.0266105978461024,0.0268666589891062,0.0271199744825879,0.0273030118425059,0.0273675193470747,0.0272958564595095,0.0271051790483644,0.0268440806990251,0.0265817425355386,0.0263906608786814,0.0263263047862992,0.026409822168591,0.0266206081099294,0.026902124509102,0.0271784871829011,0.0273753701365201,0.0274389008424151,0.0273487238909756,0.0271236209513847,0.0268189554008175,0.0265154033500543,0.0262993590132992,0.0262382662180902,0.0263582986163216,0.026633706016428,0.0269931215521538,0.0273400377541135,0.0275790835235401,0.0276401095428349,0.0274956996744346,0.0271704916364506,0.0267411034849765,0.0263244078258275,0.0260517407485681,0.0260307210764136,0.0263057675121127,0.0268359858905803,0.0275031868858897,0.0281453096823779,0.0285990990893373,0.0287392977866723,0.028511213938327,0.0279594362810251,0.027254609481063,0.0267103265926967,0.0267603803549315,0.027852079463473,0.030270072488522,0.0340247689706032,0.0389063561294075,0.0446227725445379,0.0509045895132016,NA,NA,NA,NA,NA,NA,NA,NA,NA,NA,NA,NA,NA,NA,NA,NA,NA,NA,NA,NA,NA,NA,NA,NA,NA,NA,NA,NA,NA,NA,NA,NA,NA,NA,NA,NA,NA,NA,NA,NA,NA,NA,NA,NA,NA,NA,NA,NA,NA,NA,NA,NA,NA,NA,NA,NA,NA,NA,NA,NA,NA,NA,NA,NA,NA,NA,NA,NA,NA,NA,NA,NA,NA,NA,NA,NA,NA,NA,NA,NA,NA,NA,NA,NA,NA,NA,NA,NA,NA,NA,NA,NA,NA,NA,NA,NA,NA,NA,NA,NA,NA,NA,NA,NA,NA,NA,NA,NA,NA,NA,NA,NA,NA,NA,NA,NA,NA,NA,NA,NA,NA,NA,NA,NA,NA,NA,NA,NA,NA,NA,NA,NA,NA,NA,NA,NA,NA,NA,NA,NA,NA,NA,NA
0.0500474560096165,0.044155491899103,0.0387730546355678,0.0341301594062606,0.0304750266174611,0.027993316378757,0.0267012191418795,0.0263913801042704,0.0267012550085395,0.0272508058030477,0.0277442284844902,0.028004031879668,0.0279642275987505,0.0276492850446794,0.0271493186939024,0.0265923681747492,0.0261125347479035,0.0258159628750194,0.025752713225511,0.0259056814082768,0.0262019423517416,0.0265403080392037,0.0268221720977112,0.0269753849188018,0.0269674212350292,0.0268084090167843,0.0265456680343509,0.0262511062218507,0.0260030172593716,0.0258654112522636,0.0258703586885662,0.0260096115297197,0.0262388553894911,0.0264924772836065,0.0267027081310281,0.0268168766817589,0.0268089994510048,0.0266844377161249,0.0264776756716336,0.0262437810291961,0.0260447240113305,0.0259330747334741,0.0259373488744095,0.0260539625642871,0.0262489110246227,0.0264683835313116,0.0266541304153784,0.0267585619111536,0.0267559349027562,0.026647870097503,0.0264627081304047,0.0262488694564969,0.026063061548642,0.025955431576186,0.025955431576186,0.0260630615486421,0.0262488694564966,0.0264627081304031,0.0266478700974987,0.02675593490275,0.0267585619111468,0.0266541304153732,0.0264683835313097,0.026248911024624,0.0260539625642898,0.0259373488744119,0.0259330747334746,0.0260447240113282,0.0262437810291916,0.0264776756716304,0.026684437716126,0.0268089994510114,0.0268168766817692,0.0267027081310397,0.0264924772836153,0.0262388553894956,0.026009611529721,0.0258703586885649,0.0258654112522623,0.0260030172593729,0.0262511062218538,0.0265456680343528,0.0268084090167806,0.0269674212350179,0.0269753849187826,0.0268221720976894,0.0265403080391874,0.0262019423517358,0.0259056814082824,0.0257527132255264,0.0258159628750353,0.0261125347479115,0.0265923681747461,0.0271493186938947,0.0276492850446761,0.0279642275987618,0.0280040318796948,0.027744228484525,0.0272508058030765,0.0267012550085544,0.0263913801042678,0.0267012191418678,0.0279933163787464,0.0304750266174591,0.0341301594062638,0.0387730546355699,0.044155491899095,0.0500474560095911,NA,NA,NA,NA,NA,NA,NA,NA,NA,NA,NA,NA,NA,NA,NA,NA,NA,NA,NA,NA,NA,NA,NA,NA,NA,NA,NA,NA,NA,NA,NA,NA,NA,NA,NA,NA,NA,NA,NA,NA,NA,NA,NA,NA,NA,NA,NA,NA,NA,NA,NA,NA,NA,NA,NA,NA,NA,NA,NA,NA,NA,NA,NA,NA,NA,NA,NA,NA,NA,NA,NA,NA,NA,NA,NA,NA,NA,NA,NA,NA,NA,NA,NA,NA,NA,NA,NA,NA,NA,NA,NA,NA,NA,NA,NA,NA,NA,NA,NA,NA,NA,NA,NA,NA,NA,NA,NA,NA,NA,NA,NA,NA,NA,NA,NA,NA,NA,NA,NA,NA,NA,NA,NA,NA,NA,NA,NA,NA,NA,NA,NA,NA,NA,NA,NA,NA,NA,NA,NA,NA,NA,NA
0.0489174130723786,0.0434658404672689,0.0384647323475912,0.0341050584921792,0.03059160167168,0.0280830008245393,0.0266129162252784,0.0260418902258922,0.0260926138752769,0.0264483468994981,0.0268418500561685,0.027096558588307,0.0271298486067339,0.0269388757839968,0.026580393340278,0.0261477350580753,0.0257452582289337,0.0254618104079966,0.0253481986351365,0.0254057948788593,0.0255907316501166,0.025831291035232,0.0260506021300639,0.026186648960114,0.0262051950717012,0.0261047221812725,0.0259141331519665,0.0256843374317448,0.0254751092215162,0.0253395412146092,0.0253098355717811,0.0253888601568689,0.0255504765227727,0.0257482876199476,0.0259292551699291,0.0260475858957243,0.0260753622459152,0.0260081617282342,0.0258652272256686,0.025684462377699,0.025513082050665,0.0253956024137144,0.0253619888177344,0.0254194823129238,0.025550925022639,0.0257201409420013,0.0258823051190831,0.0259958170465876,0.026032450407584,0.0259837251127223,0.0258625975673582,0.0257003357385559,0.0255390466627152,0.0254211229354324,0.0253779551172281,0.0254211229354344,0.0255390466627174,0.0257003357385563,0.0258625975673553,0.0259837251127152,0.0260324504075746,0.0259958170465783,0.0258823051190769,0.0257201409419991,0.0255509250226403,0.0254194823129264,0.0253619888177363,0.0253956024137138,0.0255130820506623,0.0256844623776958,0.0258652272256678,0.0260081617282368,0.026075362245922,0.026047585895733,0.025929255169938,0.0257482876199537,0.0255504765227749,0.0253888601568684,0.0253098355717794,0.0253395412146084,0.0254751092215174,0.0256843374317474,0.0259141331519686,0.0261047221812716,0.0262051950716979,0.0261866489601056,0.0260506021300547,0.025831291035222,0.0255907316501108,0.0254057948788579,0.0253481986351389,0.0254618104080005,0.0257452582289348,0.0261477350580726,0.0265803933402736,0.0269388757839938,0.0271298486067354,0.0270965585883146,0.0268418500561798,0.0264483468995079,0.0260926138752821,0.0260418902258941,0.0266129162252774,0.0280830008245369,0.0305916016716801,0.0341050584921816,0.0384647323475941,0.0434658404672683,0.0489174130723743,NA,NA,NA,NA,NA,NA,NA,NA,NA,NA,NA,NA,NA,NA,NA,NA,NA,NA,NA,NA,NA,NA,NA,NA,NA,NA,NA,NA,NA,NA,NA,NA,NA,NA,NA,NA,NA,NA,NA,NA,NA,NA,NA,NA,NA,NA,NA,NA,NA,NA,NA,NA,NA,NA,NA,NA,NA,NA,NA,NA,NA,NA,NA,NA,NA,NA,NA,NA,NA,NA,NA,NA,NA,NA,NA,NA,NA,NA,NA,NA,NA,NA,NA,NA,NA,NA,NA,NA,NA,NA,NA,NA,NA,NA,NA,NA,NA,NA,NA,NA,NA,NA,NA,NA,NA,NA,NA,NA,NA,NA,NA,NA,NA,NA,NA,NA,NA,NA,NA,NA,NA,NA,NA,NA,NA,NA,NA,NA,NA,NA,NA,NA,NA,NA,NA,NA,NA,NA,NA,NA,NA
0.0480334148844699,0.0428649293525884,0.0381098517697669,0.0339368587997384,0.0305265667343642,0.0280222818375677,0.0264653669676411,0.0257516000528514,0.0256515641744324,0.0258876255945591,0.0262128227213871,0.0264538886100788,0.0265199730250432,0.0263930124181058,0.0261108515825351,0.025747290302926,0.0253900742124655,0.025118194198873,0.0249821244737749,0.024992364909419,0.0251202076381687,0.0253098951638181,0.0254967203398674,0.0256245203135169,0.025658180308888,0.0255895960339147,0.025437290764096,0.0252405253208887,0.0250490614368934,0.0249103991700805,0.0248573480201423,0.0248994739370267,0.0250212494786199,0.025187415326696,0.0253533758423672,0.0254770387558358,0.0255288487446663,0.0254980426959776,0.0253943716839251,0.0252453109076782,0.025089309359015,0.0249662676226164,0.0249072864945765,0.024926434732857,0.0250171376766688,0.0251544018860292,0.0253020108562702,0.0254222296863966,0.0254851957649805,0.0254758320807394,0.025397088151734,0.0252691013348128,0.0251244497201657,0.0250002710698204,0.0249288171127755,0.0249288171127768,0.0250002710698227,0.0251244497201667,0.0252691013348097,0.025397088151727,0.0254758320807296,0.025485195764971,0.0254222296863904,0.0253020108562691,0.025154401886032,0.0250171376766734,0.0249264347328606,0.0249072864945775,0.0249662676226157,0.0250893093590137,0.0252453109076783,0.0253943716839276,0.0254980426959838,0.0255288487446735,0.0254770387558423,0.0253533758423711,0.0251874153266968,0.025021249478618,0.0248994739370241,0.0248573480201405,0.0249103991700797,0.0250490614368938,0.0252405253208891,0.0254372907640947,0.0255895960339099,0.0256581803088793,0.0256245203135068,0.0254967203398587,0.0253098951638142,0.0251202076381701,0.0249923649094245,0.0249821244737816,0.0251181941988784,0.0253900742124662,0.0257472903029239,0.0261108515825332,0.0263930124181076,0.02651997302505,0.0264538886100895,0.0262128227213966,0.0258876255945687,0.0256515641744361,0.0257516000528499,0.0264653669676384,0.0280222818375648,0.0305265667343639,0.0339368587997394,0.0381098517697658,0.0428649293525846,0.0480334148844603,NA,NA,NA,NA,NA,NA,NA,NA,NA,NA,NA,NA,NA,NA,NA,NA,NA,NA,NA,NA,NA,NA,NA,NA,NA,NA,NA,NA,NA,NA,NA,NA,NA,NA,NA,NA,NA,NA,NA,NA,NA,NA,NA,NA,NA,NA,NA,NA,NA,NA,NA,NA,NA,NA,NA,NA,NA,NA,NA,NA,NA,NA,NA,NA,NA,NA,NA,NA,NA,NA,NA,NA,NA,NA,NA,NA,NA,NA,NA,NA,NA,NA,NA,NA,NA,NA,NA,NA,NA,NA,NA,NA,NA,NA,NA,NA,NA,NA,NA,NA,NA,NA,NA,NA,NA,NA,NA,NA,NA,NA,NA,NA,NA,NA,NA,NA,NA,NA,NA,NA,NA,NA,NA,NA,NA,NA,NA,NA,NA,NA,NA,NA,NA,NA,NA,NA,NA,NA,NA,NA
0.0475074255896271,0.042471443195765,0.0378308000592237,0.0337445457454789,0.0303835138330632,0.0278855896625016,0.0262965041884247,0.0255275378446809,0.0253697236463581,0.0255619813008596,0.0258656127004905,0.0261079534031031,0.0261935089941884,0.0260965371199549,0.0258459394256786,0.0255069729601282,0.0251609991147099,0.0248844134751491,0.0247297365981554,0.0247135579274314,0.02481523904236,0.0249864234323142,0.025167046035768,0.0253018985588562,0.0253532899498132,0.02530788835077,0.0251776410540761,0.0249954360784933,0.024806488721457,0.0246569450848566,0.0245820721083614,0.0245971625532178,0.0246940145370894,0.0248440988309423,0.025007074441548,0.0251416285203084,0.0252154859413532,0.0252124118852072,0.0251351972011972,0.0250044444884065,0.0248534993374078,0.0247203930243777,0.0246383750664395,0.0246273473071509,0.0246887160234666,0.0248053424337218,0.0249465473904981,0.0250764160335014,0.0251628546181835,0.025185122752448,0.0251383803705152,0.0250345900541215,0.0248997067744491,0.024767600464144,0.0246717934728674,0.0246368523699069,0.0246717934728629,0.0247676004641358,0.0248997067744404,0.0250345900541174,0.0251383803705207,0.0251851227524647,0.025162854618209,0.0250764160335291,0.0249465473905209,0.0248053424337348,0.0246887160234697,0.0246273473071483,0.0246383750664389,0.0247203930243848,0.0248534993374227,0.0250044444884236,0.0251351972012073,0.0252124118852044,0.025215485941336,0.0251416285202809,0.0250070744415177,0.0248440988309172,0.0246940145370737,0.0245971625532125,0.0245820721083617,0.0246569450848569,0.0248064887214506,0.0249954360784782,0.0251776410540521,0.025307888350742,0.0253532899497905,0.0253018985588479,0.0251670460357787,0.0249864234323422,0.0248152390423975,0.0247135579274665,0.0247297365981795,0.0248844134751591,0.0251609991147116,0.0255069729601294,0.0258459394256878,0.0260965371199759,0.0261935089942174,0.0261079534031313,0.0258656127005111,0.0255619813008662,0.0253697236463518,0.0255275378446663,0.0262965041884102,0.0278855896624934,0.0303835138330624,0.0337445457454818,0.0378308000592233,0.0424714431957561,0.0475074255896029,NA,NA,NA,NA,NA,NA,NA,NA,NA,NA,NA,NA,NA,NA,NA,NA,NA,NA,NA,NA,NA,NA,NA,NA,NA,NA,NA,NA,NA,NA,NA,NA,NA,NA,NA,NA,NA,NA,NA,NA,NA,NA,NA,NA,NA,NA,NA,NA,NA,NA,NA,NA,NA,NA,NA,NA,NA,NA,NA,NA,NA,NA,NA,NA,NA,NA,NA,NA,NA,NA,NA,NA,NA,NA,NA,NA,NA,NA,NA,NA,NA,NA,NA,NA,NA,NA,NA,NA,NA,NA,NA,NA,NA,NA,NA,NA,NA,NA,NA,NA,NA,NA,NA,NA,NA,NA,NA,NA,NA,NA,NA,NA,NA,NA,NA,NA,NA,NA,NA,NA,NA,NA,NA,NA,NA,NA,NA,NA,NA,NA,NA,NA,NA,NA,NA,NA,NA,NA,NA
0.0471765458560249,0.0422518619717126,0.0377065721778269,0.0336910919598228,0.0303674221714307,0.0278684100279236,0.0262434549267009,0.0254177160818183,0.0252010473887324,0.0253479924867063,0.0256278676627336,0.0258687624193672,0.025970918145474,0.0259014361426376,0.0256808372437848,0.0253662762188435,0.0250328509464615,0.0247540173557973,0.0245835641410477,0.0245432185974369,0.0246196572816255,0.0247716322649493,0.024943932859411,0.0250828961394884,0.0251490409005357,0.0251246100021637,0.0250156214750656,0.0248489106868002,0.0246649964256968,0.0245080071975912,0.0244146286605127,0.0244047921644857,0.0244768700371638,0.0246089063369414,0.0247652764998926,0.0249063594963585,0.0249982743813045,0.0250203796219793,0.0249692920101714,0.0248590419115428,0.0247175309074928,0.0245799113618994,0.0244800906288935,0.0244422497751026,0.0244746756980243,0.0245678193918155,0.0246971873649741,0.0248300303960317,0.024933697266005,0.0249833994281023,0.0249677207998167,0.0248909708586705,0.0247720966309442,0.02464034812802,0.0245284068415075,0.0244643372541199,0.0244643372541154,0.0245284068414958,0.024640348128006,0.0247720966309363,0.0248909708586763,0.0249677207998407,0.0249833994281422,0.024933697266052,0.0248300303960746,0.024697187365003,0.0245678193918276,0.024474675698023,0.0244422497750982,0.0244800906288963,0.0245799113619151,0.0247175309075178,0.024859041911566,0.0249692920101803,0.0250203796219671,0.0249982743812709,0.0249063594963116,0.0247652764998438,0.0246089063369019,0.0244768700371407,0.0244047921644787,0.0244146286605147,0.024508007197591,0.0246649964256838,0.0248489106867713,0.0250156214750253,0.0251246100021244,0.0251490409005104,0.0250828961394901,0.0249439328594422,0.0247716322650039,0.0246196572816868,0.0245432185974895,0.024583564141079,0.0247540173558084,0.0250328509464622,0.0253662762188462,0.0256808372438005,0.0259014361426674,0.0259709181455149,0.0258687624194056,0.0256278676627611,0.025347992486715,0.0252010473887238,0.0254177160817977,0.0262434549266791,0.0278684100279106,0.0303674221714286,0.0336910919598248,0.0377065721778246,0.0422518619716954,0.0471765458559841,NA,NA,NA,NA,NA,NA,NA,NA,NA,NA,NA,NA,NA,NA,NA,NA,NA,NA,NA,NA,NA,NA,NA,NA,NA,NA,NA,NA,NA,NA,NA,NA,NA,NA,NA,NA,NA,NA,NA,NA,NA,NA,NA,NA,NA,NA,NA,NA,NA,NA,NA,NA,NA,NA,NA,NA,NA,NA,NA,NA,NA,NA,NA,NA,NA,NA,NA,NA,NA,NA,NA,NA,NA,NA,NA,NA,NA,NA,NA,NA,NA,NA,NA,NA,NA,NA,NA,NA,NA,NA,NA,NA,NA,NA,NA,NA,NA,NA,NA,NA,NA,NA,NA,NA,NA,NA,NA,NA,NA,NA,NA,NA,NA,NA,NA,NA,NA,NA,NA,NA,NA,NA,NA,NA,NA,NA,NA,NA,NA,NA,NA,NA,NA,NA,NA,NA,NA,NA
0.0470204019867227,0.0421164227004745,0.0375868724775447,0.0335805770772311,0.0302587799953582,0.0277554208350365,0.0261233055958575,0.0252923180216385,0.0250761997412049,0.0252309607691972,0.0255249044164511,0.0257834320152488,0.0259032571138602,0.0258477805634016,0.0256342747505653,0.0253177817632402,0.0249731103539314,0.0246756994605628,0.0244834492615726,0.0244233835388444,0.0244871460436181,0.0246366734488932,0.0248173574328235,0.024973571454612,0.0250619151902386,0.0250596578988502,0.0249677907127503,0.0248090853929118,0.0246219058687932,0.0244508246970863,0.024335721334072,0.0243018433011342,0.0243536367939266,0.0244743021606431,0.0246310794112379,0.0247842789095971,0.0248971708377579,0.0249442288609095,0.0249162302004316,0.024821639087383,0.0246842954427278,0.024537846360294,0.0244178504146995,0.0243531412384556,0.0243586068012647,0.0244315146407339,0.0245525553542844,0.0246911944764158,0.0248135556942728,0.0248905686108337,0.0249044824450121,0.0248525828989145,0.0247476175638508,0.0246149228555558,0.0244866876009376,0.0243943499059333,0.0243607818564487,0.0243943499059254,0.0244866876009247,0.0246149228555444,0.0247476175638479,0.0248525828989252,0.0249044824450379,0.0248905686108702,0.0248135556943116,0.0246911944764487,0.0245525553543045,0.0244315146407402,0.0243586068012625,0.0243531412384538,0.0244178504147062,0.0245378463603114,0.0246842954427517,0.0248216390874039,0.0249162302004392,0.024944228860898,0.0248971708377287,0.0247842789095563,0.0246310794111956,0.0244743021606096,0.0243536367939078,0.0243018433011294,0.0243357213340733,0.0244508246970826,0.0246219058687761,0.0248090853928789,0.0249677907127071,0.0250596578988094,0.025061915190214,0.0249735714546137,0.0248173574328533,0.0246366734489426,0.0244871460436734,0.0244233835388897,0.0244834492615995,0.0246756994605721,0.0249731103539323,0.0253177817632447,0.025634274750582,0.0258477805634319,0.0259032571139001,0.0257834320152889,0.0255249044164802,0.0252309607692106,0.0250761997411993,0.0252923180216216,0.0261233055958394,0.0277554208350258,0.0302587799953574,0.0335805770772342,0.0375868724775433,0.0421164227004576,0.0470204019866827,NA,NA,NA,NA,NA,NA,NA,NA,NA,NA,NA,NA,NA,NA,NA,NA,NA,NA,NA,NA,NA,NA,NA,NA,NA,NA,NA,NA,NA,NA,NA,NA,NA,NA,NA,NA,NA,NA,NA,NA,NA,NA,NA,NA,NA,NA,NA,NA,NA,NA,NA,NA,NA,NA,NA,NA,NA,NA,NA,NA,NA,NA,NA,NA,NA,NA,NA,NA,NA,NA,NA,NA,NA,NA,NA,NA,NA,NA,NA,NA,NA,NA,NA,NA,NA,NA,NA,NA,NA,NA,NA,NA,NA,NA,NA,NA,NA,NA,NA,NA,NA,NA,NA,NA,NA,NA,NA,NA,NA,NA,NA,NA,NA,NA,NA,NA,NA,NA,NA,NA,NA,NA,NA,NA,NA,NA,NA,NA,NA,NA,NA,NA,NA,NA,NA,NA,NA
0.0471173378265312,0.0421626936479986,0.037585216592633,0.0335368492202022,0.0301835463301014,0.0276647485095998,0.0260371492669416,0.0252300001741486,0.0250513172940407,0.0252488655479152,0.0255832516867014,0.0258741403743516,0.0260145230272943,0.0259658260109158,0.02574503145031,0.0254087446150995,0.0250353709306845,0.0247058256107515,0.0244845613113467,0.0244047658407725,0.0244622163800131,0.0246198745046805,0.0248209706963305,0.0250053037128914,0.0251236387161777,0.025147305243305,0.0250722599714262,0.0249180042320691,0.0247220783075918,0.0245310474760543,0.0243894198317774,0.0243287923494989,0.024360127871604,0.0244715889557893,0.0246325604661742,0.0248022749204502,0.024940137748651,0.025014955825775,0.0250112565904869,0.0249319188882769,0.0247970143294835,0.0246391600286681,0.0244960940775301,0.0244017960205666,0.0243781675820027,0.0244295909580506,0.0245420828489065,0.0246872817661267,0.0248298826375112,0.0249362408062942,0.0249819731623768,0.0249570836087555,0.0248678878320952,0.0247355530192592,0.0245914726531959,0.0244701687742149,0.0244010585038757,0.0244010585038627,0.0244701687741822,0.0245914726531603,0.0247355530192425,0.0248678878321159,0.0249570836088213,0.0249819731624798,0.0249362408064118,0.0248298826376158,0.0246872817661963,0.0245420828489332,0.0244295909580445,0.0243781675819875,0.024401796020567,0.0244960940775601,0.0246391600287212,0.0247970143295382,0.0249319188883049,0.0250112565904686,0.0250149558257075,0.0249401377485472,0.0248022749203346,0.024632560466074,0.0244715889557229,0.0243601278715771,0.0243287923495001,0.0243894198317836,0.0245310474760395,0.024722078307542,0.024918004231988,0.0250722599713341,0.0251473052432323,0.0251236387161524,0.0250053037129266,0.0248209706964239,0.0246198745048069,0.0244622163801369,0.0244047658408652,0.0244845613113953,0.0247058256107649,0.0250353709306846,0.0254087446151132,0.0257450314503535,0.0259658260109919,0.0260145230273873,0.0258741403744377,0.0255832516867567,0.0252488655479257,0.0250513172940114,0.0252300001740993,0.0260371492668972,0.0276647485095766,0.0301835463300996,0.0335368492202078,0.0375852165926284,0.0421626936479603,0.0471173378264482,NA,NA,NA,NA,NA,NA,NA,NA,NA,NA,NA,NA,NA,NA,NA,NA,NA,NA,NA,NA,NA,NA,NA,NA,NA,NA,NA,NA,NA,NA,NA,NA,NA,NA,NA,NA,NA,NA,NA,NA,NA,NA,NA,NA,NA,NA,NA,NA,NA,NA,NA,NA,NA,NA,NA,NA,NA,NA,NA,NA,NA,NA,NA,NA,NA,NA,NA,NA,NA,NA,NA,NA,NA,NA,NA,NA,NA,NA,NA,NA,NA,NA,NA,NA,NA,NA,NA,NA,NA,NA,NA,NA,NA,NA,NA,NA,NA,NA,NA,NA,NA,NA,NA,NA,NA,NA,NA,NA,NA,NA,NA,NA,NA,NA,NA,NA,NA,NA,NA,NA,NA,NA,NA,NA,NA,NA,NA,NA,NA,NA,NA,NA,NA,NA,NA,NA
0.0467614606849828,0.0420398042785862,0.0376652262779971,0.033771371123956,0.0305035986831458,0.0279859496867207,0.0262760410398485,0.0253270946267719,0.0249868882263883,0.0250416269848847,0.0252765880254793,0.0255204077381058,0.0256631365402522,0.0256556464801772,0.0254999286359984,0.0252355954979831,0.0249244912287417,0.0246341989982776,0.0244218853468321,0.0243212702178333,0.0243360704005211,0.0244418324844847,0.0245950705929442,0.0247460766714583,0.0248512844062142,0.0248823567473523,0.0248308549004385,0.0247084790209211,0.0245433732154543,0.0243732494183272,0.0242364809494588,0.0241629274008931,0.024166750743882,0.0242432981174941,0.0243709694022558,0.024517304354294,0.0246472432526972,0.0247312331688394,0.0247514056290078,0.0247048688548832,0.024603816591558,0.0244725873429343,0.0243421691594171,0.0242430985451355,0.0241982344222845,0.0242172327743422,0.024294323004261,0.0244100546230898,0.024536405501986,0.0246436708591123,0.0247072932928874,0.0247131499692664,0.0246604026596242,0.0245615418789202,0.024439657850756,0.0243233535548238,0.0242401870480675,0.0242100487982456,0.0242401870480548,0.024323353554805,0.024439657850742,0.0245615418789215,0.0246604026596481,0.024713149969312,0.024707293292947,0.0246436708591725,0.0245364055020324,0.0244100546231144,0.0242943230042646,0.0242172327743341,0.0241982344222781,0.024243098545142,0.0243421691594395,0.0244725873429653,0.0246038165915836,0.0247048688548887,0.0247514056289856,0.0247312331687917,0.024647243252633,0.0245173043542296,0.0243709694022052,0.0242432981174665,0.0241667507438758,0.0241629274008982,0.0242364809494609,0.0243732494183135,0.024543373215422,0.0247084790208768,0.0248308549003975,0.0248823567473308,0.0248512844062217,0.0247460766714967,0.0245950705930048,0.0244418324845506,0.0243360704005759,0.0243212702178678,0.0244218853468467,0.0246341989982797,0.0249244912287423,0.0252355954979933,0.0254999286360221,0.0256556464802123,0.0256631365402906,0.0255204077381368,0.0252765880254947,0.0250416269848812,0.0249868882263694,0.0253270946267481,0.0262760410398288,0.0279859496867119,0.030503598683146,0.0337713711239597,0.0376652262779964,0.0420398042785735,0.0467614606849524,NA,NA,NA,NA,NA,NA,NA,NA,NA,NA,NA,NA,NA,NA,NA,NA,NA,NA,NA,NA,NA,NA,NA,NA,NA,NA,NA,NA,NA,NA,NA,NA,NA,NA,NA,NA,NA,NA,NA,NA,NA,NA,NA,NA,NA,NA,NA,NA,NA,NA,NA,NA,NA,NA,NA,NA,NA,NA,NA,NA,NA,NA,NA,NA,NA,NA,NA,NA,NA,NA,NA,NA,NA,NA,NA,NA,NA,NA,NA,NA,NA,NA,NA,NA,NA,NA,NA,NA,NA,NA,NA,NA,NA,NA,NA,NA,NA,NA,NA,NA,NA,NA,NA,NA,NA,NA,NA,NA,NA,NA,NA,NA,NA,NA,NA,NA,NA,NA,NA,NA,NA,NA,NA,NA,NA,NA,NA,NA,NA,NA,NA,NA,NA,NA,NA
0.0464256616108198,0.0417835312708138,0.0374777189221473,0.0336366479730756,0.0304004445150023,0.0278900766095584,0.0261648982466566,0.0251857775025152,0.0248116587542155,0.0248389001885083,0.0250587585063052,0.0253012523713864,0.0254543310441542,0.0254646189225214,0.025328840816323,0.0250813159470259,0.0247795532840226,0.0244887145105146,0.0242661478671927,0.0241484213336057,0.0241439875837071,0.0242335942751351,0.024377918254812,0.0245293441338778,0.0246439903047595,0.0246910546898119,0.0246581289858724,0.0245523061170435,0.0243974695163202,0.0242284098369008,0.0240827339206073,0.0239920605323956,0.0239745277715613,0.0240306722626747,0.0241438989893324,0.024285262124312,0.0244209103056142,0.0245200095123319,0.0245612870206209,0.0245370738396632,0.0244543980069169,0.0243331374677906,0.0242015763415364,0.0240900884269307,0.024024153430683,0.0240183312667515,0.0240728394093024,0.0241737498572232,0.024296700220097,0.0244129392594689,0.0244960100785797,0.0245275058561369,0.0245008301174767,0.0244224229988387,0.0243103292565099,0.0241903289773644,0.0240902438916233,0.0240335083427165,0.0240335083427049,0.0240902438915949,0.0241903289773363,0.0243103292565015,0.0244224229988646,0.0245008301175408,0.0245275058562306,0.0244960100786834,0.0244129392595591,0.0242967002201546,0.0241737498572421,0.0240728394092924,0.0240183312667332,0.0240241534306783,0.0240900884269519,0.0242015763415796,0.0243331374678371,0.0244543980069423,0.0245370738396471,0.0245612870205563,0.0245200095122277,0.0244209103054935,0.0242852621242033,0.0241438989892582,0.0240306722626443,0.0239745277715647,0.023992060532409,0.0240827339206047,0.0242284098368658,0.0243974695162555,0.0245523061169685,0.0246581289858151,0.0246910546897972,0.0246439903048011,0.0245293441339689,0.0243779182549317,0.0242335942752538,0.0241439875837989,0.0241484213336578,0.0242661478672093,0.0244887145105142,0.024779553284027,0.0250813159470507,0.0253288408163739,0.025464618922591,0.025454331044224,0.0253012523714374,0.0250587585063221,0.0248389001884887,0.0248116587541719,0.0251857775024654,0.0261648982466195,0.027890076609542,0.0304004445150021,0.0336366479730793,0.0374777189221402,0.0417835312707875,0.0464256616107637,NA,NA,NA,NA,NA,NA,NA,NA,NA,NA,NA,NA,NA,NA,NA,NA,NA,NA,NA,NA,NA,NA,NA,NA,NA,NA,NA,NA,NA,NA,NA,NA,NA,NA,NA,NA,NA,NA,NA,NA,NA,NA,NA,NA,NA,NA,NA,NA,NA,NA,NA,NA,NA,NA,NA,NA,NA,NA,NA,NA,NA,NA,NA,NA,NA,NA,NA,NA,NA,NA,NA,NA,NA,NA,NA,NA,NA,NA,NA,NA,NA,NA,NA,NA,NA,NA,NA,NA,NA,NA,NA,NA,NA,NA,NA,NA,NA,NA,NA,NA,NA,NA,NA,NA,NA,NA,NA,NA,NA,NA,NA,NA,NA,NA,NA,NA,NA,NA,NA,NA,NA,NA,NA,NA,NA,NA,NA,NA,NA,NA,NA,NA,NA,NA
0.0461403579035248,0.0415515885919424,0.0372914642398815,0.0334850741632586,0.0302694619174839,0.0277642149583988,0.0260305677102918,0.0250349052265771,0.0246435047160285,0.0246589324463577,0.0248756643992432,0.0251238523249621,0.0252893167654995,0.0253152224310633,0.0251943071347993,0.0249571173016975,0.0246583548468677,0.0243620492589933,0.0241265491154378,0.0239914781632745,0.0239696450063077,0.0240462174825789,0.0241851221096188,0.0243400384140963,0.0244662491176927,0.0245303070505874,0.0245159724414451,0.024426099905178,0.024280779879739,0.0241122973062959,0.0239577259646635,0.0238504328655671,0.0238123110202557,0.0238487673861221,0.0239479269650123,0.0240842021460157,0.0242249602957304,0.0243382549751448,0.0243996971108892,0.0243971825935859,0.0243328794220389,0.0242223676865299,0.0240911541745452,0.0239691075729964,0.0238837857489858,0.0238540785320674,0.0238857905458371,0.0239704340354672,0.0240875709177946,0.0242099370266657,0.0243098475356667,0.0243652814272599,0.0243644178143269,0.0243079149803716,0.0242086611665431,0.0240890618578341,0.0239762610665568,0.0238961101942557,0.0238671480206209,0.0238961101942087,0.0239762610664935,0.0240890618578005,0.0242086611665779,0.0243079149804897,0.0243644178145174,0.0243652814274864,0.0243098475358777,0.0242099370268127,0.0240875709178516,0.023970434035444,0.0238857905457768,0.0238540785320235,0.0238837857489972,0.0239691075730674,0.0240911541746438,0.0242223676865971,0.0243328794220124,0.0243971825934266,0.024399697110601,0.0243382549747768,0.0242249602953633,0.0240842021457331,0.023947926964866,0.0238487673861087,0.0238123110203171,0.0238504328656161,0.0239577259646254,0.0241122973061427,0.0242807798795062,0.024426099904951,0.0245159724413234,0.0245303070506442,0.0244662491179463,0.0243400384145048,0.0241851221100922,0.0240462174830147,0.0239696450066238,0.02399147816344,0.0241265491154819,0.0243620492589873,0.0246583548468951,0.0249571173018165,0.0251943071350204,0.025315222431349,0.0252893167657743,0.0251238523251493,0.024875664399288,0.0246589324462569,0.02464350471583,0.025034905226364,0.0260305677101381,0.0277642149583332,0.0302694619174842,0.0334850741632711,0.0372914642398493,0.041551588591819,0.0461403579032788,NA,NA,NA,NA,NA,NA,NA,NA,NA,NA,NA,NA,NA,NA,NA,NA,NA,NA,NA,NA,NA,NA,NA,NA,NA,NA,NA,NA,NA,NA,NA,NA,NA,NA,NA,NA,NA,NA,NA,NA,NA,NA,NA,NA,NA,NA,NA,NA,NA,NA,NA,NA,NA,NA,NA,NA,NA,NA,NA,NA,NA,NA,NA,NA,NA,NA,NA,NA,NA,NA,NA,NA,NA,NA,NA,NA,NA,NA,NA,NA,NA,NA,NA,NA,NA,NA,NA,NA,NA,NA,NA,NA,NA,NA,NA,NA,NA,NA,NA,NA,NA,NA,NA,NA,NA,NA,NA,NA,NA,NA,NA,NA,NA,NA,NA,NA,NA,NA,NA,NA,NA,NA,NA,NA,NA,NA,NA,NA,NA,NA,NA,NA,NA
0.0459867348907652,0.0414211622976269,0.0371796185892485,0.0333855675313921,0.0301749238403847,0.0276675076520462,0.0259268065413962,0.0249231744504334,0.0245270612657229,0.0245437089499503,0.0247680820294641,0.025028972365062,0.0252096787724813,0.0252503020655771,0.0251404978240195,0.0249082302723191,0.0246066700623034,0.0242998728156857,0.0240480351245429,0.0238942358371526,0.0238555592378545,0.0239211238490969,0.0240574228783203,0.024218731155624,0.0243589400835728,0.0244416388733764,0.0244466949007602,0.0243728770317212,0.0242367604654908,0.0240684173525692,0.0239045976764943,0.0237804897797555,0.023721691607611,0.0237383715419565,0.0238232799708282,0.0239541530623406,0.0240996148157638,0.0242267089429143,0.0243080799234646,0.0243273559152012,0.0242819804700744,0.0241832735833212,0.0240538424375336,0.0239227464801679,0.0238191893703124,0.0237659625493129,0.0237741960348681,0.0238408605658917,0.0239497511858934,0.024075606593088,0.0241901107435958,0.0242681838213563,0.0242931911185084,0.0242601840730902,0.0241767544553942,0.0240614324350192,0.0239398560211615,0.0238392924507798,0.023782528927414,0.0237825289254222,0.0238392924458463,0.023939856015936,0.024061432432611,0.0241767544581593,0.0242601840818563,0.024293191132359,0.0242681838378922,0.0241901107596235,0.0240756066056202,0.0239497511932265,0.0238408605682364,0.023774196034185,0.0237659625484798,0.0238191893720098,0.0239227464858909,0.024053842446971,0.0241832735943431,0.0242819804794157,0.0243273559196949,0.0243080799212843,0.0242267089343487,0.0240996148031218,0.0239541530490419,0.0238232799600508,0.0237383715354465,0.0237216916051782,0.0237804897795664,0.0239045976760245,0.0240684173497784,0.0242367604596777,0.024372877023681,0.0244466948922503,0.0244416388663076,0.0243589400793487,0.0242187311547512,0.0240574228803562,0.0239211238528562,0.0238555592418421,0.0238942358401341,0.0240480351260005,0.0242998728159153,0.0246066700621119,0.024908230272524,0.0251404978250484,0.0252503020673395,0.0252096787744742,0.0250289723666616,0.024768082030253,0.0245437089499602,0.0245270612653805,0.0249231744502373,0.0259268065415164,0.0276675076522486,0.0301749238403679,0.033385567531176,0.0371796185892493,0.041421162298431,0.0459867348928706,NA,NA,NA,NA,NA,NA,NA,NA,NA,NA,NA,NA,NA,NA,NA,NA,NA,NA,NA,NA,NA,NA,NA,NA,NA,NA,NA,NA,NA,NA,NA,NA,NA,NA,NA,NA,NA,NA,NA,NA,NA,NA,NA,NA,NA,NA,NA,NA,NA,NA,NA,NA,NA,NA,NA,NA,NA,NA,NA,NA,NA,NA,NA,NA,NA,NA,NA,NA,NA,NA,NA,NA,NA,NA,NA,NA,NA,NA,NA,NA,NA,NA,NA,NA,NA,NA,NA,NA,NA,NA,NA,NA,NA,NA,NA,NA,NA,NA,NA,NA,NA,NA,NA,NA,NA,NA,NA,NA,NA,NA,NA,NA,NA,NA,NA,NA,NA,NA,NA,NA,NA,NA,NA,NA,NA,NA,NA,NA,NA,NA,NA,NA
0.0457164901153289,0.0412000225090168,0.0370005633549845,0.0332385620365427,0.030047130166462,0.0275447848126826,0.025796624894383,0.0247779415261333,0.0243658921727325,0.0243715317758135,0.0245929592040415,0.0248592524260459,0.0250518693766701,0.0251077840438967,0.0250129589038969,0.0247917527743489,0.0244944883986269,0.0241837981647508,0.0239203836714843,0.0237498361216252,0.0236932205233269,0.0237440325127687,0.0238723292751052,0.024034249816955,0.0241835208188748,0.0242817172277376,0.0243053496893918,0.0242491658498212,0.0241258169142983,0.0239623355141222,0.0237940344616383,0.0236567455233214,0.0235788174545543,0.0235747205580322,0.0236420074530847,0.0237624987579537,0.023907203138989,0.0240433664402343,0.0241417043010594,0.0241822510965164,0.0241579192908963,0.0240754302115407,0.023953642018943,0.0238195621856733,0.0237026393136791,0.0236283414069217,0.0236124204293293,0.0236573493975174,0.023751953284165,0.0238743117319733,0.0239970236690513,0.0240933662595298,0.0241429045510981,0.0241355088747098,0.0240732102733761,0.0239696990054565,0.0238475550982185,0.0237335944574162,0.023653095316702,0.023624084544471,0.0236530953167488,0.0237335944574842,0.0238475550982702,0.0239696990054566,0.0240732102733055,0.0241355088745695,0.0241429045509083,0.0240933662593247,0.0239970236688684,0.0238743117318428,0.0237519532840989,0.0236573493975049,0.0236124204293419,0.0236283414069232,0.0237026393136394,0.0238195621855774,0.0239536420188016,0.0240754302113899,0.024157919290786,0.0241822510964898,0.0241417043011338,0.0240433664403928,0.0239072031391869,0.0237624987581386,0.0236420074532168,0.0235747205580988,0.0235788174545704,0.0236567455233206,0.0237940344616579,0.0239623355141838,0.0241258169144015,0.0242491658499419,0.0243053496895024,0.0242817172278102,0.0241835208188961,0.0240342498169242,0.0238723292750367,0.0237440325126866,0.0236932205232548,0.0237498361215807,0.0239203836714672,0.0241837981647496,0.0244944883986235,0.02479175277433,0.0250129589038586,0.0251077840438467,0.0250518693766247,0.0248592524260183,0.0245929592040401,0.024371531775834,0.0243658921727595,0.0247779415261534,0.0257966248943907,0.0275447848126823,0.0300471301664617,0.0332385620365451,0.0370005633549872,0.0412000225090134,0.0457164901153145,NA,NA,NA,NA,NA,NA,NA,NA,NA,NA,NA,NA,NA,NA,NA,NA,NA,NA,NA,NA,NA,NA,NA,NA,NA,NA,NA,NA,NA,NA,NA,NA,NA,NA,NA,NA,NA,NA,NA,NA,NA,NA,NA,NA,NA,NA,NA,NA,NA,NA,NA,NA,NA,NA,NA,NA,NA,NA,NA,NA,NA,NA,NA,NA,NA,NA,NA,NA,NA,NA,NA,NA,NA,NA,NA,NA,NA,NA,NA,NA,NA,NA,NA,NA,NA,NA,NA,NA,NA,NA,NA,NA,NA,NA,NA,NA,NA,NA,NA,NA,NA,NA,NA,NA,NA,NA,NA,NA,NA,NA,NA,NA,NA,NA,NA,NA,NA,NA,NA,NA,NA,NA,NA,NA,NA,NA,NA,NA,NA,NA,NA
0.046150571438272,0.0415406205687288,0.0372539091745861,0.0334152667928108,0.0301637329098269,0.0276242961661073,0.0258666098669104,0.0248655332960671,0.0244917291018469,0.0245460597210641,0.0248164658980359,0.0251242239108901,0.0253458097461507,0.0254156526759521,0.0253191951245921,0.025082106990207,0.0247578000138621,0.0244136460762744,0.0241162853993259,0.0239175168743665,0.0238435882748522,0.0238909308440196,0.0240296574036389,0.0242132645259889,0.0243909419510522,0.0245188701838277,0.0245682791853643,0.0245295425948595,0.0244124634239829,0.0242432097861365,0.0240584586634562,0.0238975418450992,0.0237938821128411,0.0237675596450044,0.0238209798622967,0.0239389149549648,0.0240928020192739,0.0242478294227035,0.0243707426559195,0.0244365605813859,0.0244330853393189,0.0243627413432785,0.0242416959609122,0.0240964664183484,0.0239584767027471,0.0238574146522556,0.0238147023320669,0.0238386713707667,0.023922798320575,0.0240475117059429,0.0241849737660273,0.0243054267908036,0.0243835048720115,0.0244032411732572,0.0243610124126751,0.0242660963795598,0.0241388183465229,0.024006519699414,0.0238979164075827,0.0238368532973867,0.0238368532974267,0.0238979164076814,0.0240065196995178,0.02413881834657,0.0242660963795038,0.0243610124125005,0.0244032411729829,0.0243835048716837,0.0243054267904823,0.0241849737657696,0.0240475117057834,0.0239227983205161,0.0238386713707764,0.0238147023320909,0.0238574146522356,0.023958476702641,0.0240964664181514,0.0242416959606674,0.0243627413430691,0.0244330853392352,0.0244365605814855,0.024370742656195,0.0242478294230862,0.0240928020196614,0.0239389149552668,0.0238209798624669,0.0237675596450546,0.0237938821128306,0.023897541845107,0.0240584586635431,0.0242432097863175,0.024412463424221,0.0245295425950839,0.0245682791855038,0.0245188701838368,0.024390941950924,0.0242132645257556,0.0240296574033624,0.0238909308437685,0.0238435882746777,0.0239175168742837,0.0241162853993095,0.0244136460762736,0.0247578000138322,0.0250821069901235,0.0253191951244614,0.0254156526758048,0.0253458097460303,0.0251242239108308,0.0248164658980512,0.0245460597211376,0.024491729101942,0.0248655332961479,0.0258666098669575,0.0276242961661239,0.030163732909827,0.0334152667928107,0.0372539091746001,0.0415406205687668,0.0461505714383438,NA,NA,NA,NA,NA,NA,NA,NA,NA,NA,NA,NA,NA,NA,NA,NA,NA,NA,NA,NA,NA,NA,NA,NA,NA,NA,NA,NA,NA,NA,NA,NA,NA,NA,NA,NA,NA,NA,NA,NA,NA,NA,NA,NA,NA,NA,NA,NA,NA,NA,NA,NA,NA,NA,NA,NA,NA,NA,NA,NA,NA,NA,NA,NA,NA,NA,NA,NA,NA,NA,NA,NA,NA,NA,NA,NA,NA,NA,NA,NA,NA,NA,NA,NA,NA,NA,NA,NA,NA,NA,NA,NA,NA,NA,NA,NA,NA,NA,NA,NA,NA,NA,NA,NA,NA,NA,NA,NA,NA,NA,NA,NA,NA,NA,NA,NA,NA,NA,NA,NA,NA,NA,NA,NA,NA,NA,NA,NA,NA,NA
0.0461822961184719,0.0415446101322765,0.0372305501756949,0.0333662749010084,0.0300932022318596,0.0275396759685832,0.0257787319310105,0.0247868824608358,0.0244334359358525,0.0245153681981598,0.0248158455984013,0.0251517950890172,0.0253962336193737,0.025481031363712,0.0253899558868058,0.0251480149792747,0.0248092240227537,0.02444306772404,0.0241198255510823,0.0238960298130281,0.0238028143378759,0.0238404541860592,0.0239809010431403,0.0241771361483887,0.0243757691236706,0.0245290103931008,0.0246035115643417,0.0245851988814423,0.0244802255721128,0.0243125059762422,0.024118349313075,0.0239388643819997,0.0238112456085362,0.0237606583178801,0.0237947726760088,0.0239025432349345,0.024057540955435,0.0242246500543595,0.0243680752279251,0.0244586741800638,0.0244792899284544,0.0244274736773465,0.0243154707772581,0.0241676043199776,0.0240154038415153,0.0238911526491597,0.02382099190679,0.0238191304971687,0.0238847160291417,0.0240022874575582,0.0241456315442426,0.0242838521306459,0.0243880167858169,0.0244369244729217,0.0244210375494129,0.0243441107912846,0.0242223888937376,0.0240814823844509,0.0239513022598592,0.0238598272796327,0.0238269375089668,0.0238598272792981,0.023951302259363,0.0240814823840675,0.0242223888937347,0.0243441107918205,0.0244210375504808,0.0244369244743541,0.0243880167873441,0.0242838521319825,0.0241456315451769,0.0240022874580115,0.0238847160291921,0.023819130497025,0.0238209919067209,0.0238911526493946,0.0240154038421488,0.0241676043209062,0.0243154707781916,0.0244274736779025,0.0244792899283218,0.0244586741791514,0.0243680752264124,0.0242246500526244,0.0240575409538975,0.0239025432338959,0.0237947726755495,0.0237606583178459,0.0238112456086194,0.0239388643818779,0.0241183493125577,0.0243125059753569,0.0244802255710881,0.0245851988806042,0.0246035115639764,0.0245290103933539,0.0243757691245047,0.024177136149598,0.0239809010444223,0.0238404541871225,0.0238028143385435,0.0238960298132978,0.0241198255511102,0.02444306772405,0.0248092240229277,0.0251480149796846,0.0253899558873998,0.0254810313643423,0.0253962336198597,0.0251517950892288,0.0248158455983091,0.0245153681978433,0.0244334359354519,0.0247868824604887,0.0257787319307975,0.0275396759685069,0.0300932022318684,0.0333662749010253,0.0372305501756363,0.0415446101320745,0.0461822961180748,NA,NA,NA,NA,NA,NA,NA,NA,NA,NA,NA,NA,NA,NA,NA,NA,NA,NA,NA,NA,NA,NA,NA,NA,NA,NA,NA,NA,NA,NA,NA,NA,NA,NA,NA,NA,NA,NA,NA,NA,NA,NA,NA,NA,NA,NA,NA,NA,NA,NA,NA,NA,NA,NA,NA,NA,NA,NA,NA,NA,NA,NA,NA,NA,NA,NA,NA,NA,NA,NA,NA,NA,NA,NA,NA,NA,NA,NA,NA,NA,NA,NA,NA,NA,NA,NA,NA,NA,NA,NA,NA,NA,NA,NA,NA,NA,NA,NA,NA,NA,NA,NA,NA,NA,NA,NA,NA,NA,NA,NA,NA,NA,NA,NA,NA,NA,NA,NA,NA,NA,NA,NA,NA,NA,NA,NA,NA,NA,NA
0.0457445503946227,0.0412217557597707,0.037009091493124,0.0332255531909976,0.0300046166077175,0.0274684812488666,0.0256897080343844,0.0246528488330615,0.0242421081371897,0.0242702878359162,0.0245318821111196,0.0248489296338179,0.0250943585289006,0.0251964288799668,0.0251331591978199,0.0249227203364804,0.0246121650045359,0.0242649496611326,0.0239474122656453,0.0237152069889888,0.0236019931911224,0.0236133268374325,0.0237276752400072,0.023903979642415,0.0240928675848462,0.0242479708110521,0.0243347830878272,0.0243359593208082,0.0242529941095181,0.0241046459908276,0.0239225705821543,0.0237447371127453,0.023607537383045,0.0235380194510219,0.0235480659239216,0.0236321307978757,0.0237691690793835,0.0239280447224368,0.0240747197679878,0.0241793472377026,0.0242218574901026,0.0241952850153124,0.0241065919208767,0.023975039516175,0.0238283571861896,0.0236972120295677,0.0236088640693245,0.023581300078034,0.0236193025671501,0.0237135574810374,0.0238430410782317,0.0239799359653097,0.0240956979771318,0.0241668413411297,0.0241793681196502,0.0241312320809142,0.0240325945986979,0.0239038788540072,0.0237718522331955,0.023664270369303,0.0236040155888209,0.0236040155889003,0.0236642703695019,0.0237718522334123,0.0239038788541143,0.0240325945985921,0.0241312320805559,0.0241793681190778,0.0241668413404435,0.0240956979764568,0.0239799359647594,0.0238430410778774,0.0237135574808938,0.0236193025671655,0.0235813000781006,0.0236088640693124,0.023697212029379,0.0238283571858094,0.023975039515692,0.024106591920462,0.024195285015151,0.0242218574903116,0.0241793472382737,0.0240747197687872,0.0239280447232614,0.0237691690800431,0.0236321307982638,0.0235480659240466,0.0235380194509928,0.0236075373830163,0.0237447371128432,0.0239225705824242,0.024104645991221,0.0242529941099187,0.0243359593210827,0.0243347830878784,0.0242479708108531,0.0240928675844404,0.0239039796419023,0.0237276752395089,0.023613326837052,0.0236019931909076,0.0237152069889203,0.0239474122656499,0.0242649496611208,0.0246121650044404,0.0249227203362825,0.0251331591975593,0.0251964288797181,0.0250943585287467,0.0248489296338029,0.0245318821112382,0.024270287836113,0.0242421081373897,0.0246528488332059,0.0256897080344549,0.0274684812488834,0.0300046166077169,0.0332255531910061,0.0370090914931537,0.0412217557598252,0.0457445503947014,NA,NA,NA,NA,NA,NA,NA,NA,NA,NA,NA,NA,NA,NA,NA,NA,NA,NA,NA,NA,NA,NA,NA,NA,NA,NA,NA,NA,NA,NA,NA,NA,NA,NA,NA,NA,NA,NA,NA,NA,NA,NA,NA,NA,NA,NA,NA,NA,NA,NA,NA,NA,NA,NA,NA,NA,NA,NA,NA,NA,NA,NA,NA,NA,NA,NA,NA,NA,NA,NA,NA,NA,NA,NA,NA,NA,NA,NA,NA,NA,NA,NA,NA,NA,NA,NA,NA,NA,NA,NA,NA,NA,NA,NA,NA,NA,NA,NA,NA,NA,NA,NA,NA,NA,NA,NA,NA,NA,NA,NA,NA,NA,NA,NA,NA,NA,NA,NA,NA,NA,NA,NA,NA,NA,NA,NA,NA,NA
0.0457215822750527,0.0411874720241168,0.0369623524022979,0.0331655520328379,0.0299316604916352,0.0273850048789179,0.0256009602335445,0.0245664598687596,0.0241663652825306,0.0242120590545724,0.0244952815603073,0.0248349361462685,0.0251009811356626,0.0252190709063934,0.0251650961678986,0.0249557662378662,0.0246376311607976,0.0242749318926896,0.0239362844794598,0.0236809862068174,0.0235470924748471,0.0235442991870889,0.0236539137950096,0.0238357624706335,0.0240393264416499,0.0242154520946961,0.0243258279733416,0.0243489456887827,0.0242824108409234,0.024141963601935,0.023957658920555,0.0237677070071453,0.0236107365481111,0.0235177485216185,0.0235055198421605,0.0235732252776045,0.0237032591520758,0.0238659007079297,0.0240263008724072,0.0241518612025979,0.0242184223042609,0.0242143429997267,0.0241421227449667,0.0240175579237426,0.0238666115508998,0.0237203779731603,0.0236088545756737,0.0235546614834058,0.0235681571422138,0.0236452705722658,0.0237686740620716,0.0239119061462069,0.0240452321206981,0.024141757109395,0.0241825500885015,0.0241600016368465,0.0240790548621201,0.0239562268371674,0.0238165389645716,0.0236887171058726,0.0235993789218036,0.0235673359693081,0.0235993789217524,0.0236887171057947,0.0238165389645084,0.0239562268371621,0.0240790548622004,0.0241600016370139,0.0241825500887304,0.0241417571096426,0.0240452321209192,0.0239119061463665,0.023768674062154,0.0236452705722787,0.0235681571421884,0.0235546614833856,0.0236088545756994,0.0237203779732494,0.023866611551036,0.0240175579238809,0.0241421227450495,0.0242143429997075,0.024218422304125,0.0241518612023681,0.0240263008721364,0.023865900707682,0.0237032591519004,0.0235732252775195,0.0235055198421485,0.0235177485216365,0.0236107365481124,0.0237677070070977,0.0239576589204551,0.0241419636018064,0.0242824108408053,0.0243489456887162,0.0243258279733514,0.0242154520947863,0.0240393264418005,0.0238357624708087,0.0236539137951707,0.0235442991872072,0.0235470924749111,0.0236809862068374,0.0239362844794594,0.0242749318926965,0.0246376311608323,0.0249557662379323,0.0251650961679847,0.0252190709064758,0.0251009811357175,0.0248349361462823,0.0244952815602787,0.0242120590545142,0.0241663652824652,0.0245664598687071,0.0256009602335147,0.0273850048789097,0.0299316604916366,0.0331655520328375,0.0369623524022889,0.0411874720240915,0.04572158227501,NA,NA,NA,NA,NA,NA,NA,NA,NA,NA,NA,NA,NA,NA,NA,NA,NA,NA,NA,NA,NA,NA,NA,NA,NA,NA,NA,NA,NA,NA,NA,NA,NA,NA,NA,NA,NA,NA,NA,NA,NA,NA,NA,NA,NA,NA,NA,NA,NA,NA,NA,NA,NA,NA,NA,NA,NA,NA,NA,NA,NA,NA,NA,NA,NA,NA,NA,NA,NA,NA,NA,NA,NA,NA,NA,NA,NA,NA,NA,NA,NA,NA,NA,NA,NA,NA,NA,NA,NA,NA,NA,NA,NA,NA,NA,NA,NA,NA,NA,NA,NA,NA,NA,NA,NA,NA,NA,NA,NA,NA,NA,NA,NA,NA,NA,NA,NA,NA,NA,NA,NA,NA,NA,NA,NA,NA,NA
0.046470728237884,0.0417938791940438,0.0374359259755021,0.0335226030258253,0.0301969762963463,0.0275924643533432,0.0257906830321099,0.0247776122302043,0.0244284568858492,0.0245397642097881,0.0248887909648566,0.0252836677263441,0.0255878193757006,0.0257238637107491,0.0256673676009409,0.0254369773532959,0.0250832421309263,0.024676282285675,0.0242920227456208,0.0239975452442288,0.0238377137164829,0.0238265086946797,0.0239460080166052,0.0241533077702379,0.0243925753626277,0.024608080498244,0.0247549175787103,0.0248059185568295,0.0247546282060462,0.024614782615895,0.0244167806561194,0.0242015964645451,0.0240127628924275,0.0238875656655885,0.0238492255437977,0.0239021051868238,0.0240313716153718,0.0242071422363579,0.0243916889220456,0.0245475786427777,0.024644867305839,0.0246661929386211,0.0246093048821262,0.0244869785292902,0.0243244548055179,0.0241546934924087,0.0240120075923625,0.0239250956808834,0.0239109444708444,0.0239711853329396,0.0240919672601347,0.0242473545349858,0.0244051902178345,0.0245338225326756,0.0246081992318693,0.0246143192585413,0.0245515348521673,0.0244325386322405,0.0242810708346938,0.0241275712119465,0.0240033051052604,0.0239339360511299,0.023933936051104,0.0240033051051936,0.0241275712118681,0.0242810708346426,0.0244325386322527,0.0245515348522607,0.0246143192587099,0.0246081992320864,0.0245338225329026,0.0244051902180319,0.0242473545351246,0.0240919672602045,0.0239711853329509,0.023910944470828,0.0239250956808786,0.0240120075924001,0.0241546934924952,0.0243244548056338,0.0244869785293977,0.0246093048821848,0.0246661929386045,0.0246448673057463,0.0245475786426322,0.0243916889218862,0.0242071422362254,0.0240313716152909,0.0239021051867976,0.0238492255438064,0.0238875656656028,0.0240127628924226,0.0242015964645129,0.0244167806560679,0.0246147826158467,0.0247546282060229,0.0248059185568507,0.0247549175787778,0.0246080804983466,0.0243925753627432,0.0241533077703442,0.0239460080166828,0.0238265086947202,0.0238377137164917,0.0239975452442195,0.0242920227456132,0.0246762822856867,0.0250832421309666,0.0254369773533582,0.0256673676010087,0.0257238637108022,0.0255878193757168,0.0252836677263152,0.0248887909647882,0.0245397642096989,0.0244284568857624,0.0247776122301431,0.0257906830320805,0.0275924643533359,0.0301969762963458,0.0335226030258203,0.0374359259754852,0.041793879194015,0.0464707282378446,NA,NA,NA,NA,NA,NA,NA,NA,NA,NA,NA,NA,NA,NA,NA,NA,NA,NA,NA,NA,NA,NA,NA,NA,NA,NA,NA,NA,NA,NA,NA,NA,NA,NA,NA,NA,NA,NA,NA,NA,NA,NA,NA,NA,NA,NA,NA,NA,NA,NA,NA,NA,NA,NA,NA,NA,NA,NA,NA,NA,NA,NA,NA,NA,NA,NA,NA,NA,NA,NA,NA,NA,NA,NA,NA,NA,NA,NA,NA,NA,NA,NA,NA,NA,NA,NA,NA,NA,NA,NA,NA,NA,NA,NA,NA,NA,NA,NA,NA,NA,NA,NA,NA,NA,NA,NA,NA,NA,NA,NA,NA,NA,NA,NA,NA,NA,NA,NA,NA,NA,NA,NA,NA,NA,NA,NA
0.0460528807777986,0.041488353313477,0.037229839905073,0.0333961030683285,0.0301223048080063,0.0275354429570329,0.0257160463199909,0.0246574781262276,0.0242495620394877,0.0243048780867215,0.0246124664609212,0.0249860564993221,0.0252894421279826,0.0254420575612496,0.0254140827450662,0.0252175376967998,0.0248959390169691,0.0245128988600482,0.02413946317191,0.0238405790906584,0.0236624219745709,0.0236235350611464,0.0237125818133056,0.0238934456629328,0.0241156132657869,0.0243262114687289,0.024480484944131,0.0245490021851357,0.024521225806817,0.0244057533911091,0.0242276737808884,0.0240234568517721,0.0238339069961155,0.0236961009339239,0.023635792350938,0.023662114006833,0.0237660805202301,0.023923296973976,0.0240999247826303,0.0242600983463845,0.0243729644062173,0.0244180744508512,0.0243885187608111,0.0242916479546758,0.0241474585285643,0.0239848576776913,0.023836229102858,0.0237310776036654,0.0236899578129792,0.0237201318294315,0.0238141518791021,0.0239517689276101,0.0241045619560034,0.0242419750808656,0.0243373168507285,0.0243726004281413,0.0243415720626087,0.0242506522432168,0.0241177458658131,0.0239690454533241,0.0238341750916202,0.0237403707590074,0.0237068004770426,0.0237403707589869,0.0238341750915893,0.0239690454532983,0.0241177458658098,0.0242506522432483,0.0243415720626773,0.0243726004282375,0.0243373168508352,0.0242419750809624,0.0241045619560742,0.0239517689276462,0.0238141518791063,0.023720131829417,0.0236899578129662,0.0237310776036712,0.0238362291028898,0.0239848576777413,0.0241474585286147,0.0242916479547046,0.0243885187608017,0.024418074450799,0.0243729644061296,0.0242600983462799,0.0240999247825318,0.0239232969739037,0.0237660805201923,0.0236621140068254,0.0236357923509456,0.02369610093393,0.0238339069961081,0.0240234568517491,0.024227673780854,0.0244057533910753,0.024521225806796,0.0245490021851359,0.0244804849441558,0.0243262114687713,0.0241156132658388,0.0238934456629819,0.0237125818133446,0.0236235350611703,0.0236624219745804,0.0238405790906575,0.0241394631719081,0.0245128988600532,0.0248959390169843,0.0252175376968237,0.0254140827450937,0.0254420575612722,0.0252894421279898,0.0249860564993115,0.0246124664608963,0.0243048780866887,0.0242495620394582,0.0246574781262088,0.0257160463199838,0.0275354429570322,0.0301223048080059,0.0333961030683253,0.0372298399050696,0.0414883533134759,0.0460528807778047,NA,NA,NA,NA,NA,NA,NA,NA,NA,NA,NA,NA,NA,NA,NA,NA,NA,NA,NA,NA,NA,NA,NA,NA,NA,NA,NA,NA,NA,NA,NA,NA,NA,NA,NA,NA,NA,NA,NA,NA,NA,NA,NA,NA,NA,NA,NA,NA,NA,NA,NA,NA,NA,NA,NA,NA,NA,NA,NA,NA,NA,NA,NA,NA,NA,NA,NA,NA,NA,NA,NA,NA,NA,NA,NA,NA,NA,NA,NA,NA,NA,NA,NA,NA,NA,NA,NA,NA,NA,NA,NA,NA,NA,NA,NA,NA,NA,NA,NA,NA,NA,NA,NA,NA,NA,NA,NA,NA,NA,NA,NA,NA,NA,NA,NA,NA,NA,NA,NA,NA,NA,NA,NA,NA,NA
0.0457841707750086,0.0412694160246534,0.0370540401080318,0.0332538237052819,0.0300009283562611,0.0274205033414819,0.0255938901533384,0.0245187628836526,0.0240916637692063,0.0241316585321537,0.0244318936748186,0.0248073377537067,0.0251207548391071,0.0252890713331244,0.0252791146724014,0.025099216607277,0.0247893764024525,0.024410440694325,0.0240320725404184,0.0237197387325663,0.0235221736261169,0.0234620455106726,0.0235326726151628,0.0237019062472781,0.0239215929834001,0.0241392364724843,0.0243085937702235,0.0243972996098348,0.0243909907677765,0.0242941617991623,0.0241281794427084,0.023926852006396,0.0237300019251558,0.0235757960056707,0.0234931107323533,0.023495644676486,0.0235793816969202,0.0237241336352533,0.0238985913551233,0.0240673038133751,0.0241977635399902,0.0242661995336149,0.0242613219793861,0.0241857690903337,0.0240552793788767,0.0238957490067476,0.0237384888612061,0.0236142819102722,0.0235472452630625,0.0235498342931387,0.023620290688483,0.0237432593675344,0.0238933601617025,0.0240406633123323,0.0241566694191676,0.0242195628347911,0.0242179352651324,0.0241525872697676,0.0240362875167993,0.023891536714647,0.0237465539584862,0.0236299753567319,0.0235651341589703,0.023565134158964,0.0236299753567161,0.0237465539584686,0.0238915367146373,0.024036287516806,0.0241525872697953,0.0242179352651796,0.0242195628348505,0.0241566694192279,0.0240406633123828,0.0238933601617346,0.0237432593675462,0.0236202906884786,0.0235498342931285,0.0235472452630574,0.0236142819102798,0.0237384888612266,0.0238957490067744,0.0240552793788992,0.024185769090341,0.0242613219793718,0.0242661995335802,0.0241977635399409,0.0240673038133211,0.0238985913550767,0.023724133635222,0.0235793816969065,0.0234956446764865,0.0234931107323589,0.0235757960056742,0.0237300019251514,0.0239268520063832,0.0241281794426897,0.0242941617991436,0.0243909907677642,0.0243972996098337,0.0243085937702344,0.0241392364725038,0.0239215929834252,0.0237019062473035,0.0235326726151835,0.0234620455106859,0.0235221736261227,0.0237197387325662,0.0240320725404162,0.024410440694326,0.024789376402459,0.0250992166072891,0.0252791146724167,0.0252890713331392,0.0251207548391167,0.0248073377537085,0.0244318936748104,0.0241316585321399,0.0240916637691922,0.0245187628836436,0.0255938901533337,0.0274205033414816,0.030000928356262,0.0332538237052814,0.0370540401080288,0.0412694160246501,0.0457841707750063,NA,NA,NA,NA,NA,NA,NA,NA,NA,NA,NA,NA,NA,NA,NA,NA,NA,NA,NA,NA,NA,NA,NA,NA,NA,NA,NA,NA,NA,NA,NA,NA,NA,NA,NA,NA,NA,NA,NA,NA,NA,NA,NA,NA,NA,NA,NA,NA,NA,NA,NA,NA,NA,NA,NA,NA,NA,NA,NA,NA,NA,NA,NA,NA,NA,NA,NA,NA,NA,NA,NA,NA,NA,NA,NA,NA,NA,NA,NA,NA,NA,NA,NA,NA,NA,NA,NA,NA,NA,NA,NA,NA,NA,NA,NA,NA,NA,NA,NA,NA,NA,NA,NA,NA,NA,NA,NA,NA,NA,NA,NA,NA,NA,NA,NA,NA,NA,NA,NA,NA,NA,NA,NA,NA
0.0455329566379306,0.0410990137674458,0.0369546813983847,0.0332105577905215,0.0299929830468302,0.0274224086889098,0.025579381582027,0.0244670203243706,0.0239928305090894,0.0239881710178216,0.0242554215001323,0.0246140050168355,0.0249269721772602,0.0251086797716292,0.0251216353037927,0.0249688918477874,0.024684869132304,0.0243252378494967,0.0239557147660267,0.0236399042421895,0.0234273564977753,0.0233441977535384,0.0233890036889483,0.0235352805218789,0.0237395209289624,0.0239519347532107,0.0241267336873683,0.0242299318958156,0.0242439325234757,0.0241689937700564,0.0240219468526605,0.0238325414610613,0.0236378144294059,0.0234751001664955,0.023374742297751,0.0233540101085159,0.0234137782227518,0.0235389080904192,0.0237021402688208,0.0238702567422625,0.0240108357531597,0.0240981549273657,0.0241173597572769,0.0240665336278861,0.0239566225280953,0.0238093239909642,0.0236531765179239,0.0235183029374334,0.0234306017519871,0.0234065311491349,0.0234497450936997,0.0235504985487461,0.0236879719270904,0.0238348170729559,0.0239627096301266,0.0240476686356886,0.0240742252287731,0.0240379239301527,0.0239459472758806,0.0238158433236355,0.0236724816899324,0.0235435664591483,0.0234543428671134,0.0234224843382733,0.0234543428671077,0.0235435664591394,0.0236724816899245,0.0238158433236336,0.0239459472758879,0.0240379239301703,0.0240742252287991,0.0240476686357181,0.0239627096301541,0.0238348170729766,0.0236879719271008,0.0235504985487474,0.0234497450936953,0.0234065311491306,0.0234306017519873,0.0235183029374401,0.0236531765179355,0.0238093239909765,0.023956622528103,0.0240665336278865,0.0241173597572677,0.0240981549273486,0.024010835753138,0.0238702567422404,0.0237021402688034,0.0235389080904088,0.0234137782227487,0.0233540101085173,0.0233747422977534,0.0234751001664964,0.0236378144294034,0.0238325414610554,0.0240219468526535,0.0241689937700486,0.0242439325234716,0.0242299318958153,0.0241267336873723,0.0239519347532179,0.0237395209289703,0.0235352805218883,0.0233890036889555,0.0233441977535435,0.0234273564977768,0.0236399042421892,0.0239557147660258,0.0243252378494966,0.024684869132306,0.0249688918477913,0.0251216353037982,0.0251086797716346,0.0249269721772644,0.0246140050168355,0.0242554215001289,0.0239881710178163,0.0239928305090839,0.0244670203243657,0.0255793815820255,0.0274224086889099,0.0299929830468321,0.0332105577905235,0.0369546813983855,0.0410990137674451,0.0455329566379285,NA,NA,NA,NA,NA,NA,NA,NA,NA,NA,NA,NA,NA,NA,NA,NA,NA,NA,NA,NA,NA,NA,NA,NA,NA,NA,NA,NA,NA,NA,NA,NA,NA,NA,NA,NA,NA,NA,NA,NA,NA,NA,NA,NA,NA,NA,NA,NA,NA,NA,NA,NA,NA,NA,NA,NA,NA,NA,NA,NA,NA,NA,NA,NA,NA,NA,NA,NA,NA,NA,NA,NA,NA,NA,NA,NA,NA,NA,NA,NA,NA,NA,NA,NA,NA,NA,NA,NA,NA,NA,NA,NA,NA,NA,NA,NA,NA,NA,NA,NA,NA,NA,NA,NA,NA,NA,NA,NA,NA,NA,NA,NA,NA,NA,NA,NA,NA,NA,NA,NA,NA,NA,NA
0.0462273525343256,0.041716867795584,0.0374989971555261,0.0336860446907315,0.0304069120255501,0.0277854595355031,0.0259059242197799,0.0247740686445111,0.0242975068479272,0.0243047428278351,0.0245933435586098,0.024977442207425,0.0253153256923102,0.0255175059799666,0.025543642821148,0.0253949639312159,0.0251051735628388,0.0247304903451325,0.0243385821260313,0.0239963812376646,0.0237577759494379,0.023653463041438,0.0236858009800923,0.0238304052847177,0.0240437980124069,0.0242742899868207,0.0244727955467419,0.0246012942860398,0.024638049007729,0.0245796254971894,0.0244400983302052,0.0242478267364775,0.0240401558439983,0.0238565567053644,0.0237311264062498,0.0236858707645938,0.0237264105426865,0.0238413186110088,0.0240052303128924,0.0241846992377437,0.0243451239601217,0.024457155230699,0.0245015278866864,0.0244718344767587,0.0243751360355238,0.0242304865630901,0.0240655529044656,0.0239116780731429,0.0237980381691757,0.0237459253176998,0.0237644394829926,0.0238487225948413,0.023981226571108,0.0241356163197363,0.024282210782799,0.024393652886804,0.024449728131582,0.0244406626432827,0.0243685918670369,0.0242471175498406,0.0240990102943716,0.023952270323492,0.0238350148450074,0.0237700143747724,0.0237700143747706,0.023835014845002,0.0239522703234858,0.0240990102943676,0.0242471175498413,0.0243685918670449,0.024440662643297,0.0244497281316008,0.0243936528868242,0.024282210782816,0.0241356163197476,0.0239812265711129,0.0238487225948405,0.0237644394829894,0.0237459253176978,0.0237980381691771,0.0239116780731486,0.024065552904473,0.0242304865630969,0.024375136035527,0.0244718344767572,0.0245015278866796,0.0244571552306874,0.0243451239601075,0.0241846992377304,0.0240052303128819,0.0238413186110031,0.0237264105426841,0.0236858707645937,0.0237311264062511,0.0238565567053647,0.0240401558439964,0.024247826736473,0.0244400983301998,0.0245796254971836,0.0246380490077245,0.0246012942860372,0.0244727955467426,0.0242742899868242,0.0240437980124147,0.0238304052847263,0.0236858009801006,0.0236534630414444,0.0237577759494408,0.0239963812376652,0.0243385821260303,0.0247304903451313,0.0251051735628393,0.0253949639312164,0.0255436428211516,0.0255175059799717,0.0253153256923146,0.0249774422074282,0.0245933435586064,0.0243047428278323,0.0242975068479229,0.0247740686445067,0.0259059242197776,0.0277854595355025,0.0304069120255513,0.0336860446907326,0.0374989971555269,0.0417168677955819,0.0462273525343229,NA,NA,NA,NA,NA,NA,NA,NA,NA,NA,NA,NA,NA,NA,NA,NA,NA,NA,NA,NA,NA,NA,NA,NA,NA,NA,NA,NA,NA,NA,NA,NA,NA,NA,NA,NA,NA,NA,NA,NA,NA,NA,NA,NA,NA,NA,NA,NA,NA,NA,NA,NA,NA,NA,NA,NA,NA,NA,NA,NA,NA,NA,NA,NA,NA,NA,NA,NA,NA,NA,NA,NA,NA,NA,NA,NA,NA,NA,NA,NA,NA,NA,NA,NA,NA,NA,NA,NA,NA,NA,NA,NA,NA,NA,NA,NA,NA,NA,NA,NA,NA,NA,NA,NA,NA,NA,NA,NA,NA,NA,NA,NA,NA,NA,NA,NA,NA,NA,NA,NA,NA,NA
0.0461363359195539,0.0416392547840219,0.0374314510413658,0.0336240944637597,0.0303452751161655,0.0277189832955203,0.0258310888870346,0.024690439492221,0.024208152860664,0.0242152306944882,0.0245099879596567,0.0249057382243752,0.0252589343046645,0.0254777119365461,0.0255191339698218,0.0253818767560601,0.0250974412804245,0.0247205684810873,0.0243185945991467,0.0239596072511428,0.0237001955362163,0.0235748977833018,0.0235901987041795,0.0237251046660397,0.0239380124414324,0.0241772929901341,0.0243922591433232,0.0245420452954146,0.0246013369938389,0.0245629142546376,0.0244373813308663,0.0242504725195694,0.0240382613704826,0.0238406921719554,0.0236941985809115,0.0236246809377128,0.0236424553629881,0.0237405589387551,0.0238968788358898,0.0240793746792913,0.0242528384756002,0.0243855360031802,0.024454526516838,0.0244490492722743,0.0243717998556651,0.0242381375390615,0.0240733638472803,0.0239083321646248,0.0237738911301555,0.023695029520683,0.0236859226664389,0.0237471136037995,0.0238656081296383,0.0240178316052491,0.0241745836765376,0.0243067199308442,0.0243903728171593,0.0244108950654511,0.024365102689962,0.0242616668290572,0.0241196568904603,0.023965359712872,0.023827691200719,0.0237328250158086,0.0236990190498861,0.0237328250158079,0.0238276912007182,0.0239653597128723,0.0241196568904619,0.0242616668290609,0.0243651026899675,0.0244108950654575,0.0243903728171646,0.024306719930847,0.024174583676536,0.0240178316052437,0.0238656081296304,0.0237471136037921,0.0236859226664347,0.0236950295206824,0.0237738911301571,0.0239083321646251,0.0240733638472765,0.0242381375390507,0.0243717998556473,0.0244490492722509,0.0244545265168132,0.0243855360031584,0.0242528384755854,0.024079374679286,0.0238968788358931,0.0237405589387642,0.0236424553629992,0.0236246809377215,0.0236941985809146,0.0238406921719527,0.0240382613704754,0.024250472519562,0.0244373813308622,0.0245629142546405,0.0246013369938483,0.0245420452954333,0.024392259143348,0.0241772929901608,0.0239380124414582,0.0237251046660617,0.0235901987041945,0.0235748977833091,0.0237001955362185,0.023959607251142,0.0243185945991464,0.0247205684810899,0.0250974412804322,0.0253818767560726,0.0255191339698354,0.0254777119365609,0.0252589343046731,0.0249057382243783,0.0245099879596512,0.024215230694475,0.0242081528606487,0.0246904394922087,0.0258310888870273,0.0277189832955188,0.0303452751161679,0.0336240944637618,0.0374314510413648,0.0416392547840134,0.0461363359195377,NA,NA,NA,NA,NA,NA,NA,NA,NA,NA,NA,NA,NA,NA,NA,NA,NA,NA,NA,NA,NA,NA,NA,NA,NA,NA,NA,NA,NA,NA,NA,NA,NA,NA,NA,NA,NA,NA,NA,NA,NA,NA,NA,NA,NA,NA,NA,NA,NA,NA,NA,NA,NA,NA,NA,NA,NA,NA,NA,NA,NA,NA,NA,NA,NA,NA,NA,NA,NA,NA,NA,NA,NA,NA,NA,NA,NA,NA,NA,NA,NA,NA,NA,NA,NA,NA,NA,NA,NA,NA,NA,NA,NA,NA,NA,NA,NA,NA,NA,NA,NA,NA,NA,NA,NA,NA,NA,NA,NA,NA,NA,NA,NA,NA,NA,NA,NA,NA,NA,NA,NA
0.0462741228504393,0.0417576816583472,0.0375296667444452,0.0337013771379122,0.0304016224093462,0.0277560235899576,0.025852990589195,0.0247041230240432,0.0242222639315215,0.0242382599767277,0.024548581521464,0.0249638158986091,0.0253374981603992,0.0255749977344869,0.0256309048591228,0.0255018355431457,0.0252178301509685,0.0248330421266153,0.0244154025044286,0.0240349930220251,0.0237517309888059,0.0236043151098382,0.0236033260735001,0.0237308149305527,0.0239464916998782,0.0241981481365742,0.0244329109601289,0.0246066344794506,0.0246901864625586,0.0246725132779827,0.024560856910545,0.0243785322231799,0.0241605789524152,0.0239476307116993,0.0237786258828245,0.0236834850235434,0.023677324193574,0.0237577397284565,0.0239059461924324,0.0240913465862312,0.0242781188786608,0.024432104232267,0.0245266353446222,0.0245465476989927,0.024490113311973,0.02436890398013,0.0242056967085674,0.0240306169889161,0.0238758997959568,0.0237699782432657,0.0237319902300187,0.0237679817752494,0.0238698284463868,0.0240171696680943,0.0241817686474436,0.0243331137009561,0.0244439865040084,0.0244950234138048,0.0244777122770884,0.0243955932739025,0.0242636178733256,0.0241057289575526,0.0239508628731451,0.0238278221771261,0.0237598207931741,0.023759820793171,0.0238278221771184,0.023950862873137,0.0241057289575485,0.02426361787333,0.0243955932739165,0.0244777122771115,0.0244950234138341,0.0244439865040374,0.0243331137009792,0.0241817686474567,0.0240171696680969,0.0238698284463812,0.0237679817752413,0.0237319902300137,0.0237699782432665,0.0238758997959634,0.0240306169889244,0.0242056967085723,0.0243689039801279,0.0244901133119607,0.024546547698972,0.0245266353445963,0.0244321042322413,0.0242781188786406,0.0240913465862191,0.0239059461924295,0.02375773972846,0.0236773241935807,0.0236834850235486,0.0237786258828257,0.0239476307116951,0.0241605789524085,0.0243785322231723,0.0245608569105389,0.0246725132779814,0.0246901864625611,0.0246066344794597,0.0244329109601409,0.0241981481365874,0.0239464916998909,0.0237308149305633,0.023603326073508,0.0236043151098426,0.023751730988807,0.0240349930220252,0.0244154025044278,0.0248330421266166,0.0252178301509738,0.0255018355431533,0.0256309048591353,0.025574997734499,0.0253374981604117,0.0249638158986148,0.0245485815214644,0.0242382599767255,0.0242222639315148,0.0247041230240376,0.0258529905891924,0.0277560235899578,0.0304016224093483,0.0337013771379153,0.0375296667444446,0.0417576816583421,0.0462741228504259,NA,NA,NA,NA,NA,NA,NA,NA,NA,NA,NA,NA,NA,NA,NA,NA,NA,NA,NA,NA,NA,NA,NA,NA,NA,NA,NA,NA,NA,NA,NA,NA,NA,NA,NA,NA,NA,NA,NA,NA,NA,NA,NA,NA,NA,NA,NA,NA,NA,NA,NA,NA,NA,NA,NA,NA,NA,NA,NA,NA,NA,NA,NA,NA,NA,NA,NA,NA,NA,NA,NA,NA,NA,NA,NA,NA,NA,NA,NA,NA,NA,NA,NA,NA,NA,NA,NA,NA,NA,NA,NA,NA,NA,NA,NA,NA,NA,NA,NA,NA,NA,NA,NA,NA,NA,NA,NA,NA,NA,NA,NA,NA,NA,NA,NA,NA,NA,NA,NA,NA
0.0466323752857529,0.0420646569418147,0.0377868651393557,0.0339116477668898,0.030570037424197,0.027890803204209,0.0259658802315511,0.0248094035088816,0.0243342564271977,0.0243685080162638,0.0247041717185589,0.0251471629089247,0.0255469700088903,0.0258057540978528,0.0258756967675065,0.0257517793879792,0.0254632635959434,0.0250645648846168,0.0246251344150581,0.0242179426449781,0.0239069790760761,0.0237355794777158,0.023718547319194,0.0238407417406884,0.0240626584118439,0.0243308289513878,0.0245895126000635,0.0247907222028862,0.024901132328834,0.0249056804574842,0.02480824778012,0.0246298624512537,0.0244047419284834,0.0241744549381879,0.0239806995882201,0.0238576755387184,0.0238255598475559,0.0238867518992589,0.0240259791062841,0.0242141739829287,0.0244148737674345,0.0245913769051942,0.024713120429571,0.0247603517160966,0.0247267351406154,0.0246198646808623,0.0244597791219969,0.0242756324920264,0.0241007994536969,0.0239669769781531,0.0238982422127438,0.0239063414644461,0.0239884272178101,0.024127880329162,0.0242979505110591,0.0244671737022726,0.0246052332552242,0.0246881259604071,0.0247019153926304,0.0246447405935434,0.0245269839649073,0.0243696184037399,0.0242008511712006,0.0240513650926016,0.0239487735600895,0.0239122820113713,0.0239487735600833,0.0240513650925921,0.0242008511711929,0.0243696184037389,0.0245269839649165,0.0246447405935636,0.0247019153926591,0.0246881259604391,0.0246052332552533,0.0244671737022929,0.0242979505110681,0.0241278803291607,0.0239884272178031,0.0239063414644396,0.0238982422127414,0.0239669769781568,0.024100799453705,0.0242756324920351,0.0244597791220013,0.0246198646808585,0.0247267351406019,0.0247603517160754,0.0247131204295452,0.0245913769051689,0.0244148737674154,0.0242141739829168,0.0240259791062809,0.0238867518992621,0.0238255598475615,0.0238576755387219,0.0239806995882193,0.0241744549381825,0.0244047419284752,0.0246298624512446,0.0248082477801149,0.0249056804574833,0.024901132328839,0.0247907222028968,0.0245895126000757,0.0243308289514016,0.0240626584118558,0.0238407417406971,0.0237185473192008,0.0237355794777201,0.0239069790760782,0.0242179426449785,0.0246251344150582,0.0250645648846182,0.0254632635959467,0.0257517793879855,0.0258756967675154,0.0258057540978621,0.025546970008899,0.0251471629089292,0.0247041717185588,0.0243685080162594,0.0243342564271915,0.024809403508876,0.0259658802315478,0.0278908032042083,0.0305700374241997,0.0339116477668903,0.0377868651393559,0.0420646569418111,0.046632375285744,NA,NA,NA,NA,NA,NA,NA,NA,NA,NA,NA,NA,NA,NA,NA,NA,NA,NA,NA,NA,NA,NA,NA,NA,NA,NA,NA,NA,NA,NA,NA,NA,NA,NA,NA,NA,NA,NA,NA,NA,NA,NA,NA,NA,NA,NA,NA,NA,NA,NA,NA,NA,NA,NA,NA,NA,NA,NA,NA,NA,NA,NA,NA,NA,NA,NA,NA,NA,NA,NA,NA,NA,NA,NA,NA,NA,NA,NA,NA,NA,NA,NA,NA,NA,NA,NA,NA,NA,NA,NA,NA,NA,NA,NA,NA,NA,NA,NA,NA,NA,NA,NA,NA,NA,NA,NA,NA,NA,NA,NA,NA,NA,NA,NA,NA,NA,NA,NA,NA
0.0470901917366962,0.0424547607661469,0.0381119375095198,0.0341763862771398,0.0307822152062775,0.0280622433029754,0.0261125676038663,0.0249498029151372,0.02448591735914,0.0245446527961368,0.0249120211857988,0.0253881391382017,0.0258178173764021,0.0260997736981517,0.0261838201794643,0.0260635270364967,0.0257677267482565,0.0253515320779933,0.0248864014384738,0.0244486983020608,0.0241069629347744,0.0239095633878804,0.0238757686731989,0.0239932802577279,0.0242231979144195,0.02451045110209,0.0247960216801147,0.0250276908678775,0.0251676243208843,0.025196526719896,0.0251147763884941,0.0249410317532142,0.0247086435279682,0.0244601057249341,0.0242399221750047,0.0240867125368318,0.0240259793841614,0.0240652969852468,0.0241933136237164,0.0243828402143351,0.0245969909316679,0.0247965849016051,0.0249470899079394,0.0250239860741291,0.0250160693098231,0.0249266228359709,0.0247725457689407,0.0245815676438198,0.0243877506606471,0.0242257024975493,0.0241243089393076,0.0241012027719688,0.0241593206595311,0.0242865087036298,0.0244582739503476,0.0246428567726241,0.0248072828497494,0.024923095089618,0.0249708625427836,0.0249430064341503,0.0248447861698506,0.0246934333899484,0.0245154968951172,0.024342582032706,0.0242059220096245,0.0241306003364199,0.024130600336416,0.0242059220096151,0.0243425820326957,0.024515496895113,0.0246934333899551,0.0248447861698701,0.0249430064341822,0.024970862542822,0.0249230950896554,0.0248072828497793,0.0246428567726413,0.0244582739503519,0.0242865087036245,0.0241593206595224,0.0241012027719625,0.0241243089393074,0.0242257024975553,0.0243877506606564,0.0245815676438268,0.02477254576894,0.0249266228359593,0.0250160693098004,0.0250239860740991,0.0249470899079072,0.0247965849015772,0.0245969909316475,0.0243828402143252,0.0241933136237165,0.0240652969852526,0.0240259793841674,0.0240867125368347,0.024239922175002,0.0244601057249275,0.0247086435279606,0.0249410317532093,0.0251147763884947,0.0251965267199038,0.0251676243208995,0.0250276908678965,0.0247960216801308,0.0245104511021047,0.02422319791443,0.0239932802577337,0.0238757686732023,0.0239095633878825,0.0241069629347757,0.0244486983020624,0.0248864014384751,0.0253515320779955,0.02576772674826,0.0260635270365026,0.0261838201794717,0.0260997736981595,0.0258178173764077,0.0253881391382063,0.0249120211857994,0.0245446527961339,0.0244859173591352,0.0249498029151317,0.0261125676038629,0.0280622433029734,0.0307822152062765,0.0341763862771382,0.0381119375095171,0.0424547607661384,0.0470901917366847,NA,NA,NA,NA,NA,NA,NA,NA,NA,NA,NA,NA,NA,NA,NA,NA,NA,NA,NA,NA,NA,NA,NA,NA,NA,NA,NA,NA,NA,NA,NA,NA,NA,NA,NA,NA,NA,NA,NA,NA,NA,NA,NA,NA,NA,NA,NA,NA,NA,NA,NA,NA,NA,NA,NA,NA,NA,NA,NA,NA,NA,NA,NA,NA,NA,NA,NA,NA,NA,NA,NA,NA,NA,NA,NA,NA,NA,NA,NA,NA,NA,NA,NA,NA,NA,NA,NA,NA,NA,NA,NA,NA,NA,NA,NA,NA,NA,NA,NA,NA,NA,NA,NA,NA,NA,NA,NA,NA,NA,NA,NA,NA,NA,NA,NA,NA,NA,NA
0.0466886947555513,0.0421328203292533,0.0378609579781473,0.0339834750110579,0.0306296023718673,0.0279280432764248,0.0259737509215716,0.0247872362209708,0.0242891887459557,0.0243136898103319,0.024654964170712,0.0251175308796729,0.0255471281267703,0.0258409400914832,0.025945657013361,0.0258507416085987,0.0255804024372916,0.0251851050821785,0.0247322579672048,0.0242955269424439,0.0239428507322014,0.0237245103970742,0.0236639563729433,0.0237543509067118,0.0239621482717429,0.0242363060311002,0.024519833226489,0.0247604325758707,0.0249183572096013,0.0249710134193316,0.0249146137155274,0.0247633515020759,0.0245464458238016,0.0243032825873267,0.0240769504460081,0.0239068211057287,0.0238213694649366,0.0238328464325213,0.0239352711752628,0.0241063281009991,0.0243125175067321,0.0245160110121219,0.0246815155578135,0.0247819050349999,0.0248019998138508,0.0247403322984753,0.0246089509696438,0.0244313743207234,0.0242388499832736,0.0240652253286866,0.0239410471486968,0.0238879039318878,0.0239142754612367,0.0240139869297137,0.0241677004257411,0.0243469855369963,0.024519845662763,0.0246564140636999,0.0247338008839368,0.0247394950537846,0.024673071347531,0.0245461453652574,0.0243806052509677,0.0242052300267929,0.0240509783118622,0.0239455390242005,0.0239081035078543,0.0239455390241933,0.0240509783118514,0.0242052300267846,0.0243806052509674,0.0245461453652694,0.0246730713475554,0.0247394950538183,0.0247338008839741,0.0246564140637339,0.024519845662788,0.0243469855370093,0.0241677004257439,0.024013986929709,0.0239142754612304,0.0238879039318844,0.023941047148699,0.0240652253286936,0.0242388499832831,0.0244313743207311,0.0246089509696448,0.0247403322984666,0.0248019998138324,0.0247819050349744,0.0246815155577854,0.0245160110120955,0.0243125175067118,0.0241063281009871,0.0239352711752585,0.0238328464325232,0.02382136946494,0.0239068211057295,0.0240769504460039,0.0243032825873179,0.0245464458237893,0.0247633515020644,0.0249146137155204,0.02497101341933,0.0249183572096076,0.0247604325758826,0.0245198332265065,0.0242363060311185,0.0239621482717595,0.0237543509067255,0.023663956372953,0.0237245103970807,0.0239428507322036,0.0242955269424447,0.024732257967205,0.0251851050821812,0.0255804024372961,0.0258507416086066,0.0259456570133715,0.0258409400914946,0.0255471281267803,0.0251175308796787,0.0246549641707147,0.0243136898103283,0.0242891887459491,0.0247872362209633,0.0259737509215661,0.027928043276422,0.0306296023718676,0.0339834750110578,0.0378609579781444,0.0421328203292443,0.0466886947555338,NA,NA,NA,NA,NA,NA,NA,NA,NA,NA,NA,NA,NA,NA,NA,NA,NA,NA,NA,NA,NA,NA,NA,NA,NA,NA,NA,NA,NA,NA,NA,NA,NA,NA,NA,NA,NA,NA,NA,NA,NA,NA,NA,NA,NA,NA,NA,NA,NA,NA,NA,NA,NA,NA,NA,NA,NA,NA,NA,NA,NA,NA,NA,NA,NA,NA,NA,NA,NA,NA,NA,NA,NA,NA,NA,NA,NA,NA,NA,NA,NA,NA,NA,NA,NA,NA,NA,NA,NA,NA,NA,NA,NA,NA,NA,NA,NA,NA,NA,NA,NA,NA,NA,NA,NA,NA,NA,NA,NA,NA,NA,NA,NA,NA,NA,NA,NA
0.0464123149329421,0.0419621515752292,0.0377847734212095,0.0339841659974363,0.0306818899587993,0.0279994788395694,0.0260285753634873,0.0247939448205041,0.0242287559334033,0.0241834481314146,0.0244663172968774,0.0248902676815454,0.0253038150498977,0.0256028641274424,0.0257302314436083,0.0256698865148532,0.0254395683488119,0.0250828619428587,0.0246605738254414,0.0242409606467823,0.023888807818995,0.0236543935840799,0.023564561881779,0.0236185362899984,0.0237899638325196,0.0240343995424508,0.0242995660411105,0.0245354051811875,0.0247019357477294,0.024774208479052,0.024744476777577,0.0246219755303547,0.0244306527691087,0.0242050926657017,0.0239848923628005,0.023808007459225,0.0237040265757143,0.023688746544304,0.0237614333084195,0.0239055411656739,0.0240926212361141,0.0242882316850838,0.024458324455676,0.0245748403440286,0.0246197704151195,0.024587406288742,0.0244847658511042,0.0243302791394888,0.0241508624265499,0.0239776103834132,0.0238405657757742,0.0237633595855023,0.0237587984792105,0.0238264757513058,0.0239530499678676,0.0241150924802724,0.024283704828692,0.024429773241897,0.0245288192714896,0.0245647402073845,0.0245320803866988,0.0244367083466804,0.0242948927809863,0.0241308434581912,0.0239729005774092,0.0238487784345689,0.0237805811607177,0.0237805811607136,0.0238487784345584,0.0239729005773975,0.0241308434581835,0.024294892780989,0.0244367083466951,0.0245320803867246,0.0245647402074167,0.0245288192715226,0.0244297732419243,0.024283704828709,0.0241150924802788,0.0239530499678658,0.0238264757512994,0.0237587984792044,0.0237633595855001,0.0238405657757782,0.0239776103834222,0.0241508624265601,0.0243302791394962,0.0244847658511051,0.0245874062887343,0.024619770415103,0.0245748403440062,0.0244583244556512,0.0242882316850607,0.0240926212360969,0.0239055411656645,0.0237614333084174,0.0236887465443065,0.0237040265757172,0.0238080074592256,0.0239848923627956,0.0242050926656917,0.024430652769096,0.0246219755303421,0.0247444767775688,0.0247742084790491,0.0247019357477334,0.0245354051811988,0.0242995660411251,0.0240343995424682,0.0237899638325363,0.0236185362900117,0.0235645618817889,0.0236543935840855,0.0238888078189971,0.0242409606467835,0.0246605738254425,0.0250828619428604,0.0254395683488199,0.0256698865148626,0.0257302314436199,0.0256028641274539,0.0253038150499093,0.0248902676815532,0.0244663172968805,0.0241834481314131,0.0242287559333983,0.0247939448204984,0.0260285753634835,0.0279994788395682,0.0306818899587996,0.0339841659974367,0.0377847734212047,0.04196215157522,0.0464123149329244,NA,NA,NA,NA,NA,NA,NA,NA,NA,NA,NA,NA,NA,NA,NA,NA,NA,NA,NA,NA,NA,NA,NA,NA,NA,NA,NA,NA,NA,NA,NA,NA,NA,NA,NA,NA,NA,NA,NA,NA,NA,NA,NA,NA,NA,NA,NA,NA,NA,NA,NA,NA,NA,NA,NA,NA,NA,NA,NA,NA,NA,NA,NA,NA,NA,NA,NA,NA,NA,NA,NA,NA,NA,NA,NA,NA,NA,NA,NA,NA,NA,NA,NA,NA,NA,NA,NA,NA,NA,NA,NA,NA,NA,NA,NA,NA,NA,NA,NA,NA,NA,NA,NA,NA,NA,NA,NA,NA,NA,NA,NA,NA,NA,NA,NA,NA
0.0461974042228854,0.0418294808495829,0.0377253263923967,0.0339840016232404,0.0307212416537498,0.0280532301013002,0.0260692233603144,0.02479728212129,0.0241800876402155,0.0240806680067503,0.0243183244698955,0.0247126295517105,0.0251143345952144,0.0254183000853457,0.0255641856683528,0.0255315036567595,0.0253327863925787,0.0250061419852729,0.0246071907144025,0.0242000086965891,0.0238470175912828,0.0235986219715216,0.0234844643466802,0.0235086793597911,0.0236507394239646,0.0238715581872383,0.0241226848958166,0.0243558438723342,0.024530775176794,0.0246204812393255,0.0246138393452773,0.0245158965669073,0.0243461795958156,0.0241352632702474,0.0239198330989207,0.0237366559474398,0.0236162398498947,0.0235773598063706,0.0236237495743778,0.0237438553825492,0.0239136807590336,0.0241018481512467,0.0242755264709184,0.0244059589230231,0.0244727523336624,0.0244665441476682,0.0243899648869084,0.0242569492440777,0.0240905004626644,0.0239190836454581,0.0237719917721545,0.0236743042951493,0.0236423470279346,0.0236806718881933,0.0237813303308267,0.023925625140229,0.0240878418870979,0.0242400078342434,0.0243566585236698,0.024418823231191,0.0244167659865542,0.0243512809486849,0.0242334925954157,0.0240831917364666,0.0239258233208542,0.0237884000564779,0.023694867841088,0.0236617279249839,0.023694867841085,0.0237884000564732,0.023925823320851,0.0240831917364665,0.0242334925954208,0.0243512809486952,0.0244167659865678,0.0244188232312059,0.0243566585236832,0.0242400078342533,0.0240878418871027,0.0239256251402298,0.0237813303308248,0.0236806718881904,0.0236423470279328,0.0236743042951492,0.0237719917721567,0.0239190836454618,0.0240905004626677,0.0242569492440793,0.0243899648869077,0.0244665441476632,0.0244727523336542,0.0244059589230131,0.0242755264709079,0.0241018481512374,0.0239136807590269,0.0237438553825457,0.0236237495743769,0.0235773598063715,0.023616239849896,0.0237366559474397,0.0239198330989186,0.0241352632702428,0.0243461795958105,0.0245158965669027,0.0246138393452755,0.024620481239326,0.0245307751767965,0.0243558438723403,0.0241226848958244,0.0238715581872464,0.0236507394239711,0.023508679359794,0.0234844643466822,0.023598621971522,0.0238470175912826,0.0242000086965887,0.024607190714403,0.0250061419852748,0.0253327863925807,0.0255315036567627,0.0255641856683546,0.0254183000853491,0.0251143345952162,0.0247126295517106,0.024318324469895,0.0240806680067477,0.0241800876402139,0.0247972821212876,0.0260692233603131,0.0280532301012993,0.0307212416537506,0.0339840016232423,0.0377253263923966,0.0418294808495826,0.0461974042228828,NA,NA,NA,NA,NA,NA,NA,NA,NA,NA,NA,NA,NA,NA,NA,NA,NA,NA,NA,NA,NA,NA,NA,NA,NA,NA,NA,NA,NA,NA,NA,NA,NA,NA,NA,NA,NA,NA,NA,NA,NA,NA,NA,NA,NA,NA,NA,NA,NA,NA,NA,NA,NA,NA,NA,NA,NA,NA,NA,NA,NA,NA,NA,NA,NA,NA,NA,NA,NA,NA,NA,NA,NA,NA,NA,NA,NA,NA,NA,NA,NA,NA,NA,NA,NA,NA,NA,NA,NA,NA,NA,NA,NA,NA,NA,NA,NA,NA,NA,NA,NA,NA,NA,NA,NA,NA,NA,NA,NA,NA,NA,NA,NA,NA,NA
0.0459671457181168,0.0416450037403774,0.0375811304708564,0.0338720780341759,0.0306308613190049,0.0279715258840747,0.0259829693622974,0.0246957441552206,0.0240577508190672,0.0239382196925297,0.0241614523076514,0.0245496867054886,0.0249541014758247,0.0252683587775706,0.0254298787922405,0.0254153177403334,0.025234066085944,0.024921136476186,0.0245294976182197,0.0241214885559437,0.0237591758647525,0.0234942829639707,0.0233593522475347,0.0233624241444943,0.0234869711293118,0.0236970920577991,0.0239461096501559,0.0241859280802784,0.0243750180678358,0.0244839853339901,0.0244985751035066,0.0244203875766003,0.0242656363680405,0.0240621972875332,0.0238451551889773,0.0236511793966164,0.0235123720479278,0.0234506292917061,0.0234737717731263,0.0235744596863514,0.0237321713871853,0.0239176218336561,0.0240983986909231,0.0242445337430875,0.0243330732757702,0.0243511633610377,0.0242975047805794,0.0241822028612313,0.0240250985583687,0.0238527155848082,0.0236940795106843,0.023575895365204,0.0235178591350652,0.0235290711569754,0.0236064254913318,0.02373539631038,0.0238929875898969,0.0240520640926656,0.0241860702575028,0.0242732713404891,0.0242999484444496,0.0242622651982789,0.0241667106043754,0.024029118512859,0.0238723313604398,0.0237226864585506,0.0236057026494668,0.0235416130175408,0.0235416130175413,0.0236057026494679,0.0237226864585526,0.0238723313604419,0.0240291185128609,0.0241667106043765,0.0242622651982781,0.0242999484444466,0.0242732713404833,0.0241860702574959,0.0240520640926584,0.0238929875898909,0.0237353963103758,0.0236064254913295,0.0235290711569753,0.0235178591350657,0.0235758953652037,0.0236940795106826,0.0238527155848054,0.0240250985583646,0.0241822028612267,0.024297504780576,0.0243511633610366,0.0243330732757719,0.0242445337430918,0.0240983986909298,0.0239176218336634,0.023732171387192,0.0235744596863567,0.0234737717731293,0.0234506292917069,0.0235123720479276,0.0236511793966166,0.0238451551889786,0.0240621972875362,0.0242656363680473,0.0244203875766091,0.024498575103516,0.0244839853339979,0.0243750180678407,0.0241859280802786,0.0239461096501515,0.0236970920577902,0.0234869711293027,0.0233624241444843,0.0233593522475274,0.0234942829639662,0.0237591758647505,0.0241214885559445,0.0245294976182192,0.0249211364761834,0.0252340660859374,0.025415317740325,0.0254298787922306,0.0252683587775608,0.024954101475815,0.0245496867054827,0.024161452307649,0.0239382196925312,0.0240577508190703,0.0246957441552244,0.0259829693622992,0.0279715258840755,0.0306308613190053,0.0338720780341763,0.0375811304708585,0.0416450037403844,0.0459671457181292,NA,NA,NA,NA,NA,NA,NA,NA,NA,NA,NA,NA,NA,NA,NA,NA,NA,NA,NA,NA,NA,NA,NA,NA,NA,NA,NA,NA,NA,NA,NA,NA,NA,NA,NA,NA,NA,NA,NA,NA,NA,NA,NA,NA,NA,NA,NA,NA,NA,NA,NA,NA,NA,NA,NA,NA,NA,NA,NA,NA,NA,NA,NA,NA,NA,NA,NA,NA,NA,NA,NA,NA,NA,NA,NA,NA,NA,NA,NA,NA,NA,NA,NA,NA,NA,NA,NA,NA,NA,NA,NA,NA,NA,NA,NA,NA,NA,NA,NA,NA,NA,NA,NA,NA,NA,NA,NA,NA,NA,NA,NA,NA,NA,NA
0.0457219869146299,0.0414483328811043,0.0374273411225599,0.0337529866817809,0.0305354514703955,0.027886472665884,0.0258943722703694,0.0245920012662177,0.0239324328519764,0.0237912743820968,0.0239981630394917,0.0243783637868723,0.0247837779692626,0.0251070780287125,0.0252835794107612,0.0252871566486662,0.0251240739946436,0.0248261947834596,0.0244436949124036,0.0240369337699145,0.0236672867094354,0.0233874144506181,0.0232324228370521,0.0232140690235516,0.0233198461380002,0.0235172585100515,0.0237617540312121,0.0240058153167129,0.0242070213614114,0.0243338947207096,0.0243692712895331,0.0243114147005702,0.0241732009402005,0.0239796266487028,0.0237638331156173,0.023561911561572,0.0234070133884786,0.0233236650532449,0.0233234664803039,0.0234032549814084,0.0235462260266464,0.0237256416484414,0.0239100705118344,0.0240689009323158,0.0241771135754144,0.0242187293994008,0.0241887150564289,0.0240933357991102,0.0239490256730617,0.0237798823412206,0.0236139766893013,0.0234788496082677,0.0233968350921855,0.023381087681124,0.0234332228285395,0.0235431728536517,0.0236912820212991,0.0238520690942723,0.0239987457132805,0.0241075852590824,0.0241614777167782,0.0241522984315975,0.024081938586932,0.0239619666022289,0.0238119548181577,0.0236565828412175,0.0235217761547645,0.0234303700681424,0.023398040414529,0.0234303700681433,0.0235217761547671,0.0236565828412199,0.0238119548181601,0.0239619666022304,0.024081938586931,0.0241522984315944,0.0241614777167721,0.0241075852590743,0.0239987457132716,0.0238520690942644,0.0236912820212928,0.0235431728536481,0.0234332228285386,0.0233810876811246,0.0233968350921858,0.0234788496082665,0.0236139766892984,0.023779882341216,0.023949025673056,0.0240933357991056,0.0241887150564268,0.0242187293994017,0.0241771135754185,0.0240689009323229,0.0239100705118438,0.0237256416484509,0.0235462260266552,0.0234032549814152,0.0233234664803082,0.0233236650532466,0.0234070133884791,0.0235619115615731,0.0237638331156199,0.0239796266487089,0.024173200940209,0.0243114147005791,0.0243692712895428,0.0243338947207167,0.0242070213614135,0.0240058153167094,0.0237617540312035,0.0235172585100396,0.0233198461379867,0.0232140690235393,0.023232422837043,0.0233874144506122,0.0236672867094336,0.0240369337699139,0.0244436949124019,0.024826194783456,0.0251240739946371,0.025287156648658,0.0252835794107524,0.0251070780287053,0.0247837779692582,0.0243783637868688,0.0239981630394927,0.0237912743821013,0.0239324328519834,0.0245920012662225,0.0258943722703726,0.027886472665886,0.0305354514703962,0.0337529866817795,0.0374273411225624,0.0414483328811108,0.0457219869146418,NA,NA,NA,NA,NA,NA,NA,NA,NA,NA,NA,NA,NA,NA,NA,NA,NA,NA,NA,NA,NA,NA,NA,NA,NA,NA,NA,NA,NA,NA,NA,NA,NA,NA,NA,NA,NA,NA,NA,NA,NA,NA,NA,NA,NA,NA,NA,NA,NA,NA,NA,NA,NA,NA,NA,NA,NA,NA,NA,NA,NA,NA,NA,NA,NA,NA,NA,NA,NA,NA,NA,NA,NA,NA,NA,NA,NA,NA,NA,NA,NA,NA,NA,NA,NA,NA,NA,NA,NA,NA,NA,NA,NA,NA,NA,NA,NA,NA,NA,NA,NA,NA,NA,NA,NA,NA,NA,NA,NA,NA,NA,NA,NA
0.0454992106254618,0.0412784394681316,0.037304374739641,0.0336681225911425,0.0304766190553634,0.0278387926867825,0.025841931966191,0.024521013278947,0.0238346229889944,0.0236655799582058,0.0238498712977123,0.02421663503012,0.0246190226817491,0.0249489553360002,0.0251396801541415,0.0251621924747468,0.0250194303831543,0.0247398093864925,0.0243703072460989,0.0239687901746106,0.0235953491811411,0.0233029882335932,0.0231289081316955,0.0230883721585428,0.023173012586101,0.0233541551470269,0.0235899716797186,0.0238341679781384,0.0240440138022127,0.0241864045911848,0.024241565153519,0.0242045466276324,0.024084824224658,0.023904254272349,0.0236935770118611,0.0234876845925003,0.0233200756624613,0.0232172571829145,0.0231941641357822,0.0232516890089766,0.0233769749229322,0.0235463495307231,0.0237300459160361,0.0238975254951171,0.0240223459260275,0.0240858967783429,0.0240797043051825,0.0240062496043468,0.0238783502279822,0.0237171937299905,0.0235491670496014,0.023401761912349,0.0232990658692342,0.0232575999256448,0.0232833839517285,0.0233709467391323,0.0235045308849699,0.0236611554806967,0.0238147637671112,0.0239405620966411,0.0240188130980135,0.0240376193488805,0.023994477034053,0.0238965305678557,0.0237595360026762,0.0236056002123834,0.0234598660645066,0.0233464969371774,0.023284553951025,0.0232845539510244,0.0233464969371762,0.0234598660645055,0.0236056002123834,0.0237595360026773,0.0238965305678578,0.0239944770340561,0.0240376193488834,0.0240188130980162,0.0239405620966428,0.0238147637671113,0.0236611554806959,0.0235045308849685,0.0233709467391308,0.0232833839517274,0.0232575999256439,0.0232990658692342,0.0234017619123495,0.0235491670496022,0.0237171937299906,0.0238783502279814,0.0240062496043454,0.0240797043051804,0.0240858967783403,0.024022345926025,0.0238975254951153,0.0237300459160357,0.0235463495307234,0.0233769749229333,0.0232516890089782,0.0231941641357837,0.0232172571829159,0.0233200756624613,0.0234876845925007,0.0236935770118614,0.0239042542723493,0.0240848242246595,0.0242045466276352,0.0242415651535224,0.0241864045911882,0.0240440138022164,0.0238341679781408,0.0235899716797199,0.0233541551470259,0.0231730125860983,0.0230883721585403,0.0231289081316924,0.0233029882335908,0.0235953491811404,0.0239687901746107,0.0243703072460995,0.0247398093864928,0.0250194303831527,0.0251621924747449,0.0251396801541393,0.0249489553359982,0.0246190226817483,0.0242166350301193,0.0238498712977124,0.0236655799582049,0.0238346229889958,0.0245210132789488,0.025841931966193,0.027838792686784,0.030476619055364,0.033668122591142,0.0373043747396421,0.0412784394681342,0.0454992106254634,NA,NA,NA,NA,NA,NA,NA,NA,NA,NA,NA,NA,NA,NA,NA,NA,NA,NA,NA,NA,NA,NA,NA,NA,NA,NA,NA,NA,NA,NA,NA,NA,NA,NA,NA,NA,NA,NA,NA,NA,NA,NA,NA,NA,NA,NA,NA,NA,NA,NA,NA,NA,NA,NA,NA,NA,NA,NA,NA,NA,NA,NA,NA,NA,NA,NA,NA,NA,NA,NA,NA,NA,NA,NA,NA,NA,NA,NA,NA,NA,NA,NA,NA,NA,NA,NA,NA,NA,NA,NA,NA,NA,NA,NA,NA,NA,NA,NA,NA,NA,NA,NA,NA,NA,NA,NA,NA,NA,NA,NA,NA,NA
0.0452273606616733,0.0410578557576093,0.0371294772988357,0.0335307775119602,0.0303658430463779,0.0277411766546087,0.0257432094903005,0.0244087913728161,0.0237012975380457,0.023509823177109,0.0236759354612624,0.0240322407305537,0.0244330772673444,0.024769778118024,0.0249738107638397,0.0250136420395227,0.0248892595572389,0.0246260030414276,0.0242679871826478,0.0238708394059144,0.0234934913501253,0.0231892509415896,0.0229972151136714,0.0229358515724207,0.0230006169614423,0.0231664129955625,0.0233940037668549,0.0236383046837352,0.023856361750519,0.0240136008451424,0.0240878368853716,0.024071122960038,0.0239697263252925,0.0238024941855065,0.0235977945818855,0.0233892174904499,0.023210372894852,0.0230894219337869,0.0230443005463252,0.0230797097423576,0.0231866494535874,0.0233445945817567,0.0235256661755146,0.0236997104366479,0.0238392074121382,0.0239232487411566,0.0239402028786871,0.0238889603819328,0.0237787865929308,0.0236278557421457,0.0234605779266706,0.0233039276974528,0.0231831719491676,0.023117639007782,0.023117350290777,0.0231812929957766,0.0232977686734371,0.0234467104889669,0.0236033653656547,0.023742498512711,0.023842335540691,0.0238876914695551,0.0238719903008647,0.0237980600472429,0.0236776850541271,0.0235299519237785,0.023378496717201,0.0232478975608562,0.0231596660719667,0.0231285124853513,0.023159666071966,0.0232478975608552,0.0233784967172004,0.0235299519237788,0.0236776850541286,0.0237980600472457,0.0238719903008682,0.0238876914695584,0.023842335540693,0.0237424985127121,0.0236033653656542,0.0234467104889654,0.0232977686734353,0.0231812929957749,0.0231173502907762,0.0231176390077819,0.0231831719491682,0.0233039276974536,0.023460577926671,0.0236278557421458,0.0237787865929302,0.0238889603819312,0.0239402028786843,0.0239232487411539,0.0238392074121354,0.0236997104366462,0.0235256661755138,0.0233445945817575,0.0231866494535886,0.0230797097423597,0.0230443005463265,0.0230894219337876,0.0232103728948524,0.0233892174904492,0.0235977945818858,0.0238024941855077,0.0239697263252954,0.0240711229600423,0.0240878368853758,0.0240136008451475,0.023856361750523,0.0236383046837375,0.0233940037668563,0.0231664129955617,0.0230006169614406,0.022935851572418,0.0229972151136689,0.0231892509415872,0.0234934913501243,0.0238708394059133,0.0242679871826471,0.0246260030414264,0.0248892595572373,0.0250136420395201,0.0249738107638353,0.024769778118019,0.0244330772673406,0.0240322407305518,0.0236759354612588,0.023509823177107,0.0237012975380447,0.0244087913728165,0.0257432094903008,0.0277411766546079,0.0303658430463772,0.0335307775119592,0.0371294772988361,0.0410578557576097,0.0452273606616786,NA,NA,NA,NA,NA,NA,NA,NA,NA,NA,NA,NA,NA,NA,NA,NA,NA,NA,NA,NA,NA,NA,NA,NA,NA,NA,NA,NA,NA,NA,NA,NA,NA,NA,NA,NA,NA,NA,NA,NA,NA,NA,NA,NA,NA,NA,NA,NA,NA,NA,NA,NA,NA,NA,NA,NA,NA,NA,NA,NA,NA,NA,NA,NA,NA,NA,NA,NA,NA,NA,NA,NA,NA,NA,NA,NA,NA,NA,NA,NA,NA,NA,NA,NA,NA,NA,NA,NA,NA,NA,NA,NA,NA,NA,NA,NA,NA,NA,NA,NA,NA,NA,NA,NA,NA,NA,NA,NA,NA,NA,NA
0.0449692515188319,0.040846743663568,0.0369602053680256,0.0333958761379794,0.030255280002161,0.0276427575690712,0.0256440003218147,0.0242975740479565,0.0235711951594933,0.0233596581549976,0.0235096212056984,0.023856871499374,0.0242568408516088,0.0246003205943653,0.0248171341673261,0.0248734099693028,0.02476640369291,0.0245186009313313,0.0241714475111855,0.0237784623117139,0.0233974484088185,0.0230819306810569,0.0228727142641802,0.0227912386552812,0.0228365814985062,0.0229871027391203,0.0232061443643228,0.0234499057695061,0.023675344744019,0.0238465878892564,0.0239392228227203,0.0239424774022955,0.023859548045368,0.023706343244755,0.0235088305143633,0.0232991482808966,0.0231107508710427,0.0229731117548381,0.0229068314769183,0.0229201817061142,0.023007947261447,0.0231528595832829,0.0233291834884223,0.0235074919124454,0.0236595547902514,0.0237625102827854,0.0238018527991195,0.0237730720046838,0.0236819425753818,0.0235435260184731,0.0233799741744777,0.0232172898671901,0.0230813486549453,0.0229937084153822,0.0229679448984699,0.02300730567313,0.0231042552832547,0.023242018140512,0.0233977063737369,0.0235462812857636,0.0236645473330641,0.023734551808614,0.0237460131940346,0.0236976077191215,0.0235970661913726,0.0234600943129367,0.0233081818146653,0.0231654620524369,0.0230549527369501,0.0229947257249678,0.0229947257249679,0.0230549527369513,0.0231654620524389,0.0233081818146677,0.0234600943129385,0.023597066191373,0.0236976077191202,0.0237460131940319,0.0237345518086094,0.0236645473330592,0.0235462812857585,0.0233977063737324,0.023242018140509,0.0231042552832529,0.0230073056731297,0.0229679448984703,0.0229937084153818,0.0230813486549446,0.0232172898671881,0.0233799741744746,0.0235435260184695,0.0236819425753783,0.0237730720046818,0.0238018527991187,0.0237625102827862,0.023659554790254,0.0235074919124504,0.0233291834884281,0.0231528595832886,0.0230079472614515,0.0229201817061174,0.0229068314769204,0.022973111754839,0.0231107508710439,0.0232991482808991,0.0235088305143679,0.0237063432447627,0.0238595480453772,0.0239424774023053,0.0239392228227292,0.0238465878892621,0.0236753447440201,0.0234499057695038,0.0232061443643168,0.0229871027391116,0.0228365814984977,0.0227912386552744,0.0228727142641756,0.0230819306810548,0.0233974484088176,0.0237784623117131,0.0241714475111832,0.0245186009313279,0.0247664036929057,0.0248734099692954,0.0248171341673183,0.0246003205943579,0.0242568408516035,0.0238568714993709,0.0235096212056976,0.0233596581549977,0.0235711951594947,0.0242975740479571,0.025644000321815,0.0276427575690704,0.03025528000216,0.0333958761379796,0.0369602053680276,0.0408467436635726,0.0449692515188423,NA,NA,NA,NA,NA,NA,NA,NA,NA,NA,NA,NA,NA,NA,NA,NA,NA,NA,NA,NA,NA,NA,NA,NA,NA,NA,NA,NA,NA,NA,NA,NA,NA,NA,NA,NA,NA,NA,NA,NA,NA,NA,NA,NA,NA,NA,NA,NA,NA,NA,NA,NA,NA,NA,NA,NA,NA,NA,NA,NA,NA,NA,NA,NA,NA,NA,NA,NA,NA,NA,NA,NA,NA,NA,NA,NA,NA,NA,NA,NA,NA,NA,NA,NA,NA,NA,NA,NA,NA,NA,NA,NA,NA,NA,NA,NA,NA,NA,NA,NA,NA,NA,NA,NA,NA,NA,NA,NA,NA,NA
0.044731508581054,0.0406512708739489,0.0368022770966131,0.0332686901006368,0.0301497524438959,0.0275479061802366,0.0255482365514442,0.0241909059413036,0.023447573326795,0.0232181886541836,0.0233540119447244,0.0236936963558378,0.0240936354712418,0.0244440871810168,0.0246733334307722,0.0247453268060245,0.0246547877939013,0.0244215540383914,0.0240845896716536,0.0236954396292971,0.0233108272973664,0.0229844383443999,0.0227586356834349,0.02265763206892,0.0226839441682039,0.0228192770654162,0.0230295259182199,0.023272227731094,0.0235043613586984,0.0236888967693557,0.0237993514223007,0.0238222809802864,0.0237579376329587,0.0236193638233968,0.0234301154611623,0.0232207613541441,0.023024372466392,0.0228714288948918,0.0227848801140713,0.0227763286086059,0.0228442494476824,0.0229747053986005,0.0231443244518096,0.0233247162633998,0.0234872831948749,0.023607537611511,0.0236683770488688,0.0236620870042827,0.0235910377762688,0.0234671234648119,0.0233100182390163,0.023144367188125,0.0229961399861881,0.0228885684042003,0.0228383097826461,0.022852604361133,0.0229280900165848,0.0230515677221915,0.0232025055156138,0.0233566557535782,0.0234900030895791,0.0235823575229157,0.0236201341876623,0.0235980852372656,0.0235198993326851,0.0233976610028783,0.02325020688747,0.0231004815670709,0.0229721232227104,0.0228857022967979,0.0228552369621764,0.0228857022967999,0.0229721232227139,0.0231004815670759,0.0232502068874759,0.0233976610028831,0.0235198993326869,0.0235980852372631,0.0236201341876543,0.0235823575229025,0.0234900030895623,0.0233566557535603,0.0232025055155979,0.0230515677221799,0.0229280900165782,0.0228526043611313,0.022838309782646,0.0228885684041996,0.0229961399861842,0.0231443671881167,0.0233100182390037,0.0234671234647981,0.0235910377762562,0.023662087004275,0.0236683770488675,0.0236075376115178,0.0234872831948884,0.0233247162634176,0.0231443244518293,0.0229747053986188,0.0228442494476957,0.0227763286086135,0.0227848801140739,0.0228714288948925,0.0230243724663943,0.0232207613541513,0.0234301154611761,0.0236193638234172,0.0237579376329832,0.0238222809803118,0.0237993514223213,0.0236888967693671,0.0235043613586989,0.0232722277310825,0.023029525918199,0.022819277065392,0.0226839441681796,0.0226576320689,0.0227586356834224,0.0229844383443949,0.0233108272973655,0.0236954396292968,0.0240845896716486,0.0244215540383809,0.0246547877938853,0.0247453268060045,0.0246733334307503,0.0244440871809974,0.0240936354712281,0.02369369635583,0.023354011944725,0.0232181886541919,0.0234475733268048,0.024190905941313,0.025548236551449,0.0275479061802379,0.030149752443895,0.033268690100636,0.0368022770966173,0.0406512708739619,0.0447315085810758,NA,NA,NA,NA,NA,NA,NA,NA,NA,NA,NA,NA,NA,NA,NA,NA,NA,NA,NA,NA,NA,NA,NA,NA,NA,NA,NA,NA,NA,NA,NA,NA,NA,NA,NA,NA,NA,NA,NA,NA,NA,NA,NA,NA,NA,NA,NA,NA,NA,NA,NA,NA,NA,NA,NA,NA,NA,NA,NA,NA,NA,NA,NA,NA,NA,NA,NA,NA,NA,NA,NA,NA,NA,NA,NA,NA,NA,NA,NA,NA,NA,NA,NA,NA,NA,NA,NA,NA,NA,NA,NA,NA,NA,NA,NA,NA,NA,NA,NA,NA,NA,NA,NA,NA,NA,NA,NA,NA,NA
0.0444684926606676,0.0404464939135548,0.0366498270763987,0.0331598147467888,0.0300724028958221,0.0274869794479002,0.0254870328199963,0.0241139998319655,0.0233442668552753,0.0230847718594189,0.0231936242901336,0.0235142809573289,0.0239053663945749,0.0242572218867338,0.0244967191690701,0.024585435726798,0.024515122270497,0.0243023442966244,0.0239827916924784,0.0236050986550747,0.0232238825659427,0.0228919826999626,0.022652496831829,0.0225319557868632,0.0225363534792713,0.0226512702319883,0.0228460409269141,0.0230805772192313,0.0233128725448123,0.0235055568998823,0.0236306485439997,0.0236723311460623,0.0236279383669127,0.0235074026019601,0.023331367396462,0.0231281060501232,0.0229294225711562,0.0227658792361695,0.0226619701634912,0.0226321140099843,0.0226783710616027,0.0227904618916011,0.0229480527857949,0.0231246643201014,0.0232922429286935,0.0234254902014206,0.0235053316954157,0.023521224572206,0.0234722256466966,0.0233668480029588,0.0232217698081025,0.0230594876871405,0.0229050852897064,0.0227824429316295,0.0227104207383023,0.022699712324282,0.0227510585614833,0.0228552533842379,0.0229949281173835,0.0231476578026083,0.0232896824670146,0.0233995395936774,0.0234610819523618,0.0234655766020195,0.0234127535218274,0.0233107708798071,0.0231751135470679,0.0230264888131768,0.0228878733695195,0.0227810203090328,0.0227229289095511,0.0227229289095518,0.0227810203090349,0.0228878733695235,0.0230264888131827,0.0231751135470744,0.0233107708798128,0.0234127535218308,0.0234655766020185,0.0234610819523559,0.0233995395936667,0.0232896824670003,0.0231476578025924,0.0229949281173692,0.022855253384228,0.0227510585614782,0.0226997123242811,0.0227104207383026,0.0227824429316284,0.0229050852897008,0.0230594876871301,0.0232217698080884,0.0233668480029429,0.0234722256466823,0.0235212245721967,0.0235053316954129,0.0234254902014263,0.023292242928706,0.0231246643201192,0.0229480527858134,0.0227904618916174,0.022678371061614,0.0226321140099902,0.0226619701634926,0.022765879236169,0.0229294225711584,0.0231281060501296,0.0233313673964755,0.0235074026019804,0.0236279383669374,0.0236723311460872,0.0236306485440186,0.0235055568998943,0.0233128725448134,0.0230805772192214,0.0228460409268943,0.0226512702319635,0.0225363534792482,0.0225319557868458,0.0226524968318189,0.0228919826999588,0.023223882565944,0.0236050986550746,0.023982791692474,0.024302344296614,0.0245151222704804,0.0245854357267749,0.024496719169046,0.0242572218867124,0.0239053663945628,0.0235142809573239,0.0231936242901342,0.0230847718594266,0.0233442668552843,0.0241139998319733,0.0254870328199997,0.0274869794479011,0.0300724028958203,0.0331598147467885,0.0366498270764033,0.0404464939135665,0.0444684926606867,NA,NA,NA,NA,NA,NA,NA,NA,NA,NA,NA,NA,NA,NA,NA,NA,NA,NA,NA,NA,NA,NA,NA,NA,NA,NA,NA,NA,NA,NA,NA,NA,NA,NA,NA,NA,NA,NA,NA,NA,NA,NA,NA,NA,NA,NA,NA,NA,NA,NA,NA,NA,NA,NA,NA,NA,NA,NA,NA,NA,NA,NA,NA,NA,NA,NA,NA,NA,NA,NA,NA,NA,NA,NA,NA,NA,NA,NA,NA,NA,NA,NA,NA,NA,NA,NA,NA,NA,NA,NA,NA,NA,NA,NA,NA,NA,NA,NA,NA,NA,NA,NA,NA,NA,NA,NA,NA,NA
0.0453467629735007,0.0412112743070152,0.0373066494009134,0.0337172160155037,0.0305430136433742,0.0278883747714973,0.0258416825543615,0.0244474897354042,0.0236816416872432,0.0234463218519581,0.0235921318374136,0.0239546142469476,0.0243857420953595,0.0247710183947193,0.0250341669874212,0.025135009416519,0.0250646998710695,0.024840253387676,0.0244988330230731,0.0240915754558449,0.0236765743531423,0.0233108947845748,0.0230421319618249,0.0229008704268418,0.0228959360867468,0.0230139585606085,0.0232234094778057,0.0234817321297355,0.0237434128486706,0.0239671438000454,0.0241210873926157,0.0241860359490357,0.024156675136619,0.0240412483080924,0.0238598449479227,0.0236414473228746,0.023419866450364,0.0232288400991171,0.0230968477136976,0.0230425118252192,0.0230715915095361,0.0231763337113655,0.0233373391243487,0.0235273947344518,0.023716278499649,0.023875513329302,0.0239823276349471,0.0240224394960048,0.0239915527667929,0.0238955896235682,0.0237497233071111,0.0235762858571327,0.0234016745858524,0.023252512038885,0.0231515255641675,0.023113831347775,0.0231443967217202,0.0232372878887365,0.0233768874823174,0.0235407551332727,0.0237034371395426,0.0238404401442926,0.0239317290500425,0.0239643515225728,0.0239340042570447,0.0238454858867606,0.0237120397131303,0.0235536219948018,0.0233941912769337,0.023258240798969,0.023166991728783,0.0231348705665887,0.0231669917287843,0.0232582407989723,0.0233941912769387,0.0235536219948083,0.0237120397131367,0.0238454858867651,0.023934004257046,0.0239643515225691,0.0239317290500337,0.023840440144279,0.0237034371395258,0.0235407551332558,0.0233768874823034,0.0232372878887274,0.0231443967217161,0.0231138313477748,0.0231515255641673,0.0232525120388825,0.0234016745858452,0.0235762858571204,0.023749723307095,0.0238955896235513,0.0239915527667785,0.0240224394959963,0.0239823276349464,0.0238755133293104,0.023716278499664,0.0235273947344703,0.0233373391243679,0.0231763337113819,0.0230715915095461,0.0230425118252236,0.0230968477136988,0.0232288400991165,0.0234198664503657,0.0236414473228816,0.0238598449479366,0.0240412483081129,0.0241566751366445,0.0241860359490619,0.0241210873926367,0.0239671438000584,0.0237434128486739,0.0234817321297258,0.0232234094777887,0.0230139585605853,0.0228959360867245,0.0229008704268242,0.0230421319618147,0.0233108947845723,0.0236765743531447,0.024091575455848,0.0244988330230716,0.0248402533876668,0.0250646998710549,0.0251350094164981,0.0250341669873977,0.0247710183947006,0.0243857420953487,0.0239546142469468,0.023592131837419,0.0234463218519706,0.0236816416872551,0.0244474897354128,0.0258416825543657,0.0278883747714966,0.030543013643371,0.0337172160155008,0.0373066494009174,0.0412112743070246,0.0453467629735168,NA,NA,NA,NA,NA,NA,NA,NA,NA,NA,NA,NA,NA,NA,NA,NA,NA,NA,NA,NA,NA,NA,NA,NA,NA,NA,NA,NA,NA,NA,NA,NA,NA,NA,NA,NA,NA,NA,NA,NA,NA,NA,NA,NA,NA,NA,NA,NA,NA,NA,NA,NA,NA,NA,NA,NA,NA,NA,NA,NA,NA,NA,NA,NA,NA,NA,NA,NA,NA,NA,NA,NA,NA,NA,NA,NA,NA,NA,NA,NA,NA,NA,NA,NA,NA,NA,NA,NA,NA,NA,NA,NA,NA,NA,NA,NA,NA,NA,NA,NA,NA,NA,NA,NA,NA,NA,NA
0.0465162454615239,0.0421876337998212,0.0381010025158785,0.0343471421242714,0.0310347660315922,0.0282783342001812,0.0261754806453825,0.0247750800418682,0.0240486012581328,0.023885146850313,0.0241180492407137,0.024566868530735,0.0250718582998575,0.0255113529533191,0.0258055606796888,0.0259134878820565,0.0258275454735166,0.0255677566809655,0.0251759001192138,0.0247092096440845,0.0242330749666269,0.0238124426839025,0.0235023435065871,0.0233390353334853,0.0233340650743648,0.0234732745964663,0.0237211710851845,0.0240290869762725,0.0243445156927822,0.0246193666664435,0.0248159804715047,0.0249107274451793,0.0248955065667586,0.0247775381584601,0.0245777196362298,0.0243276660667044,0.0240655022831935,0.0238305864801321,0.0236576513341596,0.0235712626180332,0.0235817815258492,0.0236838866159869,0.0238580701327567,0.0240746423748216,0.0242991271692746,0.0244977995827035,0.0246424224729107,0.0247136902251791,0.0247032442656705,0.0246143040747351,0.0244609976784293,0.0242664593278587,0.0240597715698827,0.0238719289090173,0.0237312172910107,0.0236586898133904,0.0236646304663288,0.0237468481375894,0.0238912462719269,0.0240745012662625,0.0242681463049538,0.0244431327618614,0.0245740492742956,0.0246424633394857,0.0246391318700135,0.0245650082984629,0.0244310494307944,0.0242568429399382,0.0240681003353192,0.0238931497109315,0.0237587503085013,0.0236858104066394,0.02368581040664,0.0237587503085029,0.0238931497109356,0.0240681003353255,0.0242568429399474,0.024431049430804,0.0245650082984713,0.0246391318700174,0.0246424633394837,0.024574049274287,0.0244431327618455,0.0242681463049334,0.024074501266242,0.0238912462719099,0.0237468481375788,0.0236646304663245,0.0236586898133901,0.0237312172910104,0.0238719289090128,0.0240597715698715,0.0242664593278397,0.0244609976784042,0.0246143040747087,0.0247032442656472,0.024713690225164,0.0246424224729082,0.0244977995827125,0.0242991271692935,0.0240746423748469,0.0238580701327823,0.0236838866160079,0.0235817815258626,0.0235712626180394,0.0236576513341611,0.0238305864801321,0.0240655022831966,0.0243276660667145,0.0245777196362504,0.0247775381584912,0.0248955065667963,0.0249107274452184,0.0248159804715379,0.0246193666664645,0.0243445156927892,0.0240290869762619,0.0237211710851613,0.0234732745964349,0.0233340650743345,0.0233390353334605,0.0235023435065732,0.0238124426838998,0.0242330749666294,0.0247092096440852,0.0251759001192085,0.0255677566809495,0.0258275454734889,0.0259134878820215,0.0258055606796551,0.0255113529532908,0.0250718582998391,0.0245668685307302,0.0241180492407178,0.0238851468503253,0.0240486012581466,0.0247750800418792,0.0261754806453868,0.0282783342001802,0.0310347660315892,0.0343471421242701,0.0381010025158865,0.0421876337998366,0.0465162454615484,NA,NA,NA,NA,NA,NA,NA,NA,NA,NA,NA,NA,NA,NA,NA,NA,NA,NA,NA,NA,NA,NA,NA,NA,NA,NA,NA,NA,NA,NA,NA,NA,NA,NA,NA,NA,NA,NA,NA,NA,NA,NA,NA,NA,NA,NA,NA,NA,NA,NA,NA,NA,NA,NA,NA,NA,NA,NA,NA,NA,NA,NA,NA,NA,NA,NA,NA,NA,NA,NA,NA,NA,NA,NA,NA,NA,NA,NA,NA,NA,NA,NA,NA,NA,NA,NA,NA,NA,NA,NA,NA,NA,NA,NA,NA,NA,NA,NA,NA,NA,NA,NA,NA,NA,NA,NA
0.0463309364827117,0.0420252941193988,0.0379583539600615,0.034219700833351,0.0309168806480648,0.0281636651920059,0.0260580530898963,0.0246507428776854,0.0239162307446647,0.0237468278564913,0.0239781542290525,0.0244306907567365,0.0249444365066085,0.0253966794196138,0.0257060881419533,0.0258298227353212,0.0257582779263948,0.0255094399820363,0.0251232319436967,0.0246554884391012,0.0241709910425336,0.0237351942613962,0.023404929098329,0.023219409103357,0.0231937691056899,0.0233172922034972,0.0235570398870367,0.0238655739697296,0.0241902263394705,0.0244815534737302,0.024699663153737,0.0248181346598807,0.0248258171260519,0.024726911988537,0.0245396346349116,0.0242935921707759,0.0240259282082029,0.0237763511763425,0.0235814208011069,0.023468869763587,0.0234530887054256,0.0235329093852011,0.0236923105577341,0.0239038160865336,0.0241336053432841,0.0243470809560291,0.0245138524781867,0.0246115350249975,0.0246281564715691,0.0245631911423128,0.024427305617857,0.0242408883693276,0.0240314220180701,0.0238298150731457,0.0236659818007795,0.0235642291850999,0.0235392715244895,0.0235937644440321,0.023717987965305,0.0238917551113704,0.0240880267507385,0.0242773573564659,0.0244322893748959,0.0245310530147489,0.0245602263251689,0.0245162332658392,0.0244056678964993,0.0242444621958176,0.0240559225918261,0.0238677081060501,0.0237079586940093,0.0236010126641821,0.0235634094205519,0.0236010126641881,0.0237079586940199,0.0238677081060637,0.0240559225918401,0.0242444621958285,0.0244056678965031,0.0245162332658333,0.0245602263251513,0.0245310530147195,0.0244322893748576,0.0242773573564218,0.0240880267506958,0.0238917551113356,0.0237179879652819,0.0235937644440213,0.0235392715244873,0.0235642291850998,0.0236659818007736,0.0238298150731285,0.0240314220180396,0.0242408883692864,0.0244273056178115,0.0245631911422728,0.0246281564715435,0.024611535024993,0.0245138524782062,0.0243470809560688,0.0241336053433367,0.0239038160865891,0.0236923105577829,0.0235329093852373,0.0234530887054461,0.0234688697635942,0.023581420801109,0.0237763511763459,0.0240259282082162,0.0242935921708051,0.024539634634957,0.0247269119885952,0.024825817126116,0.0248181346599399,0.024699663153779,0.0244815534737471,0.0241902263394597,0.0238655739696916,0.0235570398869807,0.0233172922034345,0.0231937691056329,0.023219409103317,0.0234049290983086,0.0237351942613919,0.0241709910425351,0.0246554884390989,0.0251232319436809,0.0255094399820027,0.0257582779263464,0.0258298227352685,0.0257060881419023,0.0253966794195744,0.0249444365065866,0.0244306907567367,0.0239781542290706,0.0237468278565177,0.0239162307446921,0.0246507428777056,0.0260580530899056,0.0281636651920049,0.0309168806480615,0.0342197008333507,0.0379583539600724,0.0420252941194234,0.0463309364827541,NA,NA,NA,NA,NA,NA,NA,NA,NA,NA,NA,NA,NA,NA,NA,NA,NA,NA,NA,NA,NA,NA,NA,NA,NA,NA,NA,NA,NA,NA,NA,NA,NA,NA,NA,NA,NA,NA,NA,NA,NA,NA,NA,NA,NA,NA,NA,NA,NA,NA,NA,NA,NA,NA,NA,NA,NA,NA,NA,NA,NA,NA,NA,NA,NA,NA,NA,NA,NA,NA,NA,NA,NA,NA,NA,NA,NA,NA,NA,NA,NA,NA,NA,NA,NA,NA,NA,NA,NA,NA,NA,NA,NA,NA,NA,NA,NA,NA,NA,NA,NA,NA,NA,NA,NA
0.0460069390839987,0.0417699503532676,0.0377651643144267,0.0340789151578316,0.0308148493142178,0.0280829236693618,0.0259788208755124,0.0245542360668273,0.0237889170884478,0.0235833992658757,0.0237815605366051,0.0242097814683161,0.0247109526322508,0.0251627761202026,0.0254826358810927,0.0256253005978502,0.0255780439944573,0.0253552662226885,0.0249930969903518,0.0245437029585714,0.0240687776345761,0.0236318285498647,0.0232894279085874,0.0230825198567602,0.0230297744390085,0.0231250880901294,0.0233401818219239,0.0236313798223516,0.0239483104401257,0.0242422093185656,0.0244723854739152,0.0246104187384633,0.0246422773090452,0.0245687312360061,0.0244043680901156,0.0241753712281946,0.0239161204868533,0.0236646993434299,0.0234575893634667,0.0233241826353035,0.0232821017300457,0.0233344270383191,0.023469584660481,0.023663909654522,0.0238861353227026,0.0241026610690404,0.0242825319156345,0.0244014355103355,0.0244444196268284,0.0244072946568527,0.024296790417852,0.0241295417204803,0.0239299586518058,0.0237270642770776,0.0235505040330446,0.0234261556304627,0.0233720292457537,0.0233952970014087,0.0234911690839734,0.0236439058063004,0.0238296852424658,0.0240206050301108,0.024188961457439,0.0243110954531983,0.0243703670874624,0.0243590651992805,0.0242792058636383,0.0241422288473807,0.0239676114247988,0.0237804412946025,0.0236080763145433,0.0234761949765213,0.0234047805138057,0.0234047805137986,0.0234761949765026,0.0236080763145202,0.0237804412945825,0.0239676114247911,0.0241422288473921,0.0242792058636702,0.024359065199332,0.0243703670875281,0.0243110954532697,0.0241889614575071,0.0240206050301689,0.0238296852425076,0.0236439058063252,0.0234911690839839,0.0233952970014097,0.0233720292457517,0.0234261556304649,0.0235505040330559,0.0237270642771008,0.0239299586518423,0.0241295417205279,0.0242967904179084,0.0244072946569119,0.0244444196268851,0.0244014355103846,0.0242825319156699,0.0241026610690571,0.0238861353226989,0.0236639096545002,0.023469584660447,0.0233344270382814,0.0232821017300143,0.0233241826352852,0.0234575893634658,0.0236646993434479,0.0239161204868838,0.0241753712282313,0.0244043680901487,0.0245687312360241,0.0246422773090417,0.0246104187384294,0.0244723854738503,0.0242422093184718,0.0239483104400133,0.0236313798222328,0.023340181821812,0.0231250880900394,0.0230297744389471,0.0230825198567302,0.02328942790858,0.0236318285498664,0.0240687776345705,0.0245437029585465,0.0249930969902984,0.0253552662226118,0.0255780439943677,0.0256253005977628,0.025482635881025,0.0251627761201673,0.0247109526322516,0.0242097814683563,0.023781560536673,0.0235833992659546,0.0237889170885182,0.024554236066875,0.025978820875531,0.0280829236693596,0.0308148493142078,0.0340789151578309,0.0377651643144576,0.0417699503533337,0.0460069390841126,NA,NA,NA,NA,NA,NA,NA,NA,NA,NA,NA,NA,NA,NA,NA,NA,NA,NA,NA,NA,NA,NA,NA,NA,NA,NA,NA,NA,NA,NA,NA,NA,NA,NA,NA,NA,NA,NA,NA,NA,NA,NA,NA,NA,NA,NA,NA,NA,NA,NA,NA,NA,NA,NA,NA,NA,NA,NA,NA,NA,NA,NA,NA,NA,NA,NA,NA,NA,NA,NA,NA,NA,NA,NA,NA,NA,NA,NA,NA,NA,NA,NA,NA,NA,NA,NA,NA,NA,NA,NA,NA,NA,NA,NA,NA,NA,NA,NA,NA,NA,NA,NA,NA,NA
0.0457392170329755,0.0416600184924088,0.0377996461475116,0.0342364416857047,0.0310637852376483,0.0283804809536592,0.0262734763164022,0.0247931860111207,0.0239294333597761,0.0236027294319606,0.0236798351868824,0.0240056470328406,0.0244340567659601,0.02484688911446,0.0251607474745606,0.0253264423588444,0.0253252056799111,0.0251639396759322,0.0248702487317964,0.0244872127592155,0.024067567561766,0.0236670138280721,0.0233367588597231,0.0231160588286937,0.0230262112014322,0.0230676409951737,0.0232210408073056,0.0234521912751076,0.0237189162484653,0.0239782916279024,0.0241927040098716,0.0243341235056708,0.02438654884955,0.0243468539825584,0.0242242923251337,0.0240388351085138,0.0238184444958822,0.0235953855948389,0.0234018072818754,0.0232650647674749,0.0232035286100816,0.0232237529994617,0.0233196943538379,0.0234741710209656,0.0236621478605038,0.0238550118304875,0.0240249346208232,0.0241486302409271,0.0242101243138368,0.0242024039110322,0.0241279554072071,0.0239982432830099,0.0238321878241949,0.0236537198420066,0.0234885693746515,0.0233605990467222,0.0232881887703393,0.0232813245710315,0.023340021384702,0.0234544549572604,0.0236067599398284,0.0237740488949657,0.0239319894348424,0.02405829217757,0.0241356333927054,0.0241537429681385,0.0241105465836145,0.0240123372732254,0.0238729867174294,0.0237122309033603,0.0235531200249358,0.0234188372119831,0.0233292612243177,0.0232978205235596,0.0233292612243213,0.0234188372119893,0.0235531200249432,0.0237122309033688,0.0238729867174364,0.0240123372732302,0.0241105465836147,0.0241537429681337,0.0241356333926942,0.0240582921775541,0.0239319894348229,0.0237740488949451,0.0236067599398102,0.0234544549572461,0.0233400213846935,0.0232813245710283,0.023288188770339,0.0233605990467208,0.0234885693746451,0.0236537198419927,0.0238321878241736,0.0239982432829835,0.0241279554071816,0.0242024039110141,0.0242101243138303,0.0241486302409352,0.0240249346208439,0.023855011830518,0.0236621478605371,0.0234741710209971,0.0233196943538618,0.0232237529994761,0.023203528610088,0.0232650647674758,0.023401807281876,0.0235953855948468,0.0238184444959011,0.0240388351085464,0.0242242923251805,0.0243468539826142,0.0243865488496066,0.0243341235057177,0.0241927040098993,0.0239782916279051,0.0237189162484408,0.0234521912750616,0.023221040807245,0.0230676409951102,0.0230262112013793,0.0231160588286599,0.0233367588597099,0.0236670138280709,0.0240675675617666,0.0244872127592076,0.0248702487317707,0.0251639396758865,0.0253252056798512,0.0253264423587779,0.0251607474744982,0.0248468891144155,0.0244340567659361,0.0240056470328416,0.0236798351869022,0.0236027294319915,0.0239294333598064,0.024793186011142,0.0262734763164109,0.0283804809536582,0.031063785237644,0.0342364416857067,0.0377996461475253,0.0416600184924434,0.045739217033036,NA,NA,NA,NA,NA,NA,NA,NA,NA,NA,NA,NA,NA,NA,NA,NA,NA,NA,NA,NA,NA,NA,NA,NA,NA,NA,NA,NA,NA,NA,NA,NA,NA,NA,NA,NA,NA,NA,NA,NA,NA,NA,NA,NA,NA,NA,NA,NA,NA,NA,NA,NA,NA,NA,NA,NA,NA,NA,NA,NA,NA,NA,NA,NA,NA,NA,NA,NA,NA,NA,NA,NA,NA,NA,NA,NA,NA,NA,NA,NA,NA,NA,NA,NA,NA,NA,NA,NA,NA,NA,NA,NA,NA,NA,NA,NA,NA,NA,NA,NA,NA,NA,NA
0.0453431013928705,0.0414087712510566,0.0376813990476163,0.0342327540055253,0.0311479194716347,0.028516779767372,0.0264191933659799,0.0249040092656271,0.0239680553686117,0.0235468535468985,0.0235254057230921,0.0237643972679741,0.024127975496826,0.0245025970368738,0.0248051873840659,0.0249839507883729,0.0250155644996367,0.024901042640126,0.0246611984848488,0.0243318417736616,0.0239585164208692,0.0235905780738966,0.0232746794391784,0.0230482254902634,0.0229338966250581,0.0229365580752012,0.023043460186743,0.0232276625593938,0.0234536209837836,0.0236834253277992,0.0238823916085666,0.0240232777174761,0.0240889233432527,0.0240734205858719,0.0239820127714369,0.0238298905751018,0.0236400025563125,0.0234399914188449,0.0232584496695433,0.0231208632559048,0.0230458241319055,0.0230422225066507,0.0231080437426965,0.0232310520435858,0.0233911624931352,0.023563904143733,0.0237242233482992,0.0238499732921681,0.0239246641234342,0.023939274908179,0.0238930807624362,0.0237935200630065,0.0236551504471057,0.0234977621890233,0.0233437717691775,0.0232151272557372,0.0231301074358149,0.0231005309568567,0.0231299216881452,0.0232130340510483,0.0233368421238927,0.023482750479195,0.0236295358761372,0.0237564577868895,0.0238460617580484,0.0238863591784543,0.0238722186210126,0.0238059065034778,0.0236967688527144,0.0235600766386343,0.0234150974585098,0.0232825338763441,0.0231815918306773,0.0231270856559066,0.0231270856559105,0.0231815918306883,0.0232825338763583,0.0234150974585221,0.0235600766386396,0.0236967688527098,0.0238059065034621,0.023872218620986,0.0238863591784193,0.0238460617580091,0.0237564577868511,0.0236295358761041,0.0234827504791703,0.0233368421238772,0.0232130340510413,0.0231299216881453,0.0231005309568593,0.023130107435815,0.0232151272557315,0.0233437717691628,0.0234977621890014,0.0236551504470791,0.0237935200629812,0.0238930807624191,0.0239392749081748,0.0239246641234462,0.0238499732921953,0.0237242233483377,0.0235639041437763,0.0233911624931767,0.0232310520436196,0.0231080437427192,0.0230422225066625,0.0230458241319083,0.0231208632559048,0.0232584496695462,0.0234399914188574,0.0236400025563384,0.0238298905751406,0.0239820127714874,0.0240734205859256,0.0240889233433022,0.0240232777175125,0.0238823916085817,0.0236834253277881,0.0234536209837481,0.0232276625593393,0.0230434601866798,0.0229365580751416,0.0229338966250119,0.0230482254902357,0.0232746794391683,0.0235905780738968,0.023958516420868,0.0243318417736503,0.0246611984848214,0.0249010426400819,0.0250155644995812,0.0249839507883137,0.024805187384013,0.024502597036837,0.0241279754968089,0.02376439726798,0.0235254057231134,0.0235468535469276,0.0239680553686387,0.0249040092656446,0.0264191933659871,0.02851677976737,0.031147919471631,0.0342327540055239,0.0376813990476283,0.041408771251085,0.0453431013929195,NA,NA,NA,NA,NA,NA,NA,NA,NA,NA,NA,NA,NA,NA,NA,NA,NA,NA,NA,NA,NA,NA,NA,NA,NA,NA,NA,NA,NA,NA,NA,NA,NA,NA,NA,NA,NA,NA,NA,NA,NA,NA,NA,NA,NA,NA,NA,NA,NA,NA,NA,NA,NA,NA,NA,NA,NA,NA,NA,NA,NA,NA,NA,NA,NA,NA,NA,NA,NA,NA,NA,NA,NA,NA,NA,NA,NA,NA,NA,NA,NA,NA,NA,NA,NA,NA,NA,NA,NA,NA,NA,NA,NA,NA,NA,NA,NA,NA,NA,NA,NA,NA
0.0451708273167808,0.0413619618307848,0.0377494248569255,0.0343990849447451,0.0313886020008392,0.0287998695205351,0.0267062693490388,0.0251548337337583,0.024147990565097,0.0236341925554578,0.0235149263007867,0.0236658496445409,0.0239613659078738,0.0242929547978349,0.024578348103007,0.024763625889038,0.0248214027798796,0.0247473402407723,0.0245560520762167,0.0242766990969168,0.0239482072215028,0.0236139842757393,0.0233161898690848,0.0230899765924943,0.0229585349908399,0.0229299863035798,0.0229969278178804,0.0231387438053125,0.0233259893922011,0.0235256752803071,0.023706312898497,0.0238419628989838,0.0239149731864826,0.0239174010652184,0.0238512490809638,0.0237276606827253,0.0235651960521245,0.0233873029294593,0.023219152076776,0.0230841325525973,0.0230004650571409,0.0229785096885807,0.0230193152659174,0.0231147290018991,0.0232490174439905,0.0234015954879556,0.0235502661531057,0.0236743843145601,0.0237575092051698,0.0237892994163334,0.0237665546099874,0.0236933961912044,0.0235806196995752,0.0234442764134919,0.0233035827030881,0.0231783338872791,0.0230861129605369,0.023039699465507,0.0230451376569196,0.0231008550354353,0.023198019264022,0.0233220442695033,0.0234549122478697,0.023577854549995,0.023673948734145,0.0237302948883462,0.0237395643908809,0.0237008206085112,0.0236195786742403,0.0235071114162932,0.0233790441882223,0.0232533366663133,0.0231478379408713,0.0230777137465087,0.0230531436919013,0.0230777137465079,0.0231478379408697,0.0232533366663105,0.0233790441882194,0.0235071114162912,0.0236195786742401,0.0237008206085135,0.0237395643908855,0.0237302948883526,0.0236739487341519,0.0235778545500015,0.0234549122478748,0.0233220442695054,0.0231980192640217,0.0231008550354334,0.0230451376569175,0.0230396994655058,0.0230861129605377,0.0231783338872816,0.0233035827030908,0.0234442764134934,0.0235806196995743,0.0236933961912013,0.0237665546099821,0.0237892994163271,0.0237575092051632,0.0236743843145547,0.0235502661531014,0.0234015954879529,0.0232490174439899,0.0231147290019009,0.0230193152659203,0.0229785096885844,0.0230004650571434,0.0230841325525973,0.0232191520767742,0.0233873029294559,0.0235651960521212,0.023727660682725,0.0238512490809661,0.0239174010652245,0.023914973186493,0.0238419628989951,0.0237063128985079,0.0235256752803146,0.0233259893922027,0.0231387438053086,0.0229969278178722,0.0229299863035698,0.0229585349908312,0.0230899765924895,0.0233161898690836,0.0236139842757406,0.0239482072215028,0.0242766990969148,0.0245560520762118,0.0247473402407657,0.0248214027798721,0.024763625889032,0.0245783481030047,0.0242929547978381,0.0239613659078812,0.0236658496445492,0.0235149263007968,0.023634192555465,0.0241479905651022,0.0251548337337609,0.026706269349039,0.0287998695205347,0.0313886020008389,0.0343990849447449,0.0377494248569239,0.0413619618307815,0.045170827316777,NA,NA,NA,NA,NA,NA,NA,NA,NA,NA,NA,NA,NA,NA,NA,NA,NA,NA,NA,NA,NA,NA,NA,NA,NA,NA,NA,NA,NA,NA,NA,NA,NA,NA,NA,NA,NA,NA,NA,NA,NA,NA,NA,NA,NA,NA,NA,NA,NA,NA,NA,NA,NA,NA,NA,NA,NA,NA,NA,NA,NA,NA,NA,NA,NA,NA,NA,NA,NA,NA,NA,NA,NA,NA,NA,NA,NA,NA,NA,NA,NA,NA,NA,NA,NA,NA,NA,NA,NA,NA,NA,NA,NA,NA,NA,NA,NA,NA,NA,NA,NA
0.0449877642678535,0.0412530077930146,0.0377080419537863,0.0344154533548359,0.0314489020271677,0.0288861284915325,0.0267973090662133,0.025228785748806,0.0241861404834708,0.0236247615777669,0.0234549686881347,0.0235605430901548,0.0238215378512397,0.0241322151359053,0.0244106946777533,0.0246017374371258,0.0246755044041774,0.0246244742186024,0.0244596489793124,0.0242064241198907,0.0239001188889578,0.0235810719184246,0.0232893355421065,0.0230593023372407,0.0229149601541321,0.0228666921024945,0.0229103943302904,0.0230291330397197,0.0231968478004035,0.0233831106788011,0.0235578847546044,0.0236955098728004,0.0237775372430588,0.0237943428608884,0.0237456085007482,0.0236397999825025,0.0234927597095081,0.0233255226594254,0.0231615023751774,0.0230232918055647,0.0229294635449169,0.0228918728454101,0.0229139769818039,0.0229905255891692,0.0231086735354143,0.023250236698015,0.023394588469609,0.0235216493408981,0.0236145237417246,0.0236615025257655,0.0236572989756896,0.0236034850999509,0.0235081462086771,0.0233847992434387,0.0232506528152508,0.0231243465746111,0.0230234001881651,0.0229617079112715,0.0229474864369743,0.0229820646698076,0.02305976454983,0.0231688911990001,0.0232936112048192,0.0234163384764346,0.0235202097300526,0.0235912963160654,0.0236203108362537,0.0236036744200908,0.0235438877690824,0.0234491965010731,0.0233325754508128,0.0232100988613351,0.0230988303302474,0.0230144596526118,0.0229690117906257,0.0229690117906664,0.02301445965272,0.0230988303303841,0.0232100988614473,0.0233325754508469,0.0234491965009901,0.0235438877688701,0.0236036744197659,0.0236203108358571,0.0235912963156516,0.0235202097296763,0.0234163384761421,0.0232936112046371,0.0231688911989307,0.0230597645498486,0.0229820646698709,0.0229474864370324,0.0229617079112849,0.0230234001881158,0.0231243465745067,0.0232506528151202,0.0233847992433214,0.0235081462086113,0.0236034850999639,0.0236572989757929,0.0236615025259526,0.0236145237419727,0.023521649341175,0.0233945884698774,0.0232502366982396,0.0231086735355704,0.0229905255892495,0.0229139769818209,0.0228918728453901,0.0229294635448929,0.0230232918055677,0.0231615023752253,0.0233255226595234,0.0234927597096449,0.0236397999826555,0.0237456085008855,0.0237943428609842,0.0237775372430926,0.0236955098727663,0.0235578847545081,0.023383110678658,0.0231968478002344,0.0230291330395462,0.0229103943301316,0.0228666921023652,0.0229149601540406,0.0230593023371906,0.0232893355420911,0.0235810719184298,0.0239001188889667,0.0242064241198841,0.0244596489792738,0.0246244742185207,0.0246755044040549,0.0246017374369736,0.0244106946775895,0.0241322151357573,0.023821537851131,0.0235605430901018,0.0234549686881422,0.0236247615778188,0.0241861404835393,0.0252287857488608,0.0267973090662362,0.0288861284915234,0.0314489020271429,0.0344154533548227,0.0377080419538179,0.0412530077931187,0.0449877642680569,NA,NA,NA,NA,NA,NA,NA,NA,NA,NA,NA,NA,NA,NA,NA,NA,NA,NA,NA,NA,NA,NA,NA,NA,NA,NA,NA,NA,NA,NA,NA,NA,NA,NA,NA,NA,NA,NA,NA,NA,NA,NA,NA,NA,NA,NA,NA,NA,NA,NA,NA,NA,NA,NA,NA,NA,NA,NA,NA,NA,NA,NA,NA,NA,NA,NA,NA,NA,NA,NA,NA,NA,NA,NA,NA,NA,NA,NA,NA,NA,NA,NA,NA,NA,NA,NA,NA,NA,NA,NA,NA,NA,NA,NA,NA,NA,NA,NA,NA,NA
0.0449210590200413,0.041229628353888,0.0377236292480847,0.0344635576463272,0.0315205904280883,0.0289699850135182,0.0268801425160066,0.0252972935513938,0.0242293339371706,0.023636273914117,0.0234341342341041,0.0235118207366,0.0237528217958306,0.024052911225548,0.024330125268266,0.0245280175950299,0.0246148154153858,0.0245806254930017,0.0244338609939617,0.0241973175766927,0.0239039337353437,0.0235921535297165,0.0233009040112749,0.0230644579638706,0.0229077859871602,0.0228432348609263,0.022869294840455,0.0229717628888153,0.0231269535187324,0.0233060943015138,0.0234799053305332,0.0236225744739469,0.0237146987947876,0.0237450721367277,0.0237113762947226,0.023619892657751,0.0234843479409972,0.023323997483804,0.0231610736041516,0.0230178048377254,0.0229133351123676,0.0228609924067118,0.0228663971502533,0.0229267951427953,0.0230317476621115,0.0231649994719167,0.0233071010254299,0.0234382698505698,0.0235410354720721,0.023602354285508,0.023615028657494,0.0235783727196268,0.0234981284269221,0.0233856666168339,0.023256534895994,0.0231284602792582,0.0230189908473231,0.0229430578122426,0.0229108223652424,0.0229261891554595,0.0229862802598326,0.0230819750464929,0.0231993924247549,0.023322007361004,0.0234330121659306,0.0235175584477317,0.0235646067999136,0.02356821671579,0.0235281944114565,0.0234500718719413,0.0233444262525733,0.0232255833358632,0.0231098000484029,0.0230130976698087,0.0229490098905294,0.0229265866202136,0.0229490098905591,0.0230130976698579,0.0231098000484537,0.0232255833358942,0.0233444262525666,0.023450071871887,0.0235281944113544,0.0235682167156516,0.0235646067997567,0.0235175584475773,0.0234330121657989,0.0233220073609088,0.0231993924247038,0.0230819750464821,0.0229862802598487,0.0229261891554847,0.0229108223652593,0.0229430578122386,0.0230189908472957,0.0231284602792142,0.0232565348959464,0.0233856666167973,0.0234981284269088,0.0235783727196453,0.0236150286575448,0.023602354285587,0.0235410354721683,0.0234382698506695,0.0233071010255193,0.0231649994719862,0.0230317476621546,0.0229267951428133,0.022866397150253,0.0228609924067033,0.0229133351123612,0.0230178048377296,0.0231610736041715,0.0233239974838403,0.023484347941045,0.0236198926578038,0.0237113762947695,0.0237450721367626,0.0237146987948032,0.0236225744739414,0.0234799053305099,0.0233060943014743,0.0231269535186829,0.0229717628887596,0.0228692948403995,0.0228432348608776,0.0229077859871235,0.0230644579638496,0.0233009040112683,0.0235921535297201,0.0239039337353509,0.0241973175766933,0.02443386099395,0.0245806254929712,0.0246148154153358,0.0245280175949651,0.0243301252681938,0.0240529112254818,0.0237528217957811,0.0235118207365731,0.0234341342341031,0.0236362739141348,0.0242293339371954,0.025297293551414,0.0268801425160153,0.0289699850135137,0.0315205904280785,0.0344635576463215,0.0377236292480984,0.0412296283539284,0.044921059020124,NA,NA,NA,NA,NA,NA,NA,NA,NA,NA,NA,NA,NA,NA,NA,NA,NA,NA,NA,NA,NA,NA,NA,NA,NA,NA,NA,NA,NA,NA,NA,NA,NA,NA,NA,NA,NA,NA,NA,NA,NA,NA,NA,NA,NA,NA,NA,NA,NA,NA,NA,NA,NA,NA,NA,NA,NA,NA,NA,NA,NA,NA,NA,NA,NA,NA,NA,NA,NA,NA,NA,NA,NA,NA,NA,NA,NA,NA,NA,NA,NA,NA,NA,NA,NA,NA,NA,NA,NA,NA,NA,NA,NA,NA,NA,NA,NA,NA,NA
0.0447105319203873,0.0410546046629245,0.0375806785580198,0.0343478644876166,0.0314257820882195,0.0288882481797334,0.026802793360196,0.0252158920811225,0.0241371591642501,0.0235296152505345,0.023312790226357,0.0233786274379889,0.0236125667768843,0.0239111418522777,0.0241921625109776,0.024398250518666,0.0244962368496926,0.0244745557457271,0.0243398326628496,0.0241131240314142,0.0238258622744941,0.023515424251651,0.0232203103528256,0.0229751524672887,0.0228060878123785,0.0227272868596313,0.0227394066794612,0.0228303552079109,0.022978132416952,0.0231549770911306,0.0233318502429372,0.0234824445566593,0.0235862449035476,0.0236304799121152,0.0236109990031871,0.023532183664408,0.0234060049369627,0.0232503256955555,0.0230865585552095,0.0229368521779189,0.0228210890738096,0.0227541007173636,0.0227435724634055,0.0227890504719828,0.0228822543753718,0.0230086045432325,0.0231496095919296,0.0232856275957556,0.0233985350122151,0.0234739587088244,0.023502872748517,0.0234824787387669,0.0234163595261981,0.0233139316611369,0.0231892456530576,0.0230592183086738,0.0229414438361178,0.0228518187403855,0.0228023053135133,0.0227992045208134,0.022842265372826,0.0229248101420804,0.0230348414075229,0.0231568947365961,0.0232742805768063,0.0233713455461205,0.0234354513952741,0.0234584705606657,0.0234376890825003,0.0233760721615152,0.0232818875346209,0.0231677123464022,0.0230488886165095,0.0229415540171,0.022860458411784,0.0228168623317231,0.0228168623317315,0.0228604584118069,0.022941554017129,0.0230488886165337,0.0231677123464113,0.0232818875346062,0.0233760721614738,0.0234376890824353,0.0234584705605844,0.0234354513951876,0.0233713455460402,0.0232742805767423,0.0231568947365549,0.0230348414075053,0.0229248101420824,0.0228422653728386,0.0227992045208269,0.0228023053135193,0.0228518187403793,0.0229414438361004,0.02305921830865,0.0231892456530346,0.0233139316611226,0.0234163595261985,0.0234824787387844,0.0235028727485508,0.0234739587088694,0.0233985350122648,0.0232856275958031,0.0231496095919681,0.0230086045432595,0.0228822543753864,0.022789050471987,0.0227435724634036,0.0227541007173598,0.0228210890738085,0.0229368521779229,0.0230865585552198,0.0232503256955724,0.0234060049369841,0.0235321836644323,0.0236109990032098,0.0236304799121338,0.0235862449035609,0.0234824445566656,0.0233318502429351,0.0231549770911199,0.0229781324169334,0.0228303552078866,0.0227394066794326,0.0227272868596038,0.0228060878123566,0.0229751524672761,0.023220310352821,0.0235154242516531,0.0238258622744975,0.0241131240314149,0.024339832662843,0.0244745557457103,0.0244962368496613,0.0243982505186248,0.0241921625109307,0.0239111418522336,0.0236125667768496,0.0233786274379704,0.0233127902263543,0.0235296152505416,0.0241371591642628,0.0252158920811329,0.0268027933602002,0.0288882481797299,0.0314257820882137,0.0343478644876149,0.0375806785580275,0.0410546046629522,0.0447105319204351,NA,NA,NA,NA,NA,NA,NA,NA,NA,NA,NA,NA,NA,NA,NA,NA,NA,NA,NA,NA,NA,NA,NA,NA,NA,NA,NA,NA,NA,NA,NA,NA,NA,NA,NA,NA,NA,NA,NA,NA,NA,NA,NA,NA,NA,NA,NA,NA,NA,NA,NA,NA,NA,NA,NA,NA,NA,NA,NA,NA,NA,NA,NA,NA,NA,NA,NA,NA,NA,NA,NA,NA,NA,NA,NA,NA,NA,NA,NA,NA,NA,NA,NA,NA,NA,NA,NA,NA,NA,NA,NA,NA,NA,NA,NA,NA,NA,NA
0.0450229157277862,0.0413491926641508,0.0378569686705384,0.0346051282306275,0.0316631465453506,0.0291049306318513,0.0269985232304836,0.0253914743860279,0.0242949808847936,0.0236737871410104,0.0234487375726795,0.0235122661374916,0.0237494169523597,0.0240556589608777,0.0243473606170964,0.0245655581153964,0.0246755017576288,0.0246641461567155,0.0245368181492585,0.0243135451700929,0.0240251070350975,0.0237087218789409,0.0234033265022114,0.0231446240952519,0.02296038628834,0.0228667712856216,0.022866455535826,0.0229490459642202,0.0230936393728308,0.0232728257122631,0.0234571747913873,0.0236193579308141,0.0237373781859725,0.0237967098009647,0.0237913620369317,0.0237239721217172,0.0236050410742035,0.0234514093106043,0.0232840704503879,0.023125469340049,0.0229965295833636,0.0229137806561178,0.0228870441661903,0.0229181188400978,0.0230007350435361,0.023121770641002,0.0232634386981744,0.023405985111295,0.0235304158183686,0.0236208736771088,0.0236664302555344,0.023662185186158,0.0236096483465961,0.023516422254577,0.0233952244444008,0.0232623164530405,0.0231354562482299,0.0230315701266851,0.0229644330150345,0.0229427144289926,0.0229687425197264,0.023038230833379,0.0231410189602737,0.0232626644720229,0.0233865674056667,0.0234962549559912,0.0235774953266628,0.0236200025908384,0.0236185922427032,0.023573721995349,0.0234913993772475,0.0233824678772035,0.023261314567458,0.0231440906489921,0.0230466093639343,0.0229821734124049,0.0229596560253604,0.0229821734124158,0.023046609363952,0.0231440906490106,0.02326131456747,0.0233824678772026,0.0234913993772297,0.0235737219953138,0.0236185922426534,0.0236200025907805,0.0235774953266044,0.0234962549559405,0.0233865674056287,0.0232626644720012,0.0231410189602673,0.0230382308333838,0.0229687425197357,0.0229427144289994,0.022964433015035,0.023031570126678,0.0231354562482165,0.023262316453025,0.0233952244443879,0.0235164222545717,0.0236096483466015,0.0236621851861739,0.0236664302555597,0.0236208736771396,0.0235304158183987,0.0234059851113209,0.0232634386981935,0.0231217706410131,0.0230007350435416,0.0229181188400979,0.0228870441661885,0.0229137806561163,0.0229965295833633,0.0231254693400521,0.0232840704503942,0.0234514093106128,0.0236050410742149,0.0237239721217304,0.0237913620369454,0.0237967098009786,0.0237373781859837,0.0236193579308233,0.0234571747913918,0.0232728257122622,0.0230936393728233,0.0229490459642072,0.0228664555358085,0.0228667712856039,0.0229603862883263,0.0231446240952443,0.0234033265022097,0.0237087218789445,0.024025107035103,0.0243135451700963,0.024536818149256,0.0246641461567038,0.0246755017576098,0.024565558115371,0.0243473606170654,0.0240556589608473,0.0237494169523364,0.023512266137477,0.0234487375726744,0.0236737871410135,0.0242949808848005,0.0253914743860342,0.0269985232304864,0.0291049306318501,0.0316631465453456,0.0346051282306252,0.0378569686705431,0.0413491926641662,0.0450229157278154,NA,NA,NA,NA,NA,NA,NA,NA,NA,NA,NA,NA,NA,NA,NA,NA,NA,NA,NA,NA,NA,NA,NA,NA,NA,NA,NA,NA,NA,NA,NA,NA,NA,NA,NA,NA,NA,NA,NA,NA,NA,NA,NA,NA,NA,NA,NA,NA,NA,NA,NA,NA,NA,NA,NA,NA,NA,NA,NA,NA,NA,NA,NA,NA,NA,NA,NA,NA,NA,NA,NA,NA,NA,NA,NA,NA,NA,NA,NA,NA,NA,NA,NA,NA,NA,NA,NA,NA,NA,NA,NA,NA,NA,NA,NA,NA,NA
0.0451685120763562,0.0414802431981349,0.0379730474840766,0.0347058072611701,0.0317481679853301,0.0291745019311493,0.027053708864621,0.0254345678210953,0.0243296451573087,0.0237047762441583,0.0234812252790493,0.0235510515957702,0.023798301758109,0.024117112025332,0.0244224185691442,0.024653860972434,0.0247753953546928,0.0247728284256888,0.0246505373361736,0.0244278721217195,0.0241353037606048,0.023810214610198,0.0234922612369148,0.0232184380233056,0.023018283404425,0.0229099719287745,0.0228981232709015,0.0229738798806853,0.0231172170881842,0.0233008417262727,0.0234947175186448,0.0236703238749333,0.0238040679832105,0.0238796130317885,0.0238891216652222,0.0238335186283611,0.0237218906898178,0.023570121153425,0.0233988470734264,0.0232308607895569,0.0230881652236138,0.0229890174442906,0.0229454044310367,0.0229614131537231,0.0230328287181273,0.0231480347114205,0.0232899941231101,0.0234388775303765,0.0235748459140345,0.0236805722325434,0.023743228369671,0.0237558018293828,0.0237177019978065,0.0236346660415639,0.0235179973852623,0.0233831896195689,0.0232480272261549,0.0231303230661224,0.0230455444343905,0.0230046643276359,0.0230126045115677,0.0230675703151758,0.0231614105624003,0.0232809193248164,0.0234098089182234,0.0235309884449712,0.0236287915758311,0.0236908774483803,0.0237096299594819,0.0236829663657619,0.0236145224451903,0.0235132144388899,0.0233922038041478,0.0232673275670693,0.0231551173818993,0.023070613649545,0.0230252667692938,0.0230252667692971,0.0230706136495539,0.0231551173819112,0.0232673275670803,0.0233922038041539,0.0235132144388876,0.023614522445178,0.0236829663657381,0.0237096299594492,0.0236908774483423,0.0236287915757927,0.023530988444938,0.0234098089181993,0.0232809193248028,0.0231614105623961,0.0230675703151789,0.023012604511573,0.0230046643276391,0.0230455444343888,0.0231303230661149,0.0232480272261428,0.023383189619556,0.0235179973852527,0.023634666041561,0.0237177019978128,0.0237558018293985,0.0237432283696928,0.02368057223257,0.0235748459140603,0.0234388775303979,0.0232899941231259,0.0231480347114308,0.0230328287181328,0.0229614131537244,0.0229454044310362,0.0229890174442895,0.0230881652236141,0.0232308607895585,0.0233988470734319,0.0235701211534341,0.0237218906898295,0.0238335186283751,0.0238891216652375,0.0238796130318027,0.0238040679832217,0.0236703238749396,0.0234947175186433,0.0233008417262646,0.0231172170881694,0.0229738798806654,0.0228981232708816,0.0229099719287559,0.0230182834044125,0.0232184380232994,0.0234922612369142,0.0238102146102018,0.0241353037606102,0.0244278721217229,0.0246505373361734,0.0247728284256818,0.0247753953546792,0.0246538609724137,0.0244224185691223,0.0241171120253096,0.0237983017580922,0.0235510515957599,0.0234812252790483,0.0237047762441632,0.0243296451573166,0.0254345678211032,0.0270537088646242,0.0291745019311467,0.0317481679853241,0.0347058072611655,0.0379730474840801,0.0414802431981464,0.0451685120763821,NA,NA,NA,NA,NA,NA,NA,NA,NA,NA,NA,NA,NA,NA,NA,NA,NA,NA,NA,NA,NA,NA,NA,NA,NA,NA,NA,NA,NA,NA,NA,NA,NA,NA,NA,NA,NA,NA,NA,NA,NA,NA,NA,NA,NA,NA,NA,NA,NA,NA,NA,NA,NA,NA,NA,NA,NA,NA,NA,NA,NA,NA,NA,NA,NA,NA,NA,NA,NA,NA,NA,NA,NA,NA,NA,NA,NA,NA,NA,NA,NA,NA,NA,NA,NA,NA,NA,NA,NA,NA,NA,NA,NA,NA,NA,NA
0.0449275022302806,0.0412844576861995,0.0378185207377689,0.0345868819457803,0.0316572101909557,0.0291019184380617,0.0269884839804919,0.0253654935340068,0.0242471254604744,0.0236026113151877,0.0233575691061448,0.0234081558439403,0.0236413566558213,0.0239528097862789,0.0242576917511143,0.0244949459148202,0.0246271923545725,0.0246384876403274,0.0245312214722925,0.024322682969716,0.024041388691169,0.0237230830036463,0.0234063321074051,0.0231278016649172,0.022917593527396,0.0227953127842522,0.0227676604717807,0.0228281396034962,0.0229589407236482,0.0231344809478413,0.0233257104107412,0.023504304283172,0.0236461265019314,0.0237336822420622,0.0237575233274484,0.0237166929668991,0.0236183232699923,0.0234764825605113,0.0233103554706124,0.0231418594737381,0.0229928724653448,0.0228823585581362,0.0228237922238069,0.0228233265130398,0.0228790681503879,0.0229816046992669,0.0231156480403749,0.023262427034507,0.0234023632883366,0.0235176041397695,0.0235941104156947,0.0236231330711968,0.0236020168404785,0.0235343288211566,0.0234293375038681,0.0233008849966408,0.0231657237870455,0.0230414439319631,0.022944197456068,0.0228865136290507,0.0228755513263567,0.0229121084974349,0.0229905845008352,0.0230998968320232,0.0232251576001846,0.0233497866937686,0.0234577095638574,0.0235353412671543,0.0235731509310651,0.0235666906043959,0.0235170376006211,0.0234306386313669,0.0233185692303475,0.023195250096106,0.0230767078989607,0.0229785377330189,0.0229138077204495,0.0228912141590091,0.0229138077204474,0.0229785377330168,0.0230767078989612,0.0231952500961118,0.0233185692303602,0.023430638631386,0.0235170376006439,0.0235666906044178,0.0235731509310817,0.023535341267163,0.0234577095638575,0.0233497866937609,0.0232251576001716,0.0230998968320074,0.0229905845008205,0.0229121084974242,0.0228755513263507,0.0228865136290496,0.0229441974560702,0.0230414439319657,0.0231657237870459,0.0233008849966369,0.0234293375038581,0.0235343288211414,0.0236020168404594,0.0236231330711748,0.023594110415673,0.0235176041397495,0.0234023632883208,0.0232624270344971,0.0231156480403728,0.0229816046992718,0.0228790681503977,0.0228233265130501,0.0228237922238149,0.0228823585581388,0.0229928724653423,0.023141859473734,0.0233103554706116,0.0234764825605181,0.0236183232700109,0.0237166929669314,0.0237575233274918,0.0237336822421104,0.0236461265019785,0.0235043042832092,0.0233257104107623,0.0231344809478426,0.0229589407236313,0.022828139603467,0.0227676604717467,0.0227953127842212,0.0229175935273747,0.0231278016649079,0.0234063321074058,0.0237230830036553,0.0240413886911797,0.0243226829697203,0.0245312214722882,0.0246384876403077,0.024627192354541,0.0244949459147778,0.0242576917510665,0.0239528097862357,0.0236413566557836,0.0234081558439172,0.0233575691061374,0.0236026113151937,0.0242471254604863,0.0253654935340171,0.0269884839804959,0.0291019184380588,0.0316572101909478,0.0345868819457762,0.0378185207377761,0.0412844576862243,0.044927502230333,NA,NA,NA,NA,NA,NA,NA,NA,NA,NA,NA,NA,NA,NA,NA,NA,NA,NA,NA,NA,NA,NA,NA,NA,NA,NA,NA,NA,NA,NA,NA,NA,NA,NA,NA,NA,NA,NA,NA,NA,NA,NA,NA,NA,NA,NA,NA,NA,NA,NA,NA,NA,NA,NA,NA,NA,NA,NA,NA,NA,NA,NA,NA,NA,NA,NA,NA,NA,NA,NA,NA,NA,NA,NA,NA,NA,NA,NA,NA,NA,NA,NA,NA,NA,NA,NA,NA,NA,NA,NA,NA,NA,NA,NA,NA
0.0447206144661334,0.0411190203977589,0.0376908340911752,0.0344916696082371,0.0315873546164942,0.0290484752934257,0.0269411757112655,0.0253138450152334,0.0241821415088062,0.0235184582188843,0.0232525083785714,0.0232843430626589,0.0235037689562511,0.0238078852112927,0.0241121204014273,0.0243547683796381,0.0244971841753214,0.0245217619227598,0.024429000237248,0.0242342217162584,0.0239640668934284,0.0236526878976477,0.0233375576181078,0.0230549518885261,0.022835420946144,0.0226998531898781,0.0226568863879256,0.022702277469733,0.0228203859793982,0.0229873571734763,0.0231751982805234,0.0233558861871563,0.0235048658110836,0.0236036129135968,0.0236411898301074,0.0236148609368331,0.0235298751404684,0.0233985120621678,0.0232384718146016,0.0230706984351053,0.0229167826260017,0.0227961885341236,0.0227236610861324,0.0227072360109144,0.0227472312990889,0.0228364236017788,0.02296135411694,0.0231044667670228,0.0232466483967996,0.02336974393731,0.0234587197897861,0.0235032798151926,0.0234988486081638,0.0234469059691394,0.0233546903529445,0.0232343061874193,0.0231012913683843,0.0229727434651854,0.0228651719151822,0.0227923270046034,0.0227633228999899,0.0227813786880967,0.0228434183249508,0.0229406061554467,0.0230597015008593,0.0231849632322948,0.0233002698100384,0.0233911433953145,0.0234464442425222,0.0234595911546297,0.0234292363508357,0.02335936984992,0.0232588562282539,0.0231404299663431,0.0230192100095313,0.0229108497598326,0.0228295136915671,0.0227859471457419,0.0227859471457412,0.022829513691566,0.0229108497598323,0.0230192100095332,0.0231404299663486,0.0232588562282632,0.0233593698499326,0.0234292363508484,0.023459591154641,0.0234464442425292,0.0233911433953167,0.0233002698100357,0.0231849632322885,0.0230597015008504,0.0229406061554375,0.0228434183249428,0.0227813786880916,0.0227633228999872,0.0227923270046032,0.0228651719151832,0.0229727434651862,0.0231012913683838,0.023234306187416,0.0233546903529384,0.0234469059691313,0.0234988486081534,0.0235032798151806,0.023458719789772,0.0233697439372962,0.0232466483967875,0.0231044667670143,0.0229613541169361,0.0228364236017799,0.0227472312990927,0.0227072360109196,0.0227236610861361,0.0227961885341241,0.0229167826259999,0.023070698435103,0.0232384718146009,0.0233985120621714,0.0235298751404806,0.0236148609368536,0.0236411898301353,0.0236036129136282,0.0235048658111157,0.0233558861871827,0.0231751982805413,0.0229873571734816,0.022820385979392,0.0227022774697186,0.0226568863879067,0.0226998531898606,0.0228354209461321,0.0230549518885208,0.0233375576181097,0.0236526878976545,0.0239640668934345,0.0242342217162623,0.0244290002372448,0.0245217619227477,0.0244971841752992,0.0243547683796098,0.0241121204013932,0.0238078852112621,0.0235037689562255,0.0232843430626416,0.0232525083785646,0.0235184582188852,0.024182141508812,0.0253138450152387,0.026941175711267,0.0290484752934228,0.0315873546164898,0.0344916696082343,0.0376908340911807,0.0411190203977768,0.044720614466166,NA,NA,NA,NA,NA,NA,NA,NA,NA,NA,NA,NA,NA,NA,NA,NA,NA,NA,NA,NA,NA,NA,NA,NA,NA,NA,NA,NA,NA,NA,NA,NA,NA,NA,NA,NA,NA,NA,NA,NA,NA,NA,NA,NA,NA,NA,NA,NA,NA,NA,NA,NA,NA,NA,NA,NA,NA,NA,NA,NA,NA,NA,NA,NA,NA,NA,NA,NA,NA,NA,NA,NA,NA,NA,NA,NA,NA,NA,NA,NA,NA,NA,NA,NA,NA,NA,NA,NA,NA,NA,NA,NA,NA,NA
0.0446560031178793,0.0410837184710266,0.0376817942320606,0.0345044999763707,0.0316160949405496,0.0290856192804318,0.0269781164881631,0.0253418882569652,0.0241939985397717,0.0235097394847379,0.0232225375034108,0.0232359328826647,0.0234421972947317,0.023739613362596,0.0240436695414478,0.0242918997247571,0.024444357777692,0.0244818033414457,0.02440292261685,0.0242211842937691,0.0239614789267394,0.0236564822319536,0.0233426551935336,0.0230559114235344,0.022827215920794,0.0226786552157055,0.0226206923034053,0.0226512314385111,0.0227567244124298,0.0229150090531553,0.023099154171974,0.0232814753735938,0.0234370595696056,0.0235464307712768,0.0235972491797631,0.0235850890036899,0.023513394686211,0.0233927116884308,0.0232392703012404,0.0230730027685411,0.022915115981921,0.0227854275341977,0.0226997801895942,0.0226679291078332,0.022692286084575,0.0227677705313277,0.0228827848006818,0.0230210875652733,0.0231641778622976,0.0232937695808374,0.0233940102683741,0.0234532198897691,0.0234650392154263,0.0234289557051529,0.0233502160441149,0.0232391536828277,0.0231099766060378,0.0229790925971794,0.0228631059715401,0.0227766964320073,0.0227306639743098,0.0227304553995958,0.0227754424069929,0.0228590909312235,0.0229699811578388,0.0230934707674707,0.0232136964362973,0.0233155991098237,0.0233867159265191,0.0234185661821243,0.0234075364016415,0.0233552243004525,0.023268234138985,0.0231574380663294,0.0230367443301783,0.0229214561461611,0.0228263687472364,0.0227638266984505,0.0227420226151895,0.0227638266984497,0.0228263687472362,0.0229214561461641,0.0230367443301866,0.0231574380663439,0.0232682341390049,0.0233552243004737,0.0234075364016595,0.0234185661821354,0.0233867159265216,0.0233155991098176,0.0232136964362841,0.0230934707674528,0.0229699811578196,0.0228590909312061,0.0227754424069798,0.0227304553995882,0.0227306639743077,0.0227766964320083,0.0228631059715408,0.0229790925971779,0.0231099766060313,0.0232391536828161,0.0233502160440994,0.0234289557051333,0.023465039215405,0.0234532198897458,0.0233940102683519,0.0232937695808192,0.0231641778622856,0.0230210875652696,0.0228827848006869,0.0227677705313393,0.022692286084589,0.0226679291078452,0.0226997801896005,0.0227854275341986,0.0229151159819173,0.0230730027685385,0.0232392703012441,0.0233927116884477,0.0235133946862429,0.0235850890037374,0.0235972491798213,0.0235464307713367,0.0234370595696586,0.0232814753736305,0.0230991541719897,0.0229150090531475,0.0227567244124022,0.0226512314384722,0.0226206923033634,0.0226786552156697,0.0228272159207722,0.0230559114235262,0.0233426551935366,0.023656482231963,0.0239614789267469,0.0242211842937691,0.0244029226168369,0.0244818033414176,0.0244443577776484,0.0242918997247056,0.0240436695413929,0.0237396133625487,0.0234421972946948,0.0232359328826451,0.0232225375034072,0.0235097394847464,0.0241939985397858,0.0253418882569766,0.0269781164881671,0.0290856192804287,0.0316160949405423,0.0345044999763664,0.0376817942320683,0.0410837184710571,0.0446560031179345,NA,NA,NA,NA,NA,NA,NA,NA,NA,NA,NA,NA,NA,NA,NA,NA,NA,NA,NA,NA,NA,NA,NA,NA,NA,NA,NA,NA,NA,NA,NA,NA,NA,NA,NA,NA,NA,NA,NA,NA,NA,NA,NA,NA,NA,NA,NA,NA,NA,NA,NA,NA,NA,NA,NA,NA,NA,NA,NA,NA,NA,NA,NA,NA,NA,NA,NA,NA,NA,NA,NA,NA,NA,NA,NA,NA,NA,NA,NA,NA,NA,NA,NA,NA,NA,NA,NA,NA,NA,NA,NA,NA,NA
0.0446151941288351,0.0410523624439925,0.0376582082888296,0.0344864245540894,0.031600692859578,0.0290696369735675,0.0269582619453972,0.0253154239577491,0.0241594133992606,0.0234672227882934,0.0231739978580152,0.023184543587874,0.0233916990850935,0.0236936450432582,0.0240052668351692,0.0242631724518958,0.0244263032195445,0.0244742180111598,0.0244043970326886,0.0242291855066567,0.0239725374835135,0.0236665017559294,0.0233473506493081,0.0230513532890239,0.0228104144212901,0.0226480760551192,0.0225765787442568,0.0225956388792642,0.0226932486664404,0.0228482736141376,0.0230341736286455,0.0232230149165033,0.0233890783013969,0.0235116558796047,0.0235768979817323,0.0235787416621906,0.0235190179901031,0.0234068364753908,0.0232573248197945,0.0230897956664126,0.0229254420418653,0.0227847377003126,0.0226848232120424,0.0226372510937531,0.0226464831213022,0.0227094342897373,0.0228161487462861,0.0229514455506291,0.0230971836392811,0.0232347279810479,0.0233472483355009,0.0234215957402204,0.0234496207244345,0.0234288851920017,0.0233627692659338,0.023259996420384,0.0231336137471031,0.0229994876675912,0.022874421467454,0.0227740708456239,0.0227109112627525,0.0226925628630463,0.0227207662621749,0.0227912047782159,0.0228942038582772,0.0230161613955313,0.0231414356911349,0.0232543755720752,0.0233412124552845,0.0233916118232827,0.0233997637150383,0.0233649551112627,0.0232916063484862,0.0231887767810874,0.0230691656671304,0.0229476666217217,0.0228395866213339,0.0227587109704539,0.0227154656134556,0.0227154656134566,0.0227587109704571,0.02283958662134,0.0229476666217316,0.0230691656671442,0.0231887767811026,0.0232916063484998,0.0233649551112704,0.0233997637150367,0.023391611823271,0.0233412124552639,0.023254375572049,0.0231414356911067,0.0230161613955051,0.0228942038582563,0.0227912047782015,0.0227207662621672,0.0226925628630442,0.0227109112627531,0.0227740708456231,0.0228744214674495,0.0229994876675818,0.0231336137470894,0.0232599964203684,0.023362769265918,0.0234288851919874,0.0234496207244228,0.0234215957402105,0.0233472483354939,0.0232347279810453,0.0230971836392833,0.0229514455506372,0.0228161487462992,0.0227094342897524,0.0226464831213161,0.0226372510937633,0.0226848232120469,0.0227847377003116,0.0229254420418623,0.0230897956664127,0.0232573248198042,0.0234068364754151,0.0235190179901424,0.0235787416622443,0.0235768979817927,0.0235116558796628,0.0233890783014433,0.0232230149165292,0.0230341736286488,0.0228482736141188,0.0226932486664044,0.0225956388792186,0.0225765787442127,0.0226480760550842,0.0228104144212694,0.023051353289018,0.0233473506493126,0.0236665017559379,0.0239725374835187,0.0242291855066527,0.0244043970326702,0.0244742180111274,0.0244263032195001,0.0242631724518434,0.024005266835118,0.0236936450432137,0.0233916990850606,0.0231845435878567,0.0231739978580155,0.0234672227883034,0.0241594133992751,0.0253154239577593,0.0269582619454009,0.0290696369735632,0.0316006928595689,0.0344864245540852,0.0376582082888381,0.0410523624440235,0.0446151941288938,NA,NA,NA,NA,NA,NA,NA,NA,NA,NA,NA,NA,NA,NA,NA,NA,NA,NA,NA,NA,NA,NA,NA,NA,NA,NA,NA,NA,NA,NA,NA,NA,NA,NA,NA,NA,NA,NA,NA,NA,NA,NA,NA,NA,NA,NA,NA,NA,NA,NA,NA,NA,NA,NA,NA,NA,NA,NA,NA,NA,NA,NA,NA,NA,NA,NA,NA,NA,NA,NA,NA,NA,NA,NA,NA,NA,NA,NA,NA,NA,NA,NA,NA,NA,NA,NA,NA,NA,NA,NA,NA,NA
0.04468341361588,0.0411164868573837,0.0377173082322598,0.0345393207785249,0.0316460356738031,0.0291061137641117,0.0269849486785302,0.0253322332067773,0.0241674859239378,0.0234690434727841,0.0231731085531167,0.0231849514529465,0.023397230988938,0.0237074490190912,0.0240295147393152,0.024298920796507,0.0244734528227214,0.0245315366312465,0.0244695965953498,0.0242990641636387,0.0240432053981439,0.0237337081863139,0.0234069164195123,0.023099684589051,0.022845033658341,0.0226680669035028,0.0225828296533499,0.0225908022298944,0.0226814069647456,0.0228343854603661,0.0230234202425229,0.0232201665401755,0.0233979638189233,0.0235347759613583,0.0236151912941913,0.0236315000261742,0.0235839451714657,0.0234802489964299,0.0233344947755734,0.0231654294130486,0.0229942711795321,0.0228421702465118,0.0227275701143508,0.0226638205433628,0.0226574392129065,0.0227073557299769,0.0228052880967794,0.0229371550380241,0.0230852145282092,0.0232305164896752,0.0233552797915349,0.0234449068163847,0.0234894714672645,0.023484614575748,0.0234318393589633,0.0233382260969015,0.0232155970936723,0.0230791793047645,0.0229458478519213,0.0228320950090287,0.0227519470794454,0.0227151185374116,0.0227257097512291,0.0227816906355858,0.0228752693709145,0.0229940657320632,0.0231228565706701,0.0232455851448844,0.0233473348813747,0.0234160345327416,0.0234437458742315,0.0234274569067308,0.023369351038316,0.023276549410584,0.023160341528316,0.0230349431293955,0.0229158615526327,0.022818011343251,0.0227537963163342,0.0227314326749068,0.022753796316339,0.0228180113432603,0.0229158615526448,0.023034943129409,0.023160341528328,0.0232765494105912,0.0233693510383157,0.0234274569067204,0.0234437458742109,0.0234160345327122,0.0233473348813406,0.0232455851448495,0.0231228565706393,0.0229940657320389,0.0228752693708981,0.0227816906355774,0.0227257097512267,0.0227151185374117,0.0227519470794449,0.0228320950090251,0.022945847851913,0.0230791793047524,0.0232155970936581,0.0233382260968871,0.0234318393589506,0.023484614575737,0.0234894714672554,0.0234449068163769,0.0233552797915288,0.0232305164896718,0.023085214528209,0.0229371550380281,0.0228052880967871,0.0227073557299874,0.0226574392129166,0.0226638205433705,0.0227275701143532,0.0228421702465092,0.0229942711795255,0.0231654294130429,0.0233344947755746,0.0234802489964424,0.0235839451714927,0.0236315000262158,0.0236151912942442,0.0235347759614152,0.023397963818976,0.0232201665402177,0.0230234202425474,0.0228343854603708,0.0226814069647321,0.0225908022298679,0.022582829653318,0.0226680669034741,0.0228450336583233,0.0230996845890466,0.02340691641952,0.0237337081863299,0.0240432053981593,0.0242990641636473,0.0244695965953444,0.0245315366312259,0.0244734528226858,0.0242989207964587,0.024029514739262,0.0237074490190426,0.0233972309889021,0.0231849514529241,0.0231731085531106,0.0234690434727902,0.024167485923949,0.0253322332067863,0.0269849486785329,0.0291061137641086,0.0316460356737967,0.0345393207785205,0.0377173082322646,0.0411164868574043,0.0446834136159233,NA,NA,NA,NA,NA,NA,NA,NA,NA,NA,NA,NA,NA,NA,NA,NA,NA,NA,NA,NA,NA,NA,NA,NA,NA,NA,NA,NA,NA,NA,NA,NA,NA,NA,NA,NA,NA,NA,NA,NA,NA,NA,NA,NA,NA,NA,NA,NA,NA,NA,NA,NA,NA,NA,NA,NA,NA,NA,NA,NA,NA,NA,NA,NA,NA,NA,NA,NA,NA,NA,NA,NA,NA,NA,NA,NA,NA,NA,NA,NA,NA,NA,NA,NA,NA,NA,NA,NA,NA,NA,NA
0.04485632702167,0.0412702019459632,0.0378517391476673,0.034654521467034,0.0317423835021547,0.0291845844864254,0.0270474491589234,0.0253818817610219,0.0242086565798654,0.023507021321829,0.0232133978111074,0.0232324977996634,0.0234558422779976,0.023779522804946,0.0241160082033836,0.0243994475390045,0.0245864256688733,0.0246543259546967,0.0245987077478133,0.0244303536542127,0.0241721591887368,0.0238557996259485,0.0235180447378129,0.0231966656290504,0.0229260758548025,0.0227331312877828,0.0226337660968389,0.0226311933545871,0.0227161289653473,0.0228689752687668,0.0230633803768948,0.0232703287237493,0.0234619885691246,0.0236148178396369,0.0237117279649415,0.0237433112199169,0.0237082288688229,0.0236128681768139,0.0234703517475224,0.0232989607399672,0.02312004114797,0.0229555146505687,0.0228252107538692,0.0227443474240452,0.0227215586077758,0.0227578380022441,0.0228466126049821,0.0229749168306928,0.0231254020380456,0.0232787778596816,0.0234162738761505,0.0235218004681933,0.0235836134033352,0.0235953957707508,0.0235567404027935,0.0234730485409765,0.0233548722679348,0.0232167386397369,0.0230755195988066,0.0229484636884364,0.0228510806063523,0.0227951469750568,0.0227871443415915,0.0228274102712311,0.0229101666644977,0.0230244142871903,0.023155510088301,0.023287134149183,0.0234033315777323,0.0234903651367086,0.0235381979007899,0.023541505359287,0.0235001736829609,0.0234192736127798,0.0233085172906366,0.0231812226917522,0.0230528409532431,0.0229391542263004,0.0228543229657099,0.022809033163325,0.0228090331633365,0.0228543229657423,0.0229391542263455,0.0230528409532899,0.0231812226917878,0.0233085172906489,0.0234192736127601,0.023500173682905,0.0235415053591958,0.0235381979006705,0.023490365136573,0.0234033315775933,0.023287134149055,0.0231555100881958,0.0230244142871153,0.0229101666644541,0.0228274102712141,0.022787144341591,0.0227951469750597,0.0228510806063454,0.0229484636884086,0.0230755195987517,0.0232167386396546,0.0233548722678306,0.0234730485408608,0.0235567404026784,0.0235953957706491,0.0235836134032581,0.0235218004681492,0.0234162738761428,0.0232787778597104,0.0231254020381046,0.022974916830771,0.0228466126050674,0.0227578380023227,0.0227215586078358,0.0227443474240799,0.0228252107538768,0.0229555146505527,0.0231200411479424,0.0232989607399404,0.0234703517475123,0.0236128681768314,0.0237082288688785,0.0237433112200101,0.0237117279650677,0.0236148178397872,0.0234619885692847,0.0232703287239017,0.0230633803770266,0.0228689752688662,0.0227161289654094,0.0226311933546127,0.0226337660968376,0.0227331312877677,0.0229260758547867,0.0231966656290468,0.0235180447378285,0.0238557996259857,0.0241721591887912,0.0244303536542763,0.0245987077478778,0.0246543259547494,0.0245864256689045,0.0243994475390109,0.0241160082033621,0.0237795228048992,0.0234558422779318,0.0232324977995919,0.0232133978110387,0.0235070213217738,0.024208656579828,0.0253818817610039,0.0270474491589203,0.0291845844864289,0.0317423835021553,0.0346545214670218,0.0378517391476364,0.0412702019459072,0.044856327021585,NA,NA,NA,NA,NA,NA,NA,NA,NA,NA,NA,NA,NA,NA,NA,NA,NA,NA,NA,NA,NA,NA,NA,NA,NA,NA,NA,NA,NA,NA,NA,NA,NA,NA,NA,NA,NA,NA,NA,NA,NA,NA,NA,NA,NA,NA,NA,NA,NA,NA,NA,NA,NA,NA,NA,NA,NA,NA,NA,NA,NA,NA,NA,NA,NA,NA,NA,NA,NA,NA,NA,NA,NA,NA,NA,NA,NA,NA,NA,NA,NA,NA,NA,NA,NA,NA,NA,NA,NA,NA
0.0447664866197044,0.0411897794241919,0.0377791600721821,0.0345877366436097,0.0316788959552244,0.0291216224718348,0.0269823222109331,0.0253124999445846,0.0241340767103993,0.0234277794666997,0.0231314343534668,0.0231507017154003,0.0233774374706306,0.0237075196312152,0.0240528140761531,0.0243466238384367,0.0245445463665116,0.0246229063323705,0.0245761943288499,0.0244141842170941,0.02415891189233,0.0238414522958771,0.0234983566580391,0.0231676708238838,0.0228846381850482,0.0226774672205679,0.0225638133006483,0.0225487179328308,0.0226245277927389,0.0227728162697231,0.0229677887820933,0.0231803436083319,0.0233819872541551,0.0235480626723975,0.0236600543934363,0.0237069573771593,0.0236858027852471,0.0236014522864875,0.0234657484643904,0.0232960816139739,0.0231134308060049,0.0229399770792899,0.022796472222594,0.0226996579064192,0.022660118855625,0.0226809576850335,0.0227575577092485,0.0228784741573864,0.0230272471150791,0.0231847591824027,0.0233317190529185,0.0234509219849605,0.0235290603807359,0.0235579745003286,0.0235353136194231,0.0234646184494165,0.0233548497528177,0.0232193948152072,0.0230746008443395,0.0229379253502436,0.0228258607956928,0.0227518707923384,0.0227246362069386,0.0227469114971031,0.0228152082761204,0.0229203657250069,0.023048887241384,0.0231847844633999,0.0233116147433516,0.023414425002282,0.0234813904263181,0.0235050208757267,0.0234828745091021,0.0234177588788241,0.0233174205662134,0.0231937382795629,0.0230614556902346,0.022936530586027,0.0228342395309269,0.0227672517220968,0.0227439456106736,0.0227672517220972,0.0228342395309279,0.0229365305860291,0.0230614556902388,0.0231937382795684,0.0233174205662194,0.0234177588788293,0.0234828745091062,0.023505020875728,0.0234813904263166,0.0234144250022776,0.0233116147433457,0.0231847844633933,0.023048887241378,0.0229203657250019,0.0228152082761176,0.0227469114971015,0.0227246362069382,0.0227518707923381,0.0228258607956926,0.022937925350243,0.0230746008443395,0.0232193948152083,0.0233548497528207,0.0234646184494206,0.0235353136194282,0.0235579745003346,0.0235290603807412,0.0234509219849643,0.02333171905292,0.0231847591824023,0.0230272471150764,0.0228784741573827,0.0227575577092454,0.0226809576850311,0.0226601188556236,0.0226996579064188,0.0227964722225946,0.0229399770792915,0.0231134308060087,0.0232960816139786,0.0234657484643989,0.0236014522864993,0.0236858027852628,0.0237069573771766,0.0236600543934549,0.0235480626724135,0.0233819872541657,0.0231803436083351,0.0229677887820878,0.0227728162697092,0.0226245277927184,0.0225487179328078,0.022563813300627,0.0226774672205517,0.02288463818504,0.0231676708238835,0.0234983566580426,0.0238414522958802,0.0241589118923287,0.0244141842170859,0.0245761943288299,0.0246229063323407,0.0245445463664756,0.0243466238383981,0.0240528140761176,0.0237075196311869,0.0233774374706145,0.023150701715394,0.0231314343534721,0.0234277794667112,0.0241340767104104,0.0253124999445926,0.0269823222109337,0.0291216224718314,0.0316788959552197,0.03458773664361,0.0377791600721929,0.0411897794242162,0.0447664866197493,NA,NA,NA,NA,NA,NA,NA,NA,NA,NA,NA,NA,NA,NA,NA,NA,NA,NA,NA,NA,NA,NA,NA,NA,NA,NA,NA,NA,NA,NA,NA,NA,NA,NA,NA,NA,NA,NA,NA,NA,NA,NA,NA,NA,NA,NA,NA,NA,NA,NA,NA,NA,NA,NA,NA,NA,NA,NA,NA,NA,NA,NA,NA,NA,NA,NA,NA,NA,NA,NA,NA,NA,NA,NA,NA,NA,NA,NA,NA,NA,NA,NA,NA,NA,NA,NA,NA,NA,NA
0.0445700123152863,0.041023476242764,0.0376402790032291,0.034472458783668,0.0315821802466656,0.0290372468146034,0.0269032395171345,0.0252316050536686,0.0240453184399465,0.0233272785739146,0.0230181186036779,0.0230261832930321,0.0232452853154426,0.0235723158950632,0.0239193046117228,0.0242190784462574,0.0244263166749199,0.0245161331668685,0.024481628410563,0.0243311079660543,0.0240851709824566,0.0237736188165656,0.0234320479195466,0.0230980337352205,0.022806974156069,0.0225879202957861,0.0224599939797006,0.0224301183906927,0.0224926238082747,0.022630836914863,0.0228202244535511,0.0230323135061134,0.0232385865576531,0.0234137759281321,0.0235382821811694,0.0235996754201768,0.0235933601406844,0.0235225139027668,0.0233973906086215,0.0232340499427691,0.0230525643289748,0.0228747824987276,0.0227218014339228,0.0226114033270157,0.0225558117903848,0.0225601527006151,0.022621921280115,0.02273156030484,0.0228740112962825,0.0230309078113566,0.0231830038854669,0.023312472544342,0.0234048194578315,0.0234502756795516,0.0234446226589045,0.0233894522173133,0.0232918832448119,0.0231637628622912,0.0230203907088291,0.0228788352701104,0.0227559674006968,0.0226664116346642,0.0226206862271319,0.0226238306164138,0.0226747709615112,0.0227665459635036,0.0228873423449074,0.023022133579615,0.0231546287229952,0.0232692355203796,0.0233528010044796,0.0233959749353469,0.0233941146345588,0.0233476991417131,0.0232622470977473,0.023147746653465,0.0230176207554581,0.0228872801433535,0.0227723667801273,0.0226868590933837,0.0226412791363371,0.0226412791363377,0.0226868590933866,0.0227723667801315,0.0228872801433586,0.023017620755462,0.0231477466534669,0.0232622470977462,0.0233476991417079,0.0233941146345495,0.0233959749353347,0.0233528010044657,0.0232692355203659,0.0231546287229828,0.0230221335796066,0.0228873423449025,0.0227665459635022,0.0226747709615127,0.0226238306164155,0.0226206862271331,0.0226664116346633,0.0227559674006938,0.0228788352701062,0.0230203907088257,0.0231637628622896,0.023291883244814,0.0233894522173197,0.0234446226589144,0.0234502756795652,0.0234048194578453,0.0233124725443551,0.0231830038854769,0.0230309078113633,0.0228740112962843,0.022731560304839,0.0226219212801117,0.0225601527006116,0.022555811790382,0.0226114033270139,0.0227218014339233,0.0228747824987291,0.0230525643289776,0.0232340499427732,0.0233973906086268,0.0235225139027741,0.0235933601406926,0.0235996754201836,0.0235382821811764,0.023413775928138,0.0232385865576542,0.0230323135061116,0.0228202244535439,0.0226308369148518,0.0224926238082608,0.0224301183906782,0.0224599939796876,0.0225879202957783,0.0228069741560648,0.0230980337352213,0.0234320479195487,0.0237736188165691,0.0240851709824559,0.0243311079660484,0.0244816284105509,0.0245161331668508,0.0244263166748972,0.024219078446234,0.0239193046117025,0.023572315895048,0.0232452853154335,0.0230261832930298,0.0230181186036839,0.0233272785739242,0.0240453184399553,0.0252316050536732,0.0269032395171353,0.0290372468146,0.0315821802466612,0.0344724587836683,0.0376402790032358,0.0410234762427798,0.0445700123153143,NA,NA,NA,NA,NA,NA,NA,NA,NA,NA,NA,NA,NA,NA,NA,NA,NA,NA,NA,NA,NA,NA,NA,NA,NA,NA,NA,NA,NA,NA,NA,NA,NA,NA,NA,NA,NA,NA,NA,NA,NA,NA,NA,NA,NA,NA,NA,NA,NA,NA,NA,NA,NA,NA,NA,NA,NA,NA,NA,NA,NA,NA,NA,NA,NA,NA,NA,NA,NA,NA,NA,NA,NA,NA,NA,NA,NA,NA,NA,NA,NA,NA,NA,NA,NA,NA,NA,NA
0.0446597754960834,0.041101695446271,0.0377064998703505,0.0345262255556235,0.0316231792976541,0.0290655505028721,0.0269196345200659,0.0252379201732884,0.0240445848324516,0.0233235513484896,0.0230159426181652,0.0230299049230375,0.0232584792671938,0.0235974629165427,0.0239576905429099,0.0242708193880725,0.0244904351874259,0.0245906534698411,0.02456369065959,0.0244171183748882,0.0241710105640927,0.0238549317508432,0.0235046200313055,0.0231582492477062,0.022852304183686,0.0226173574665028,0.022474323790192,0.022431932759151,0.0224860431101418,0.022620990100153,0.0228126001229819,0.0230321089897123,0.0232501516479129,0.0234402003729783,0.0235811370322893,0.0236588983215817,0.0236672710685383,0.0236079530725139,0.0234899768598858,0.0233285602223706,0.0231434286531248,0.0229566713438314,0.0227902546792723,0.0226634186359453,0.0225902896285005,0.0225781011185701,0.0226263637121879,0.0227271539804532,0.0228664474228099,0.0230262024610246,0.0231867908933952,0.0233293853439953,0.0234380149936454,0.0235011248267178,0.0235125741812328,0.0234720702163851,0.0233850565061862,0.0232620826365901,0.0231176858635379,0.0229688366167274,0.022833045997699,0.0227263044111808,0.0226610984055588,0.0226448033169592,0.022678733880476,0.0227580347786635,0.0228724289035512,0.0230076691653524,0.0231474211136128,0.0232752698816195,0.0233765859141227,0.0234400633327101,0.0234588253030973,0.0234310502282899,0.0233601064516517,0.0232541989513901,0.0231255422954327,0.0229890936977057,0.0228609190587114,0.0227563262175589,0.0226879727966737,0.0226642148896425,0.0226879727966836,0.0227563262175762,0.022860919058731,0.0229890936977211,0.0231255422954378,0.0232541989513803,0.0233601064516255,0.0234310502282477,0.0234588253030433,0.0234400633326506,0.0233765859140649,0.02327526988157,0.0231474211135774,0.0230076691653332,0.022872428903547,0.0227580347786702,0.0226787338804872,0.0226448033169684,0.0226610984055614,0.0227263044111745,0.0228330459976864,0.0229688366167129,0.023117685863528,0.02326208263659,0.0233850565061984,0.0234720702164123,0.0235125741812716,0.023501124826765,0.0234380149936933,0.0233293853440385,0.023186790893428,0.0230262024610444,0.0228664474228168,0.02272715398045,0.0226263637121799,0.0225781011185604,0.0225902896284922,0.0226634186359418,0.0227902546792747,0.0229566713438394,0.0231434286531386,0.0233285602223886,0.0234899768599076,0.0236079530725387,0.0236672710685635,0.0236588983216037,0.0235811370323065,0.0234402003729845,0.0232501516479067,0.023032108989692,0.0228126001229486,0.022620990100109,0.0224860431100942,0.0224319327591063,0.0224743237901567,0.0226173574664814,0.0228523041836784,0.0231582492477076,0.0235046200313117,0.023854931750847,0.0241710105640855,0.0244171183748657,0.02456369065955,0.0245906534697879,0.0244904351873651,0.0242708193880117,0.0239576905428596,0.023597462916506,0.0232584792671775,0.0230299049230432,0.0230159426181866,0.023323551348518,0.0240445848324771,0.0252379201733029,0.0269196345200673,0.0290655505028648,0.0316231792976451,0.0345262255556233,0.0377064998703679,0.0411016954463117,0.0446597754961566,NA,NA,NA,NA,NA,NA,NA,NA,NA,NA,NA,NA,NA,NA,NA,NA,NA,NA,NA,NA,NA,NA,NA,NA,NA,NA,NA,NA,NA,NA,NA,NA,NA,NA,NA,NA,NA,NA,NA,NA,NA,NA,NA,NA,NA,NA,NA,NA,NA,NA,NA,NA,NA,NA,NA,NA,NA,NA,NA,NA,NA,NA,NA,NA,NA,NA,NA,NA,NA,NA,NA,NA,NA,NA,NA,NA,NA,NA,NA,NA,NA,NA,NA,NA,NA,NA,NA
0.0446413543943911,0.0410833987393185,0.0376872812202508,0.034504792569084,0.0315980722261662,0.0290353408992032,0.0268832563142972,0.0251950859942509,0.023996143509676,0.0232715846676501,0.0229634901107027,0.0229804190400037,0.0232152493770368,0.0235631878607996,0.02393423504779,0.0242591022848744,0.0244903899223278,0.0246012285219708,0.024582884501101,0.0244420607516043,0.02419811044618,0.0238801139888187,0.0235236662190812,0.0231672398577971,0.0228481263283575,0.0225982008398059,0.0224400541665414,0.0223842333334408,0.02242826347521,0.0225577250589768,0.0227490944570922,0.0229736137427294,0.0232013383455504,0.0234046956390715,0.0235611988582835,0.0236552310360794,0.0236789689592854,0.0236325660188779,0.0235236979437341,0.0233665392221208,0.0231802119613182,0.0229867547117628,0.0228087093988271,0.022666518898215,0.0225760409491387,0.0225465637829044,0.0225796933923497,0.0226693404211191,0.0228027998331929,0.0229626795470921,0.023129288330173,0.0232830771271392,0.0234068133890808,0.0234872928753229,0.0235165039457094,0.0234922302805885,0.023418109888203,0.0233031756819995,0.023160904201697,0.0230078112301246,0.0228616686954385,0.0227394801741721,0.0226554316468459,0.0226191010659837,0.0226342250547889,0.0226982537742099,0.0228027799077761,0.0229347502014832,0.0230782224875204,0.0232163639286248,0.0233334025809435,0.0234163147377411,0.0234561148782447,0.0234486841983406,0.0233951166427603,0.0233015817619342,0.0231787130849975,0.0230405429416273,0.0229030323611176,0.022782295139172,0.0226926851033901,0.0226449864458134,0.0226449864458205,0.0226926851034099,0.0227822951391989,0.0229030323611431,0.0230405429416423,0.0231787130849949,0.0233015817619094,0.0233951166427134,0.0234486841982751,0.023456114878168,0.0234163147376614,0.0233334025808705,0.0232163639285659,0.0230782224874813,0.0229347502014661,0.0228027799077769,0.0226982537742218,0.0226342250548035,0.0226191010659929,0.0226554316468439,0.0227394801741588,0.0228616686954179,0.0230078112301024,0.0231609042016806,0.0233031756819964,0.0234181098882171,0.0234922302806211,0.0235165039457573,0.0234872928753822,0.0234068133891422,0.023283077127195,0.0231292883302173,0.022962679547121,0.022802799833206,0.0226693404211196,0.0225796933923426,0.0225465637828944,0.0225760409491313,0.0226665188982133,0.0228087093988339,0.0229867547117781,0.0231802119613422,0.0233665392221507,0.0235236979437682,0.0236325660189144,0.0236789689593208,0.0236552310361075,0.0235611988583008,0.0234046956390747,0.0232013383455344,0.0229736137426962,0.0227490944570455,0.0225577250589198,0.0224282634751526,0.0223842333333898,0.0224400541665039,0.022598200839785,0.022848126328352,0.0231672398577994,0.0235236662190865,0.0238801139888184,0.0241981104461662,0.0244420607515727,0.0245828845010499,0.0246012285219053,0.0244903899222561,0.0242591022848046,0.0239342350477309,0.023563187860764,0.0232152493770215,0.0229804190400118,0.0229634901107263,0.0232715846676815,0.0239961435097032,0.0251950859942673,0.0268832563142997,0.0290353408991964,0.0315980722261593,0.0345047925690861,0.0376872812202752,0.0410833987393717,0.0446413543944796,NA,NA,NA,NA,NA,NA,NA,NA,NA,NA,NA,NA,NA,NA,NA,NA,NA,NA,NA,NA,NA,NA,NA,NA,NA,NA,NA,NA,NA,NA,NA,NA,NA,NA,NA,NA,NA,NA,NA,NA,NA,NA,NA,NA,NA,NA,NA,NA,NA,NA,NA,NA,NA,NA,NA,NA,NA,NA,NA,NA,NA,NA,NA,NA,NA,NA,NA,NA,NA,NA,NA,NA,NA,NA,NA,NA,NA,NA,NA,NA,NA,NA,NA,NA,NA,NA
0.0444601820120145,0.0409263094511503,0.0375519592371636,0.0343880747325163,0.0314958494191958,0.0289426232010826,0.0267944931063343,0.0251048049550713,0.0238998399987546,0.0231665810711536,0.0228493814012232,0.0228589070148859,0.0230895110841433,0.0234370993310605,0.0238116921000476,0.0241435184277564,0.0243843519922732,0.0245062674561605,0.0244993322079887,0.0243689850496903,0.0241333375319077,0.0238203592909977,0.0234647977559498,0.023104688951677,0.0227774335218645,0.0225156399192815,0.0223432271513427,0.0222725014321615,0.0223029004807489,0.0224217521705309,0.0226068455000632,0.0228301414323634,0.0230617828512603,0.023273707653079,0.0234424681339686,0.0235511391753514,0.0235903691473559,0.0235586895374295,0.0234621913432179,0.0233136408348032,0.0231310766068122,0.0229359262455458,0.0227507190016039,0.0225965538046754,0.0224905923265159,0.0224439400065594,0.0224602931334256,0.0225356244595343,0.0226589676934497,0.0228141198647815,0.0229819068312267,0.0231426069550525,0.0232781897478214,0.0233741441633495,0.0234207872349632,0.0234140248959544,0.0233555775905086,0.0232526950570702,0.0231173848129856,0.0229651845496782,0.0228135337844437,0.0226798520348323,0.0225795048093606,0.0225239131931005,0.0225191013493966,0.0225649431041868,0.0226552531597344,0.0227787002228707,0.0229203581100123,0.0230636126532264,0.0231921284785806,0.0232916325861852,0.0233513531156715,0.0233650274537539,0.0233314461309287,0.0232545263321785,0.0231429200863092,0.02300917025471,0.0228684454448656,0.0227369229257704,0.0226299489269559,0.0225601778270736,0.0225359499394992,0.0225601778270857,0.0226299489269766,0.0227369229257939,0.022868445444884,0.0230091702547161,0.0231429200862985,0.0232545263321482,0.0233314461308812,0.0233650274536929,0.0233513531156034,0.0232916325861184,0.023192128478522,0.0230636126531823,0.0229203581099859,0.0227787002228613,0.0226552531597383,0.0225649431041977,0.0225191013494074,0.0225239131931047,0.0225795048093562,0.0226798520348184,0.0228135337844244,0.0229651845496588,0.0231173848129721,0.0232526950570673,0.023355577590521,0.0234140248959824,0.023420787235005,0.0233741441633988,0.0232781897478731,0.0231426069550994,0.0229819068312637,0.022814119864806,0.0226589676934624,0.0225356244595361,0.0224602931334208,0.0224439400065531,0.022490592326511,0.0225965538046765,0.0227507190016117,0.0229359262455617,0.0231310766068344,0.0233136408348311,0.0234621913432481,0.0235586895374598,0.0235903691473828,0.0235511391753712,0.0234424681339763,0.023273707653074,0.0230617828512405,0.0228301414323308,0.0226068455000207,0.0224217521704843,0.0223029004807054,0.0222725014321247,0.022343227151317,0.0225156399192682,0.0227774335218618,0.0231046889516783,0.0234647977559526,0.0238203592909934,0.0241333375318919,0.0243689850496606,0.0244993322079478,0.0245062674561118,0.0243843519922207,0.0241435184277052,0.0238116921000071,0.0234370993310356,0.0230895110841361,0.0228589070148954,0.0228493814012429,0.0231665810711774,0.0238998399987741,0.0251048049550821,0.026794493106336,0.0289426232010777,0.031495849419192,0.0343880747325201,0.0375519592371832,0.0409263094511929,0.0444601820120808,NA,NA,NA,NA,NA,NA,NA,NA,NA,NA,NA,NA,NA,NA,NA,NA,NA,NA,NA,NA,NA,NA,NA,NA,NA,NA,NA,NA,NA,NA,NA,NA,NA,NA,NA,NA,NA,NA,NA,NA,NA,NA,NA,NA,NA,NA,NA,NA,NA,NA,NA,NA,NA,NA,NA,NA,NA,NA,NA,NA,NA,NA,NA,NA,NA,NA,NA,NA,NA,NA,NA,NA,NA,NA,NA,NA,NA,NA,NA,NA,NA,NA,NA,NA,NA
0.044258372148266,0.0407609691168036,0.0374200632493936,0.0342853390441315,0.0314164933619654,0.0288793193822904,0.0267386577848267,0.0250473856234209,0.023832604090958,0.0230835765056241,0.0227479669184095,0.0227398952028222,0.0229564777587385,0.023295298512426,0.0236670022907105,0.0240016187810641,0.0242501419579589,0.0243834730393321,0.0243902437330026,0.0242742968724578,0.0240520863770695,0.0237499781474277,0.0234013142586651,0.0230430967302078,0.0227122453218957,0.022441587886601,0.0222560157055828,0.0221694672797506,0.0221834277281357,0.0222873460824549,0.022460864721609,0.0226772761349904,0.0229074063012289,0.023123217865212,0.023300698391492,0.0234218777188582,0.0234760033305319,0.0234599797921847,0.0233781806694621,0.0232417100717594,0.0230671585846595,0.0228748875451056,0.0226869017515928,0.0225244399830355,0.0224055142805783,0.0223427270832971,0.0223417342771658,0.0224006533915572,0.0225105364138749,0.0226567951294307,0.0228212756917698,0.0229845962800771,0.0231283939809925,0.0232372298284505,0.0233000164936742,0.0233109221032046,0.0232697537600124,0.0231818425703361,0.0230574537287111,0.022910747061694,0.0227583297447487,0.0226174831727134,0.0225042103878239,0.0224313246352185,0.0224068533056601,0.0224330283753084,0.022506052929691,0.0226166867449912,0.0227515305841699,0.0228947671443828,0.0230300716300232,0.0231424334449569,0.0232197014320277,0.0232537424897182,0.0232411634943013,0.0231835819728674,0.0230874468531544,0.0229634179003797,0.0228253237805077,0.0226887452129465,0.0225693175423169,0.0224809125828867,0.0224339251198433,0.0224339251198521,0.0224809125829097,0.0225693175423484,0.0226887452129764,0.0228253237805261,0.0229634179003784,0.0230874468531282,0.0231835819728161,0.0232411634942279,0.0232537424896306,0.0232197014319339,0.0231424334448685,0.0230300716299488,0.0228947671443285,0.0227515305841389,0.0226166867449815,0.0225060529296965,0.0224330283753208,0.0224068533056701,0.0224313246352196,0.0225042103878122,0.0226174831726894,0.0227583297447177,0.0229107470616626,0.0230574537286868,0.0231818425703269,0.0232697537600241,0.0233109221032377,0.0233000164937272,0.0232372298285177,0.0231283939810651,0.0229845962801477,0.0228212756918288,0.0226567951294744,0.0225105364139006,0.0224006533915671,0.022341734277165,0.0223427270832914,0.0224055142805745,0.0225244399830388,0.0226869017516086,0.0228748875451341,0.0230671585847009,0.0232417100718098,0.0233781806695146,0.0234599797922359,0.023476003330573,0.0234218777188823,0.0233006983914949,0.0231232178651908,0.0229074063011859,0.0226772761349291,0.022460864721538,0.022287346082382,0.0221834277280699,0.022169467279699,0.0222560157055487,0.0224415878865846,0.022712245321892,0.0230430967302098,0.0234013142586656,0.0237499781474172,0.0240520863770431,0.0242742968724162,0.0243902437329454,0.024383473039265,0.0242501419578892,0.0240016187810016,0.0236670022906633,0.0232952985123975,0.0229564777587341,0.0227398952028386,0.0227479669184382,0.0230835765056574,0.0238326040909854,0.0250473856234362,0.0267386577848285,0.0288793193822833,0.0314164933619585,0.0342853390441353,0.0374200632494166,0.0407609691168555,0.0442583721483539,NA,NA,NA,NA,NA,NA,NA,NA,NA,NA,NA,NA,NA,NA,NA,NA,NA,NA,NA,NA,NA,NA,NA,NA,NA,NA,NA,NA,NA,NA,NA,NA,NA,NA,NA,NA,NA,NA,NA,NA,NA,NA,NA,NA,NA,NA,NA,NA,NA,NA,NA,NA,NA,NA,NA,NA,NA,NA,NA,NA,NA,NA,NA,NA,NA,NA,NA,NA,NA,NA,NA,NA,NA,NA,NA,NA,NA,NA,NA,NA,NA,NA,NA,NA
0.04410014124505,0.0406234700559063,0.0373012194974823,0.0341823322765372,0.0313256842330897,0.0287963139385877,0.0266585969802149,0.0249655110166154,0.0237450394307062,0.0229880829053579,0.0226443364079481,0.022629803187151,0.0228429158314021,0.0231818725350779,0.0235573164818319,0.023898821291101,0.0241566148277225,0.0243006265626938,0.0243183871982814,0.0242125769574716,0.0239985006619766,0.023701482077094,0.0233540440989252,0.0229927251809262,0.0226544655947059,0.022372684330673,0.0221734326622636,0.0220722547517549,0.0220724493665091,0.0221651914490225,0.0223314909157859,0.0225454714389081,0.0227781913165527,0.0230012801283242,0.0231899182335831,0.0233249690202414,0.0233942731607537,0.0233932051027275,0.0233246028297485,0.0231981532825851,0.0230292810426342,0.022837570244238,0.0226447653515878,0.0224724540829549,0.0223396300272391,0.0222604351143723,0.0222424419988397,0.0222858003568539,0.0223834208373706,0.0225221483196539,0.0226846690190543,0.0228517822635816,0.02300467146431,0.0231268967542535,0.0232059469682502,0.023234285666774,0.0232098856176361,0.0231362711906728,0.0230220920507265,0.0228802505428433,0.0227266140719629,0.0225783737711142,0.0224521659020734,0.0223621444629969,0.0223182582296367,0.0223250076832186,0.0223809075914884,0.0224787579070459,0.0226066649684599,0.0227496140418482,0.0228913193633322,0.0230160804715027,0.0231104314911514,0.0231644472213521,0.0231726372490168,0.0231344035172515,0.0230540585801393,0.0229404101092541,0.0228059240855301,0.0226654963190441,0.0225348982380957,0.022429019907562,0.0223601006496314,0.0223361912997107,0.0223601006496455,0.0224290199075861,0.022534898238123,0.0226654963190652,0.022805924085538,0.0229404101092429,0.0230540585801062,0.0231344035171976,0.0231726372489464,0.0231644472212728,0.0231104314910712,0.0230160804714302,0.0228913193632741,0.0227496140418089,0.0226066649684404,0.0224787579070423,0.0223809075914952,0.0223250076832286,0.022318258229643,0.0223621444629935,0.0224521659020585,0.0225783737710904,0.0227266140719333,0.0228802505428151,0.0230220920507066,0.023136271190668,0.0232098856176492,0.0232342856668076,0.0232059469683014,0.0231268967543156,0.0230046714643771,0.0228517822636452,0.0226846690191076,0.0225221483196924,0.0223834208373928,0.0222858003568623,0.022242441998838,0.0222604351143669,0.0223396300272369,0.0224724540829605,0.0226447653516042,0.0228375702442669,0.0230292810426734,0.0231981532826292,0.0233246028297939,0.0233932051027666,0.0233942731607815,0.0233249690202515,0.023189918233574,0.0230012801282937,0.0227781913165069,0.0225454714388491,0.0223314909157233,0.0221651914489616,0.0220724493664561,0.0220722547517153,0.0221734326622396,0.0223726843306632,0.0226544655947053,0.022992725180929,0.0233540440989246,0.0237014820770852,0.0239985006619561,0.0242125769574393,0.024318387198238,0.0243006265626433,0.024156614827673,0.0238988212910584,0.0235573164818038,0.023181872535065,0.0228429158314094,0.02262980318717,0.0226443364079765,0.0229880829053868,0.0237450394307292,0.0249655110166284,0.0266585969802173,0.0287963139385827,0.0313256842330838,0.0341823322765387,0.0373012194975007,0.0406234700559464,0.0441001412451153,NA,NA,NA,NA,NA,NA,NA,NA,NA,NA,NA,NA,NA,NA,NA,NA,NA,NA,NA,NA,NA,NA,NA,NA,NA,NA,NA,NA,NA,NA,NA,NA,NA,NA,NA,NA,NA,NA,NA,NA,NA,NA,NA,NA,NA,NA,NA,NA,NA,NA,NA,NA,NA,NA,NA,NA,NA,NA,NA,NA,NA,NA,NA,NA,NA,NA,NA,NA,NA,NA,NA,NA,NA,NA,NA,NA,NA,NA,NA,NA,NA,NA,NA
0.0439036555905264,0.0404553336345322,0.0371589691437599,0.0340625627128486,0.0312239022348567,0.0287069472088111,0.0265752618040013,0.0248816339811328,0.0236548106725137,0.0228874869728233,0.0225318348086097,0.0225063659662779,0.0227114647335677,0.0230464605808888,0.0234223467124832,0.0237684400665403,0.0240342838823538,0.0241888310112846,0.0242184408747961,0.0241245064634086,0.0239210090198632,0.0236320075513607,0.0232889380665562,0.0229275717548644,0.0225845496942774,0.0222935800946829,0.0220816351870393,0.0219657345099225,0.0219509993324217,0.0220304798753736,0.0221868140935679,0.0223952798408699,0.0226275023627805,0.0228550841617254,0.0230526504437018,0.0232000836620687,0.0232839318954806,0.0232980810671294,0.0232438020370252,0.0231292595575269,0.0229685347512727,0.0227801899625136,0.0225854111457625,0.0224058087022817,0.022261041921164,0.0221665339258912,0.0221316187312691,0.02215845572827,0.0222419295445214,0.0223705495419065,0.022528149497617,0.022696047766458,0.0228553014248255,0.0229887556390927,0.0230826992480561,0.0231280398263837,0.0231209803745615,0.0230632127148856,0.0229616506063624,0.0228277238324603,0.022676257891879,0.0225239845619142,0.0223877733214511,0.0222827393513362,0.0222204529750232,0.0222075166891653,0.0222447563868247,0.0223271792099443,0.022444702871563,0.0225835108043621,0.0227277866151338,0.0228615555043855,0.0229703991980379,0.023042882407341,0.0230716004273533,0.0230538099509316,0.0229916343023035,0.0228918460989983,0.0227652355499759,0.0226255828837051,0.0224882788748575,0.0223686834399089,0.0222803748647014,0.0222335043985678,0.0222335043985645,0.0222803748646922,0.022368683439896,0.0224882788748445,0.0226255828836956,0.0227652355499739,0.0228918460990066,0.0229916343023223,0.0230538099509604,0.0230716004273895,0.0230428824073808,0.0229703991980768,0.0228615555044201,0.0227277866151605,0.0225835108043797,0.022444702871571,0.022327179209945,0.0222447563868213,0.0222075166891612,0.0222204529750217,0.0222827393513398,0.02238777332146,0.0225239845619287,0.0226762578918959,0.0228277238324767,0.0229616506063752,0.0230632127148914,0.0231209803745586,0.0231280398263711,0.0230826992480354,0.0229887556390654,0.022855301424794,0.0226960477664266,0.022528149497588,0.0223705495418837,0.0222419295445055,0.0221584557282621,0.0221316187312667,0.0221665339258918,0.0222610419211638,0.0224058087022778,0.022585411145752,0.0227801899624965,0.0229685347512479,0.0231292595574986,0.0232438020369958,0.0232980810671027,0.0232839318954624,0.0232000836620606,0.023052650443707,0.0228550841617416,0.0226275023628062,0.0223952798409031,0.0221868140936029,0.022030479875408,0.0219509993324496,0.0219657345099426,0.0220816351870507,0.0222935800946864,0.0225845496942777,0.0229275717548637,0.0232889380665587,0.0236320075513688,0.0239210090198776,0.0241245064634312,0.024218440874822,0.0241888310113128,0.024034283882382,0.0237684400665628,0.0234223467124981,0.023046460580894,0.0227114647335619,0.0225063659662666,0.0225318348085948,0.0228874869728074,0.0236548106725013,0.0248816339811277,0.0265752618040013,0.0287069472088147,0.0312239022348586,0.0340625627128469,0.0371589691437496,0.0404553336345124,0.0439036555904967,NA,NA,NA,NA,NA,NA,NA,NA,NA,NA,NA,NA,NA,NA,NA,NA,NA,NA,NA,NA,NA,NA,NA,NA,NA,NA,NA,NA,NA,NA,NA,NA,NA,NA,NA,NA,NA,NA,NA,NA,NA,NA,NA,NA,NA,NA,NA,NA,NA,NA,NA,NA,NA,NA,NA,NA,NA,NA,NA,NA,NA,NA,NA,NA,NA,NA,NA,NA,NA,NA,NA,NA,NA,NA,NA,NA,NA,NA,NA,NA,NA,NA
0.0437576760317899,0.0403401670298774,0.0370719742846403,0.0339999951357081,0.031180701763867,0.02867668406614,0.0265503729979226,0.024854091457106,0.0236172429745242,0.0228344927955584,0.0224609653005657,0.0224183342863005,0.0226095770565554,0.0229356412579088,0.0233081593988048,0.0236563115118004,0.0239289570593441,0.0240939971303448,0.0241364952558046,0.0240563952326594,0.0238661580238817,0.0235883444505655,0.023253031650979,0.0228949165648473,0.0225500136698616,0.0222520025117681,0.022028512557134,0.0218978792134311,0.0218670293305107,0.0219310238142759,0.0220743915992971,0.0222739054077259,0.0225021195461085,0.0227309462899766,0.0229347373263243,0.0230926060502761,0.0231899455333261,0.0232192164102848,0.0231801119789412,0.0230791906247835,0.0229290319434814,0.0227469468810402,0.0225532707067052,0.0223693019403513,0.0222150228315591,0.0221068331327876,0.0220556117655913,0.0220654393990192,0.0221332311779695,0.0222493510659048,0.0223990692953061,0.0225645646868093,0.0227271167752443,0.0228691756233476,0.0229760957239506,0.0230374239014943,0.0230477077229042,0.0230068322816524,0.0229199067806458,0.0227967219239477,0.0226507991404927,0.0224980655785732,0.0223552231561258,0.0222379366749381,0.022159033696426,0.0221269619819486,0.0221447562370312,0.0222097025014465,0.0223137626391773,0.0224446723431658,0.0225875064906647,0.0227264519799838,0.0228465434144682,0.022935176650561,0.0229832865803402,0.0229861344551588,0.0229436869978763,0.0228605867712528,0.0227457195050802,0.0226113902748769,0.022472137059625,0.0223432448242135,0.0222390767764813,0.0221714018024755,0.0221479458653367,0.02217140180241,0.0222390767763657,0.0223432448240777,0.0224721370595073,0.0226113902748173,0.0227457195051113,0.022860586771393,0.0229436869981243,0.0229861344554947,0.0229832865807298,0.0229351766509624,0.0228465434148384,0.0227264519802869,0.0225875064908785,0.022444672343284,0.0223137626392116,0.0222097025014228,0.0221447562369834,0.0221269619819122,0.0221590336964287,0.022237936674994,0.0223552231562349,0.0224980655787196,0.0226507991406495,0.0227967219240847,0.0229199067807333,0.023006832281666,0.0230477077228318,0.0230374239013366,0.0229760957237204,0.0228691756230687,0.022727116774949,0.0225645646865293,0.0223990692950706,0.0222493510657326,0.022133231177866,0.0220654393989774,0.0220556117655912,0.0221068331328016,0.0222150228315569,0.022369301940307,0.0225532707066035,0.0227469468808804,0.0229290319432759,0.0230791906245537,0.0231801119787159,0.023219216410093,0.0231899455331935,0.0230926060502211,0.0229347373263598,0.0227309462901009,0.0225021195463097,0.0222739054079787,0.0220743915995701,0.021931023814535,0.0218670293307236,0.0218978792135816,0.0220285125572177,0.0222520025117971,0.0225500136698582,0.0228949165648389,0.0232530316509927,0.0235883444506198,0.023866158023989,0.0240563952328164,0.0241364952560033,0.0240939971305626,0.023928957059561,0.0236563115119901,0.0233081593989428,0.0229356412579787,0.0226095770565492,0.0224183342862319,0.0224609653004611,0.0228344927954502,0.0236172429744411,0.0248540914570658,0.026550372997924,0.0286766840661641,0.0311807017638886,0.0339999951356954,0.0370719742845658,0.0403401670297204,0.043757676031533,NA,NA,NA,NA,NA,NA,NA,NA,NA,NA,NA,NA,NA,NA,NA,NA,NA,NA,NA,NA,NA,NA,NA,NA,NA,NA,NA,NA,NA,NA,NA,NA,NA,NA,NA,NA,NA,NA,NA,NA,NA,NA,NA,NA,NA,NA,NA,NA,NA,NA,NA,NA,NA,NA,NA,NA,NA,NA,NA,NA,NA,NA,NA,NA,NA,NA,NA,NA,NA,NA,NA,NA,NA,NA,NA,NA,NA,NA,NA,NA,NA
0.0436292053333016,0.0402372109529043,0.0369922212535408,0.0339402044689296,0.0311365415241254,0.028642711088695,0.0265202617695458,0.0248212205787738,0.0235756438557826,0.0227799330976358,0.022391733954287,0.0223353727851325,0.0225159646719323,0.0228357514781205,0.0232068237931321,0.0235581613405215,0.0238379618734695,0.024013156044227,0.0240676341750564,0.024000042886691,0.0238214947753774,0.0235532344969061,0.0232241601042917,0.0228680558699475,0.0225204343201876,0.022215016095109,0.0219800914210751,0.0218352497949892,0.0217891114358562,0.0218386096893429,0.0219700258563429,0.0221615083903406,0.0223864524303054,0.0226170270464066,0.0228272925496635,0.0229956079195154,0.0231062541162638,0.0231503318585515,0.0231260371659011,0.0230384076155459,0.0228986003962235,0.0227227346311714,0.0225303222518073,0.0223423358790876,0.0221790235911735,0.0220576700434601,0.0219905912269636,0.0219836889159072,0.0220358377859455,0.0221392272539949,0.0222805782300049,0.0224429805493534,0.0226080122876837,0.0227578195161992,0.0228769200260639,0.0229535972100768,0.0229808335888099,0.0229567832228329,0.0228848020816142,0.0227730574339585,0.0226337353768053,0.0224818723621967,0.0223338616969989,0.0222057334326922,0.0221113696452469,0.0220608771095823,0.0220593656374882,0.0221063456033119,0.0221958569854016,0.0223173014023102,0.0224568168182442,0.0225989557194853,0.022728417625241,0.022831630950992,0.0228980469711143,0.0229210722278837,0.0228986103227764,0.0228332076736183,0.0227318068577307,0.0226051154764442,0.0224666085015639,0.0223312066058789,0.0222137163573352,0.0221271761617462,0.022081308498778,0.022081308498765,0.0221271761617107,0.0222137163572859,0.0223312066058279,0.0224666085015266,0.0226051154764348,0.022731806857759,0.0228332076736891,0.0228986103228857,0.0229210722280228,0.022898046971269,0.0228316309511454,0.0227284176253773,0.0225989557195921,0.0224568168183151,0.0223173014023442,0.0221958569854061,0.0221063456032985,0.0220593656374705,0.0220608771095734,0.0221113696452554,0.0222057334327213,0.0223338616970459,0.0224818723622543,0.0226337353768627,0.0227730574340052,0.0228848020816388,0.0229567832228291,0.0229808335887748,0.0229535972100119,0.0228769200259746,0.0227578195160946,0.0226080122875747,0.0224429805492514,0.0222805782299189,0.0221392272539316,0.0220358377859071,0.0219836889158911,0.0219905912269625,0.0220576700434635,0.0221790235911693,0.0223423358790656,0.0225303222517607,0.0227227346310999,0.0228986003961321,0.0230384076154428,0.0231260371658001,0.0231503318584668,0.0231062541162065,0.0229956079194956,0.0228272925496847,0.0226170270464686,0.0223864524304009,0.022161508390456,0.021970025856464,0.0218386096894529,0.0217891114359437,0.0218352497950486,0.0219800914211062,0.022215016095119,0.0225204343201852,0.0228680558699451,0.0232241601043004,0.0235532344969326,0.0238214947754238,0.0240000428867582,0.0240676341751393,0.0240131560443188,0.0238379618735619,0.0235581613406005,0.0232068237931872,0.0228357514781455,0.0225159646719287,0.0223353727851026,0.022391733954242,0.0227799330975875,0.023575643855747,0.024821220578757,0.0265202617695464,0.0286427110887061,0.0311365415241353,0.0339402044689254,0.0369922212535072,0.0402372109528349,0.0436292053331889,NA,NA,NA,NA,NA,NA,NA,NA,NA,NA,NA,NA,NA,NA,NA,NA,NA,NA,NA,NA,NA,NA,NA,NA,NA,NA,NA,NA,NA,NA,NA,NA,NA,NA,NA,NA,NA,NA,NA,NA,NA,NA,NA,NA,NA,NA,NA,NA,NA,NA,NA,NA,NA,NA,NA,NA,NA,NA,NA,NA,NA,NA,NA,NA,NA,NA,NA,NA,NA,NA,NA,NA,NA,NA,NA,NA,NA,NA,NA,NA
0.0435252114067349,0.0401532171414942,0.0369262404725857,0.033889484426355,0.0310974491252916,0.0286107445322634,0.0264902752392038,0.0247879412939974,0.0235344691866801,0.0227278061133984,0.0223277403502232,0.0222607833382966,0.0224337518788844,0.0227498554175095,0.0231214450016049,0.0234772143531361,0.0237646980003723,0.0239499144327596,0.0240156812927233,0.0239594787084649,0.0237912223868436,0.0235310039161756,0.0232067060357735,0.022851351067612,0.0225000712851057,0.0221867055792406,0.0219402270119349,0.0217814451641847,0.021720593701626,0.0217563708719538,0.0218766954859984,0.022060986336786,0.0222833944521647,0.0225162869747629,0.0227334024735881,0.0229123431799355,0.0230363013669996,0.0230950628588983,0.0230853868810897,0.0230108579552122,0.0228812757577631,0.0227116182151128,0.0225205991250794,0.0223288567200358,0.022156860612325,0.0220227069108551,0.0219400614840364,0.0219165666625778,0.0219530015445525,0.0220433624396623,0.0221758399754585,0.0223344847695854,0.0225012436466905,0.0226580395947505,0.0227886378733981,0.022880140401324,0.0229240394763865,0.0229168199772842,0.02286012587706,0.0227605122581975,0.0226288013325996,0.0224790629179788,0.0223272568504729,0.0221896130891596,0.0220808828908181,0.0220126572708489,0.0219919906395951,0.0220205584826499,0.0220945029701444,0.0222049934162691,0.0223393910629306,0.022482807335257,0.0226198090917909,0.022736049775061,0.0228196659029586,0.0228623443750752,0.0228600177455204,0.0228131753977051,0.0227267918882706,0.0226098781275589,0.0224746665920161,0.0223354578507614,0.022207188925489,0.0221038347466327,0.0220368124353525,0.022013603255717,0.0220368124353592,0.0221038347466435,0.0222071889254999,0.022335457850767,0.022474666592013,0.0226098781275439,0.022726791888244,0.0228131753976687,0.0228600177454781,0.022862344375032,0.0228196659029203,0.0227360497750319,0.0226198090917733,0.022482807335251,0.0223393910629355,0.0222049934162809,0.0220945029701586,0.0220205584826637,0.0219919906396043,0.0220126572708511,0.0220808828908129,0.0221896130891491,0.0223272568504609,0.0224790629179697,0.0226288013325978,0.0227605122582065,0.0228601258770806,0.0229168199773169,0.0229240394764275,0.0228801404013688,0.022788637873441,0.0226580395947877,0.022501243646715,0.0223344847695974,0.0221758399754578,0.0220433624396521,0.0219530015445375,0.021916566662563,0.0219400614840265,0.0220227069108526,0.0221568606123285,0.0223288567200423,0.0225205991250855,0.0227116182151123,0.022881275757755,0.0230108579551922,0.0230853868810603,0.0230950628588597,0.0230363013669583,0.0229123431798952,0.022733402473555,0.0225162869747402,0.0222833944521565,0.0220609863367896,0.0218766954860121,0.0217563708719734,0.0217205937016458,0.0217814451642025,0.0219402270119462,0.0221867055792437,0.022500071285103,0.0228513510676059,0.0232067060357674,0.0235310039161734,0.023791222386845,0.023959478708474,0.0240156812927386,0.0239499144327817,0.0237646980003996,0.0234772143531616,0.0231214450016286,0.0227498554175273,0.0224337518788925,0.0222607833382982,0.0223277403502184,0.0227278061133902,0.0235344691866728,0.0247879412939931,0.0264902752392041,0.0286107445322675,0.0310974491252936,0.033889484426357,0.0369262404725785,0.0401532171414785,0.0435252114067068,NA,NA,NA,NA,NA,NA,NA,NA,NA,NA,NA,NA,NA,NA,NA,NA,NA,NA,NA,NA,NA,NA,NA,NA,NA,NA,NA,NA,NA,NA,NA,NA,NA,NA,NA,NA,NA,NA,NA,NA,NA,NA,NA,NA,NA,NA,NA,NA,NA,NA,NA,NA,NA,NA,NA,NA,NA,NA,NA,NA,NA,NA,NA,NA,NA,NA,NA,NA,NA,NA,NA,NA,NA,NA,NA,NA,NA,NA,NA
0.0433903276650067,0.0400378687199913,0.0368285283416388,0.0338068198037476,0.0310264628660167,0.0285473166484642,0.0264297561811131,0.0247256270608534,0.0234663081922824,0.0226511538394646,0.0222418538447501,0.022166828833941,0.0223343631729764,0.0226484856348288,0.02302174892077,0.0233825717018279,0.0236778819370396,0.0238728692811806,0.023949376213915,0.0239038203303434,0.0237450254382886,0.0234920310088707,0.0231717953134009,0.0228166519261904,0.0224614001291822,0.0221400114828031,0.0218821211168775,0.0217097075411713,0.0216345481527542,0.0216570330847596,0.0217666558341322,0.0219440610898819,0.0221641323341339,0.022399431379963,0.0226233891702596,0.0228128798080829,0.0229500465863852,0.0230234070908634,0.0230283321581058,0.0229669969608618,0.0228478750838755,0.0226848142763577,0.0224957135685789,0.0223008284072182,0.0221207715967754,0.0219743522614048,0.0218764851893512,0.0218364712409855,0.0218569496036284,0.0219337267068386,0.0220565121588192,0.0222104020244518,0.022377817302464,0.0225405702132591,0.022681782041875,0.0227874706138076,0.0228477186444442,0.0228574003972904,0.0228164781329964,0.0227298894615935,0.0226070444205867,0.0224609495218387,0.0223069860685863,0.0221613994762469,0.0220396066522793,0.0219544906954459,0.0219149045287255,0.0219246182383093,0.0219818964656704,0.0220797839756866,0.022207041257198,0.022349555100764,0.0224919884519169,0.0226194376506957,0.0227189146695061,0.0227805375908574,0.0227983702168218,0.0227708899586267,0.0227010820291149,0.0225961642057342,0.0224669494511832,0.022326863074286,0.0221906548584214,0.0220728883846513,0.0219863452798147,0.0219405359401243,0.0219405359401657,0.0219863452799292,0.0220728883848094,0.0221906548585802,0.022326863074397,0.0224669494512013,0.0225961642056282,0.0227010820288728,0.0227708899582613,0.0227983702163652,0.0227805375903574,0.0227189146690174,0.0226194376502712,0.0224919884515966,0.0223495551005684,0.0222070412571234,0.0220797839757062,0.0219818964657416,0.0219246182383858,0.0219149045287687,0.0219544906954348,0.0220396066522104,0.0221613994761345,0.022306986068455,0.02246094952172,0.0226070444205088,0.0227298894615794,0.0228164781330573,0.0228574003974238,0.0228477186446361,0.0227874706140359,0.0226817820421146,0.022540570213488,0.022377817302663,0.0222104020246101,0.0220565121589306,0.0219337267069043,0.0218569496036552,0.0218364712409866,0.0218764851893424,0.0219743522614027,0.0221207715967982,0.022300828407277,0.022495713568681,0.0226848142765024,0.0228478750840552,0.0229669969610616,0.0230283321583048,0.0230234070910349,0.0229500465865079,0.0228128798081347,0.0226233891702317,0.022399431379859,0.0221641323339669,0.0219440610896791,0.0217666558339197,0.0216570330845641,0.0216345481525982,0.0217097075410659,0.021882121116823,0.0221400114827907,0.0224614001291965,0.0228166519262153,0.0231717953134178,0.0234920310088616,0.023745025438241,0.0239038203302475,0.0239493762137715,0.0238728692809952,0.0236778819368323,0.023382571701625,0.0230217489205954,0.0226484856347101,0.0223343631729235,0.0221668288339524,0.0222418538448074,0.0226511538395398,0.0234663081923465,0.0247256270608853,0.0264297561811078,0.0285473166484338,0.0310264628659873,0.0338068198037496,0.0368285283417041,0.040037868720146,0.0433903276652682,NA,NA,NA,NA,NA,NA,NA,NA,NA,NA,NA,NA,NA,NA,NA,NA,NA,NA,NA,NA,NA,NA,NA,NA,NA,NA,NA,NA,NA,NA,NA,NA,NA,NA,NA,NA,NA,NA,NA,NA,NA,NA,NA,NA,NA,NA,NA,NA,NA,NA,NA,NA,NA,NA,NA,NA,NA,NA,NA,NA,NA,NA,NA,NA,NA,NA,NA,NA,NA,NA,NA,NA,NA,NA,NA,NA,NA,NA
0.0432288166857566,0.0398976360679106,0.0367076281747162,0.0337026077369836,0.0309355016061543,0.0284653990701949,0.0263521165367662,0.0246474033071398,0.023383238703316,0.0225603341811787,0.0221422525021074,0.0220593301659768,0.0222213605082247,0.0225332552140115,0.0229078399405402,0.0232733273895783,0.0235761009192839,0.023780574299375,0.0238676578968274,0.0238327388765844,0.0236835684947177,0.0234381379333269,0.0231224658092209,0.0227681593744664,0.0224096234302918,0.0220808796000336,0.0218121307354213,0.0216264342963471,0.0215370450237838,0.0215460177576187,0.0216444385483465,0.021814235395067,0.0220311081290538,0.0222679089294547,0.0224978566869083,0.02269718498272,0.0228470630820766,0.0229347994293433,0.0229544165692451,0.0229066975288959,0.0227987793648885,0.0226433366402209,0.0224573744667551,0.0222606504390487,0.0220737764317331,0.0219161169079915,0.0218036878694535,0.0217473379963106,0.0217515157291573,0.0218138578744113,0.0219256805555143,0.0220732637207457,0.0222396694034778,0.022406772438211,0.0225572127377061,0.0226760639534948,0.0227521085897752,0.0227786832569782,0.0227540995567721,0.022681660946636,0.0225692952578264,0.0224288187696052,0.0222748520511574,0.0221234289292541,0.0219903820195403,0.0218896467520497,0.0218316840841963,0.0218222530792397,0.0218617416887951,0.0219451785469984,0.0220629206989073,0.0222018851064718,0.0223471084513551,0.0224833999924772,0.0225968865756113,0.022676310407873,0.0227140018582998,0.0227064950556139,0.0226547794498753,0.0225641902439679,0.0224439430874736,0.0223063230654074,0.0221655534675894,0.0220364020308165,0.0219326313203434,0.0218654560587106,0.0218422132807468,0.0218654560590504,0.0219326313209331,0.0220364020314934,0.0221655534681525,0.0223063230656573,0.0224439430872519,0.0225641902431907,0.0226547794485489,0.0227064950538384,0.0227140018562507,0.0226763104057716,0.0225968865736868,0.0224833999909256,0.0223471084503046,0.0222018851059541,0.0220629206988525,0.0219451785472536,0.0218617416891652,0.0218222530795407,0.0218316840842997,0.0218896467519046,0.021990382019173,0.0221234289287499,0.0222748520506378,0.0224288187691999,0.0225692952576474,0.0226816609467564,0.02275409955721,0.0227786832576981,0.0227521085907008,0.0226760639545239,0.0225572127387366,0.0224067724391534,0.022239669404267,0.0220732637213431,0.0219256805559095,0.0218138578746203,0.0217515157292178,0.0217473379962823,0.0218036878694093,0.0219161169080083,0.0220737764318778,0.0222606504393678,0.022457374467266,0.0226433366409055,0.0227987793656953,0.0229066975297371,0.0229544165700065,0.0229347994299092,0.0228470630823491,0.0226971849826473,0.0224978566864916,0.0222679089287507,0.02203110812816,0.0218142353941055,0.0216444385474408,0.0215460177568662,0.0215370450232441,0.0216264342960263,0.0218121307352812,0.0220808796000124,0.0224096234303214,0.022768159374485,0.0231224658091775,0.0234381379331832,0.0236835684944486,0.0238327388761798,0.0238676578963011,0.0237805742987617,0.0235761009186451,0.0232733273889855,0.0229078399400613,0.0225332552137074,0.0222213605081236,0.0220593301660657,0.0221422525023315,0.0225603341814505,0.0233832387035386,0.0246474033072474,0.0263521165367442,0.0284653990700876,0.0309355016060557,0.0337026077370048,0.0367076281749642,0.0398976360684745,0.0432288166866997,NA,NA,NA,NA,NA,NA,NA,NA,NA,NA,NA,NA,NA,NA,NA,NA,NA,NA,NA,NA,NA,NA,NA,NA,NA,NA,NA,NA,NA,NA,NA,NA,NA,NA,NA,NA,NA,NA,NA,NA,NA,NA,NA,NA,NA,NA,NA,NA,NA,NA,NA,NA,NA,NA,NA,NA,NA,NA,NA,NA,NA,NA,NA,NA,NA,NA,NA,NA,NA,NA,NA,NA,NA,NA,NA,NA,NA
0.0430739322024429,0.0397629698807458,0.0365913098700918,0.0336021011388848,0.0308475164000436,0.0283859146486037,0.0262765848925385,0.0245711905528743,0.0233022897759232,0.0224718961417402,0.0220453699120683,0.0219548889919422,0.0221116989528216,0.0224215613669989,0.0227975635661496,0.0231677180640342,0.0234778819477423,0.0236917202618403,0.0237892440285018,0.0237648451416336,0.0236252361915497,0.0233873882492623,0.023076397497854,0.0227231455685439,0.0223616224383656,0.0220258571593143,0.021746559856447,0.021547799872565,0.0214442512972769,0.0214395994748206,0.0215265204832103,0.0216882534088298,0.0219013642391322,0.0221390569978004,0.022374403098873,0.0225830577898796,0.0227452729843739,0.0228471969184788,0.0228815424171144,0.0228477248266014,0.0227515500139045,0.0226044997790623,0.0224226355479316,0.0222251344943176,0.0220324950045265,0.0218645049709823,0.0217381492387009,0.0216657155552155,0.0216533992403431,0.0217006654892018,0.0218004960695932,0.0219404633362761,0.0221044093679435,0.0222744214200748,0.0224328025756617,0.0225638104945739,0.0226550321560498,0.0226983425861069,0.0226904453129824,0.0226330131830136,0.0225324502037203,0.022399290360958,0.0222472491654418,0.0220919574135658,0.021949440245427,0.0218344572325657,0.0217588792967237,0.0217303224097868,0.0217512582769857,0.0218187613245977,0.0219249378601301,0.0220579528909407,0.0222034679821728,0.0223462596793158,0.0224718036940782,0.02256766352903,0.0226245852994679,0.022637252490246,0.0226046868763281,0.0225302964407267,0.0224215748702125,0.0222894590323108,0.0221473596163757,0.0220099031410253,0.0218914640162234,0.0218046188644883,0.0217587069550505,0.0217587069550686,0.0218046188645391,0.0218914640162922,0.0220099031410929,0.0221473596164217,0.0222894590323163,0.022421574870165,0.0225302964406209,0.0226046868761695,0.0226372524900475,0.02262458529925,0.0225676635288159,0.0224718036938905,0.022346259679172,0.0222034679820832,0.0220579528909039,0.021924937860135,0.0218187613246274,0.0217512582770207,0.0217303224098104,0.0217588792967248,0.0218344572325417,0.0219494402453839,0.0220919574135128,0.0222472491653907,0.0223992903609216,0.0225324502037073,0.0226330131830289,0.0226904453130263,0.0226983425861747,0.0226550321561326,0.0225638104946622,0.0224328025757478,0.0222744214201518,0.0221044093680076,0.0219404633363246,0.0218004960696258,0.0217006654892208,0.0216533992403509,0.0216657155552165,0.0217381492387006,0.0218645049709855,0.022032495004538,0.0222251344943429,0.0224226355479722,0.0226044997791194,0.0227515500139743,0.0228477248266774,0.0228815424171871,0.0228471969185386,0.0227452729844132,0.0225830577898934,0.0223744030988623,0.022139056997766,0.0219013642390798,0.0216882534087687,0.021526520483147,0.0214395994747644,0.0214442512972318,0.0215477998725358,0.0217465598564315,0.0220258571593129,0.0223616224383725,0.0227231455685558,0.0230763974978651,0.0233873882492674,0.0236252361915426,0.0237648451416126,0.0237892440284654,0.0236917202617892,0.0234778819476831,0.0231677180639724,0.0227975635660917,0.0224215613669511,0.0221116989527911,0.0219548889919292,0.0220453699120727,0.0224718961417534,0.0233022897759386,0.0245711905528825,0.0262765848925361,0.0283859146485943,0.0308475164000316,0.0336021011388821,0.0365913098701063,0.0397629698807922,0.0430739322025219,NA,NA,NA,NA,NA,NA,NA,NA,NA,NA,NA,NA,NA,NA,NA,NA,NA,NA,NA,NA,NA,NA,NA,NA,NA,NA,NA,NA,NA,NA,NA,NA,NA,NA,NA,NA,NA,NA,NA,NA,NA,NA,NA,NA,NA,NA,NA,NA,NA,NA,NA,NA,NA,NA,NA,NA,NA,NA,NA,NA,NA,NA,NA,NA,NA,NA,NA,NA,NA,NA,NA,NA,NA,NA,NA,NA
0.042945495343349,0.0396584460168406,0.0365086162508937,0.0335383342001727,0.0307988029080972,0.0283473779821978,0.0262425155664276,0.0245355190300655,0.0232593867618413,0.0224175392144365,0.0219775187133443,0.0218739247783846,0.0220200679689246,0.0223230623667451,0.0226965882597886,0.0230686278670327,0.0233845608475418,0.0236072712419655,0.0237157849260321,0.0237033740362948,0.0235755549061385,0.0233480880405959,0.0230449223969688,0.0226959553949795,0.0223344765768903,0.0219942271086065,0.0217061496883059,0.0214951122905613,0.0213770982260256,0.021357444030748,0.021430568470962,0.0215812789170063,0.0217873233937528,0.0220225839216787,0.0222602824435503,0.0224757420610768,0.0226484809354508,0.022763605489745,0.0228125729667669,0.0227934223669524,0.022710557581089,0.0225741349609679,0.0223990791599427,0.0222037391691749,0.0220082110248779,0.0218324004829651,0.021693974374791,0.0216064331748864,0.0215775918534097,0.0216087397713999,0.0216946443974284,0.0218243933935684,0.021982898082744,0.0221527728972838,0.0223162885229248,0.0224571541297061,0.0225619744395672,0.0226213114892139,0.0226303381416835,0.0225890980999678,0.0225023933148586,0.0223793156416184,0.0222324365316674,0.0220766760863981,0.0219278980266805,0.0218013220238095,0.0217099023680966,0.0216628735549924,0.0216646824733255,0.021714491087092,0.0218063405320427,0.0219299427513469,0.0220719518553012,0.0222175012352689,0.0223517864544794,0.0224615143454677,0.0225360989980277,0.022568541573961,0.0225559702604489,0.0224998372669525,0.0224057766330917,0.0222831277985539,0.0221441340489815,0.0220028399453484,0.0218737429269095,0.021770301112272,0.0217034525589106,0.0216803416759436,0.0217034525589397,0.0217703011123223,0.021873742926967,0.0220028399453952,0.0221441340490025,0.022283127798536,0.0224057766330288,0.0224998372668443,0.0225559702603032,0.0225685415737923,0.0225360989978537,0.0224615143453069,0.0223517864543486,0.0222175012351782,0.0220719518552535,0.0219299427513373,0.0218063405320597,0.0217144910871209,0.0216646824733515,0.0216628735550048,0.02170990236809,0.0218013220237852,0.021927898026644,0.0220766760863577,0.0222324365316325,0.0223793156415965,0.0225023933148554,0.0225890980999859,0.0226303381417196,0.0226213114892635,0.0225619744396246,0.0224571541297645,0.0223162885229821,0.0221527728973349,0.0219828980827865,0.0218243933936016,0.0216946443974521,0.0216087397714149,0.0215775918534173,0.0216064331748885,0.0216939743747908,0.0218324004829661,0.0220082110248854,0.0222037391691944,0.0223990791599757,0.0225741349610159,0.0227105575811484,0.0227934223670169,0.0228125729668303,0.0227636054897976,0.0226484809354868,0.0224757420610901,0.0222602824435423,0.0220225839216524,0.0217873233937109,0.0215812789169576,0.0214305684709135,0.0213574440307047,0.0213770982259934,0.0214951122905399,0.0217061496882969,0.0219942271086075,0.0223344765768963,0.0226959553949874,0.0230449223969756,0.0233480880405958,0.0235755549061288,0.023703374036274,0.0237157849260033,0.0236072712419308,0.0233845608475025,0.0230686278669896,0.0226965882597509,0.022323062366714,0.0220200679689038,0.021873924778378,0.0219775187133479,0.0224175392144466,0.0232593867618518,0.0245355190300707,0.0262425155664259,0.0283473779821904,0.0307988029080888,0.0335383342001725,0.0365086162509035,0.0396584460168686,0.0429454953434023,NA,NA,NA,NA,NA,NA,NA,NA,NA,NA,NA,NA,NA,NA,NA,NA,NA,NA,NA,NA,NA,NA,NA,NA,NA,NA,NA,NA,NA,NA,NA,NA,NA,NA,NA,NA,NA,NA,NA,NA,NA,NA,NA,NA,NA,NA,NA,NA,NA,NA,NA,NA,NA,NA,NA,NA,NA,NA,NA,NA,NA,NA,NA,NA,NA,NA,NA,NA,NA,NA,NA,NA,NA,NA,NA
0.0427910151798415,0.039528368488202,0.0364008864294697,0.0334501112508328,0.0307263222596453,0.0282859235628873,0.0261865839182313,0.024479264403329,0.0231973693304278,0.0223456287723823,0.0218936257635969,0.0217782393929387,0.021914743389305,0.0222115593729172,0.0225829658986096,0.0229569543864902,0.0232784857960553,0.0235097308967842,0.0236288010659859,0.0236279185560072,0.0235114696562976,0.0232940636036036,0.0229985501342894,0.0226538734485611,0.0222926301993128,0.0219482524545376,0.0216518642896437,0.0214290569295019,0.0212970369037548,0.0212627134371184,0.0213221933363597,0.0214618303135293,0.0216605649104521,0.0218929933523848,0.0221325412622423,0.0223542619208795,0.0225370054687101,0.022664901395107,0.0227282116276685,0.022723650306013,0.0226542569113305,0.0225288797975354,0.0223612974502231,0.0221689885437858,0.0219715691309322,0.0217889529181543,0.0216393579815974,0.0215373655567468,0.0214923011304262,0.0215072136977798,0.021578649099786,0.0216972601772231,0.0218491235736355,0.022017506351841,0.0221847845009433,0.0223342546743336,0.022451663580649,0.022526365751858,0.0225520844061582,0.0225272848624338,0.0224551809184074,0.0223433922292187,0.0222032659457653,0.0220488784362861,0.0218957506021554,0.0217593471305123,0.021653482823856,0.0215888141367983,0.0215716275698975,0.0216031237141419,0.0216793253905232,0.0217916249228206,0.0219278660791297,0.0220737711259066,0.0222144951165992,0.0223361136803175,0.0224269045274872,0.0224783411666597,0.0224857628840051,0.0224487120928525,0.022370941331396,0.0222600943486566,0.0221270670936604,0.0219850630199947,0.0218483793982801,0.0217309999229648,0.0216451192914668,0.0215997734938181,0.0215997734938282,0.0216451192914953,0.021730999923003,0.0218483793983171,0.0219850630200186,0.022127067093661,0.0222600943486276,0.0223709413313358,0.0224487120927635,0.0224857628838952,0.0224783411665396,0.0224269045273705,0.0223361136802154,0.0222144951165211,0.0220737711258575,0.0219278660791089,0.0217916249228222,0.0216793253905383,0.0216031237141602,0.0215716275699108,0.0215888141368012,0.0216534828238472,0.0217593471304936,0.0218957506021312,0.022048878436262,0.0222032659457455,0.0223433922292079,0.022455180918406,0.0225272848624418,0.0225520844061737,0.0225263657518776,0.022451663580672,0.0223342546743588,0.0221847845009691,0.0220175063518666,0.0218491235736612,0.0216972601772473,0.0215786490998081,0.0215072136977972,0.0214923011304374,0.0215373655567526,0.0216393579815981,0.0217889529181543,0.0219715691309366,0.0221689885437982,0.0223612974502484,0.022528879797575,0.0226542569113823,0.0227236503060696,0.0227282116277268,0.0226649013951576,0.0225370054687471,0.0223542619209004,0.0221325412622448,0.0218929933523704,0.0216605649104243,0.0214618303134944,0.021322193336323,0.0212627134370838,0.0212970369037291,0.0214290569294858,0.0216518642896362,0.0219482524545375,0.0222926301993173,0.0226538734485649,0.0229985501342902,0.0232940636035994,0.0235114696562884,0.0236279185559916,0.023628801065964,0.02350973089676,0.0232784857960268,0.0229569543864636,0.0225829658985835,0.022211559372897,0.0219147433892931,0.021778239392934,0.0218936257635984,0.0223456287723878,0.0231973693304325,0.0244792644033319,0.0261865839182305,0.0282859235628833,0.0307263222596404,0.0334501112508307,0.036400886429475,0.0395283684882198,0.0427910151798688,NA,NA,NA,NA,NA,NA,NA,NA,NA,NA,NA,NA,NA,NA,NA,NA,NA,NA,NA,NA,NA,NA,NA,NA,NA,NA,NA,NA,NA,NA,NA,NA,NA,NA,NA,NA,NA,NA,NA,NA,NA,NA,NA,NA,NA,NA,NA,NA,NA,NA,NA,NA,NA,NA,NA,NA,NA,NA,NA,NA,NA,NA,NA,NA,NA,NA,NA,NA,NA,NA,NA,NA,NA,NA
0.0427151860025316,0.0394653747815825,0.0363492500356483,0.0334078332680919,0.0306908220940157,0.0282540720973167,0.0261548840006294,0.0244442248779271,0.0231560574741466,0.0222962642661413,0.0218359773113799,0.0217136340263404,0.0218457024531225,0.0221412531562683,0.0225146900007936,0.0228937286786053,0.0232227819452007,0.0234632953044002,0.0235925406811179,0.0236018312963196,0.0234946155027372,0.0232845833016758,0.0229937458509689,0.0226503694070218,0.0222866291905556,0.0219358926217989,0.0216296568471724,0.0213943518824582,0.0212484322371293,0.0212003130454822,0.0212476448970328,0.0213781311799399,0.0215716854401928,0.0218034035574372,0.0220467272617329,0.0222762941117544,0.022470189699498,0.0226115213957321,0.0226893596237219,0.0226991409130209,0.0226426229053532,0.0225274534472337,0.0223663848115132,0.0221761438328079,0.0219759694720056,0.021785858639883,0.0216246209624187,0.0215079232592141,0.0214465771635448,0.0214453483821758,0.0215025107427048,0.0216102327683841,0.021755712545269,0.0219228338166575,0.0220940515306252,0.0222522351071928,0.0223822723073635,0.022472324335894,0.0225146934843613,0.0225063066947613,0.0224488346707101,0.0223484660336079,0.0222153502793218,0.0220627218053322,0.0219057283412514,0.0217600162639239,0.0216401724614898,0.0215581782514395,0.0215220752396176,0.0215350503563865,0.0215950996656219,0.0216953318415749,0.0218248518015055,0.021970064159664,0.0221161857845252,0.0222487625498329,0.0223550303703377,0.0224250190751997,0.0224523487948245,0.0224347024011206,0.0223739739285574,0.0222760972784902,0.0221505595648631,0.0220096071972756,0.0218671673884885,0.0217375379213656,0.0216339431055381,0.0215671047661383,0.021544015475959,0.0215671047661509,0.0216339431055593,0.021737537921389,0.021867167388507,0.0220096071972828,0.0221505595648544,0.0222760972784623,0.0223739739285117,0.0224347024010596,0.0224523487947544,0.0224250190751278,0.022355030370271,0.0222487625497791,0.0221161857844882,0.021970064159644,0.0218248518015001,0.0216953318415803,0.0215950996656314,0.0215350503563956,0.0215220752396226,0.0215581782514386,0.0216401724614832,0.0217600162639142,0.0219057283412411,0.0220627218053227,0.0222153502793145,0.0223484660336029,0.022448834670706,0.0225063066947568,0.0225146934843554,0.0224723243358885,0.0223822723073585,0.02225223510719,0.0220940515306277,0.0219228338166664,0.021755712545284,0.0216102327684038,0.0215025107427262,0.0214453483821947,0.0214465771635579,0.0215079232592194,0.0216246209624173,0.0217858586398799,0.0219759694720051,0.0221761438328168,0.0223663848115343,0.0225274534472699,0.0226426229054002,0.0226991409130749,0.0226893596237774,0.022611521395781,0.0224701896995352,0.0222762941117752,0.0220467272617361,0.0218034035574249,0.0215716854401686,0.0213781311799087,0.0212476448970007,0.0212003130454535,0.0212484322371088,0.0213943518824468,0.0216296568471687,0.0219358926218002,0.0222866291905597,0.0226503694070246,0.0229937458509674,0.0232845833016694,0.0234946155027278,0.0236018312963059,0.0235925406811022,0.023463295304384,0.0232227819451837,0.0228937286785872,0.0225146900007772,0.022141253156256,0.0218457024531152,0.0217136340263369,0.02183597731138,0.0222962642661431,0.0231560574741499,0.024444224877929,0.0261548840006286,0.0282540720973141,0.0306908220940132,0.0334078332680921,0.0363492500356528,0.0394653747815947,0.0427151860025519,NA,NA,NA,NA,NA,NA,NA,NA,NA,NA,NA,NA,NA,NA,NA,NA,NA,NA,NA,NA,NA,NA,NA,NA,NA,NA,NA,NA,NA,NA,NA,NA,NA,NA,NA,NA,NA,NA,NA,NA,NA,NA,NA,NA,NA,NA,NA,NA,NA,NA,NA,NA,NA,NA,NA,NA,NA,NA,NA,NA,NA,NA,NA,NA,NA,NA,NA,NA,NA,NA,NA,NA,NA
0.0425996395413224,0.0393742393076673,0.0362804794030274,0.0333585566362065,0.0306571800469744,0.0282311562492591,0.0261368682452074,0.0244247935698404,0.0231291783478845,0.0222571787004356,0.0217820666388498,0.02164478616868,0.0217640553967579,0.0220505169010484,0.022419365840273,0.0227984422118024,0.0231317946738011,0.0233801709221574,0.0235199200301671,0.0235412803743089,0.0234465290056578,0.0232481423653952,0.0229669411202445,0.0226301091528862,0.022268955324528,0.0219163212673367,0.021603639978187,0.0213578214025009,0.0211983463651396,0.0211350970064665,0.0211674255629065,0.0212847140176965,0.0214682913509087,0.02169423905046,0.0219364816944008,0.0221696444092508,0.0223713636971024,0.0225239431539832,0.0226153824166981,0.0226398666617401,0.0225978073868633,0.0224955008350334,0.0223444397130851,0.022160291068928,0.0219615484619274,0.0217678877551632,0.021598306628866,0.0214692019649037,0.0213926144432729,0.02137490951191,0.0214161327410217,0.0215101654858124,0.0216456449450895,0.0218074615322025,0.0219785606454931,0.0221417738452071,0.0222814652211129,0.0223848632250933,0.0224430230692445,0.0224514137526616,0.0224101461838777,0.022323862454187,0.0222013012806645,0.0220545507119126,0.0218980048008182,0.0217470624717643,0.0216166464722334,0.0215196727136175,0.0214656498517316,0.0214596120580946,0.0215015629969666,0.0215865307377684,0.0217052211064171,0.0218451482030114,0.0219920511938647,0.0221313915841508,0.0222497561737283,0.0223360447692364,0.022382375566651,0.0223846810438395,0.0223429895699552,0.0222613961480848,0.0221477264685127,0.0220128993787453,0.0218700012698854,0.0217331075432231,0.0216159234284316,0.0215303644150611,0.0214852419087932,0.0214852419087982,0.0215303644150742,0.0216159234284491,0.0217331075432401,0.0218700012698969,0.0220128993787469,0.0221477264685022,0.0222613961480605,0.0223429895699183,0.0223846810437928,0.022382375566599,0.0223360447691843,0.0222497561736818,0.0221313915841136,0.0219920511938385,0.0218451482029963,0.0217052211064115,0.02158653073777,0.0215015629969706,0.0214596120580986,0.0214656498517331,0.0215196727136154,0.0216166464722279,0.0217470624717563,0.0218980048008091,0.0220545507119015,0.0222013012806519,0.0223238624541718,0.0224101461838608,0.0224514137526419,0.0224430230692238,0.0223848632250741,0.022281465221098,0.0221417738451993,0.0219785606454935,0.0218074615322127,0.0216456449451083,0.0215101654858368,0.021416132741047,0.0213749095119313,0.021392614443286,0.0214692019649082,0.0215983066288633,0.0217678877551573,0.0219615484619241,0.0221602910689327,0.0223444397131017,0.0224955008350639,0.0225978073869062,0.0226398666617907,0.0226153824167515,0.0225239431540347,0.0223713636971436,0.0221696444092811,0.0219364816944174,0.0216942390504617,0.0214682913508992,0.0212847140176812,0.0211674255628872,0.0211350970064478,0.0211983463651254,0.0213578214024919,0.0216036399781839,0.021916321267337,0.0222689553245318,0.0226301091528898,0.0229669411202475,0.0232481423653956,0.0234465290056554,0.0235412803743047,0.0235199200301619,0.023380170922149,0.0231317946737879,0.0227984422117877,0.0224193658402552,0.0220505169010321,0.0217640553967426,0.0216447861686688,0.0217820666388433,0.0222571787004332,0.0231291783478834,0.0244247935698408,0.0261368682452069,0.0282311562492588,0.0306571800469734,0.0333585566362051,0.0362804794030279,0.039374239307667,0.0425996395413264,NA,NA,NA,NA,NA,NA,NA,NA,NA,NA,NA,NA,NA,NA,NA,NA,NA,NA,NA,NA,NA,NA,NA,NA,NA,NA,NA,NA,NA,NA,NA,NA,NA,NA,NA,NA,NA,NA,NA,NA,NA,NA,NA,NA,NA,NA,NA,NA,NA,NA,NA,NA,NA,NA,NA,NA,NA,NA,NA,NA,NA,NA,NA,NA,NA,NA,NA,NA,NA,NA,NA,NA
0.0425196719411682,0.0393072686954431,0.0362250611685031,0.0333127400360047,0.0306184459540544,0.028196442625603,0.0261027339651844,0.0243877668453379,0.0230862818212513,0.0222065099438063,0.0217232093084151,0.0215788587833224,0.0216933912173923,0.0219781480380208,0.0223485110798666,0.0227321063011922,0.0230724922975222,0.0233297456549151,0.0234794260096296,0.0235109071873965,0.0234255640582816,0.023234975707266,0.0229591252361452,0.0226244906186994,0.0222618949467034,0.021904011209989,0.0215825071563404,0.021324976398983,0.0211520047306103,0.0210748820500456,0.0210944755109515,0.0212015634948552,0.0213785575109304,0.0216021869877467,0.0218465548479523,0.0220860280311318,0.0222976203015978,0.0224627336653613,0.02256827221751,0.022607211313985,0.0225787148138739,0.0224878714859471,0.0223450907521959,0.022165172507651,0.0219660560135139,0.0217672668973633,0.0215881241547705,0.0214458377967192,0.021353705087977,0.0213196660987669,0.0213454699625209,0.0214266128906162,0.0215530573585725,0.0217105835963667,0.0218825187802262,0.0220515655877111,0.0222014985746075,0.0223185778219648,0.022392608239414,0.0224176289068004,0.0223922456035732,0.022319627210879,0.0222071826713503,0.0220659293827541,0.0219095648821629,0.0217532684599455,0.0216122919128855,0.0215004469207136,0.021428649040138,0.0214037140981331,0.0214275982420331,0.0214972151414958,0.0216048624599695,0.0217391765278156,0.0218864475239196,0.0220320918074275,0.0221620933792012,0.0222642738421382,0.0223293056104815,0.0223514288269137,0.0223288611625835,0.0222639024537875,0.0221627385780713,0.0220349483162398,0.0218927205120915,0.0217498031266721,0.02162023494016,0.0215169538069934,0.0214504236492306,0.0214274583662276,0.0214504236492449,0.0215169538070186,0.0216202349401899,0.0217498031266985,0.0218927205121078,0.0220349483162395,0.0221627385780513,0.0222639024537468,0.0223288611625237,0.0223514288268388,0.0223293056103985,0.0222642738420552,0.0221620933791248,0.0220320918073649,0.0218864475238737,0.0217391765277877,0.0216048624599572,0.0214972151414958,0.0214275982420386,0.0214037140981386,0.0214286490401384,0.0215004469207061,0.0216122919128687,0.0217532684599198,0.0219095648821305,0.0220659293827187,0.0222071826713146,0.0223196272108453,0.0223922456035458,0.0224176289067827,0.0223926082394094,0.0223185778219741,0.0222014985746316,0.0220515655877489,0.0218825187802747,0.0217105835964212,0.0215530573586268,0.0214266128906643,0.0213454699625571,0.0213196660987893,0.0213537050879866,0.0214458377967199,0.0215881241547709,0.0217672668973718,0.0219660560135368,0.0221651725076933,0.0223450907522568,0.0224878714860218,0.0225787148139543,0.0226072113140622,0.022568272217574,0.0224627336654027,0.0222976203016123,0.0220860280311193,0.021846554847917,0.0216021869876917,0.0213785575108678,0.0212015634947921,0.0210944755108969,0.0210748820500055,0.021152004730586,0.0213249763989725,0.0215825071563399,0.0219040112099898,0.0222618949467026,0.0226244906186929,0.0229591252361327,0.0232349757072488,0.0234255640582593,0.023510907187371,0.0234794260096041,0.0233297456548904,0.0230724922974998,0.0227321063011751,0.0223485110798528,0.0219781480380147,0.0216933912173936,0.0215788587833299,0.0217232093084263,0.022206509943818,0.0230862818212592,0.0243877668453405,0.0261027339651824,0.028196442625597,0.0306184459540501,0.0333127400360042,0.0362250611685127,0.0393072686954604,0.0425196719411992,NA,NA,NA,NA,NA,NA,NA,NA,NA,NA,NA,NA,NA,NA,NA,NA,NA,NA,NA,NA,NA,NA,NA,NA,NA,NA,NA,NA,NA,NA,NA,NA,NA,NA,NA,NA,NA,NA,NA,NA,NA,NA,NA,NA,NA,NA,NA,NA,NA,NA,NA,NA,NA,NA,NA,NA,NA,NA,NA,NA,NA,NA,NA,NA,NA,NA,NA,NA,NA,NA,NA
0.0427117309139644,0.0394859708497197,0.0363901101742533,0.0334637711212088,0.0307550792608069,0.0283184015975009,0.0262100440969445,0.0244810265868125,0.0231669438330719,0.0222770468863741,0.0217870309899111,0.0216399522622945,0.0217558100272515,0.0220455390637515,0.0224237969051592,0.0228173317597624,0.0231687843626416,0.0234373322942011,0.023597680244657,0.0236384036359704,0.0235601494330764,0.023373862928125,0.0230990251224805,0.0227617963346728,0.0223929313356005,0.022025351297593,0.0216913391212596,0.0214194775140544,0.0212316527597253,0.0211406248646567,0.0211487001071306,0.0212478548421643,0.0214212945251907,0.0216460594686986,0.0218960874668626,0.0221451729250139,0.0223694472126212,0.0225492210450559,0.0226701897387568,0.0227240818705909,0.0227088478444369,0.0226284653060779,0.0224924066806424,0.0223147858226939,0.0221131862335228,0.0219071807765873,0.0217165884850865,0.0215595778589029,0.0214508049978402,0.0213998393811505,0.0214101412205832,0.0214787851927533,0.0215969844973734,0.0217513046769933,0.0219253311502388,0.0221015082539132,0.0222628994031368,0.0223946949847557,0.0224853778781013,0.0225275201742418,0.0225182204880115,0.022459203299496,0.0223565992686297,0.0222204182969991,0.0220637241172434,0.0219015279021905,0.0217494441480289,0.0216221955634458,0.0215321072705735,0.0214877764579399,0.0214931175537098,0.0215469459753019,0.0216431756167537,0.0217715910966165,0.0219190542126015,0.0220709472139232,0.0222126530399218,0.0223309112722973,0.0224149441183273,0.0224572980517289,0.0224543824119809,0.0224067045713417,0.0223188065022672,0.0221989065159146,0.0220582499229569,0.0219101803261301,0.0217689647111521,0.0216484424695635,0.0215606163622341,0.0215143487485632,0.0215143487485619,0.0215606163622302,0.0216484424695564,0.0217689647111431,0.0219101803261193,0.0220582499229461,0.0221989065159056,0.0223188065022625,0.0224067045713432,0.0224543824119897,0.0224572980517454,0.0224149441183516,0.0223309112723286,0.0222126530399582,0.0220709472139609,0.0219190542126373,0.0217715910966467,0.0216431756167763,0.0215469459753161,0.0214931175537165,0.0214877764579414,0.0215321072705744,0.02162219556345,0.0217494441480411,0.0219015279022149,0.022063724117281,0.0222204182970492,0.0223565992686888,0.0224592032995606,0.0225182204880752,0.0225275201743001,0.0224853778781496,0.0223946949847903,0.0222628994031552,0.0221015082539159,0.0219253311502278,0.021751304676971,0.0215969844973452,0.0214787851927218,0.0214101412205544,0.0213998393811293,0.0214508049978278,0.0215595778589031,0.0217165884850991,0.0219071807766117,0.0221131862335547,0.0223147858227295,0.0224924066806739,0.0226284653060986,0.0227088478444414,0.0227240818705717,0.0226701897387151,0.0225492210449903,0.0223694472125361,0.0221451729249136,0.0218960874667573,0.021646059468596,0.0214212945251006,0.0212478548420893,0.0211487001070788,0.0211406248646259,0.0212316527597119,0.0214194775140525,0.0216913391212609,0.0220253512975896,0.0223929313355847,0.0227617963346415,0.0230990251224374,0.0233738629280691,0.0235601494330156,0.0236384036359123,0.0235976802446049,0.0234373322941611,0.0231687843626235,0.0228173317597638,0.0224237969051797,0.0220455390637893,0.0217558100273016,0.0216399522623481,0.0217870309899611,0.022277046886412,0.0231669438330925,0.0244810265868187,0.0262100440969394,0.0283184015974933,0.0307550792608035,0.0334637711212224,0.0363901101742881,0.0394859708497817,0.0427117309140623,NA,NA,NA,NA,NA,NA,NA,NA,NA,NA,NA,NA,NA,NA,NA,NA,NA,NA,NA,NA,NA,NA,NA,NA,NA,NA,NA,NA,NA,NA,NA,NA,NA,NA,NA,NA,NA,NA,NA,NA,NA,NA,NA,NA,NA,NA,NA,NA,NA,NA,NA,NA,NA,NA,NA,NA,NA,NA,NA,NA,NA,NA,NA,NA,NA,NA,NA,NA,NA,NA
0.0426791217852935,0.0394589686726254,0.0363676334478112,0.0334444000785212,0.0307370415820969,0.0282996358729107,0.0261883748290411,0.0244544716522204,0.0231341235111236,0.0222375766889687,0.0217417229825424,0.0215907098128353,0.0217052629842724,0.0219965865749867,0.0223792099833429,0.0227794753263723,0.0231394455222582,0.0234176185049492,0.0235879583906284,0.0236382660112563,0.0235684052225729,0.0233885623885725,0.0231175293136395,0.0227809083478017,0.0224091043223137,0.0220349814185998,0.0216911346696667,0.0214068685659764,0.0212051754305487,0.0211001956865796,0.0210957059113478,0.0211850261690715,0.0213523891824576,0.021575428643205,0.021828210298463,0.0220842287439405,0.0223189645526974,0.0225118156937016,0.022647388307797,0.0227162224235391,0.0227150511827356,0.0226466756502743,0.0225195057526457,0.0223467875624721,0.0221455185408155,0.0219350536965838,0.0217354337611682,0.0215655236835514,0.021441127226094,0.0213733159239949,0.0213672401397535,0.0214216436057954,0.0215291780699395,0.0216774503162057,0.0218505925413472,0.0220310782959893,0.0222015198263492,0.0223462518888687,0.0224525921464058,0.0225117386656972,0.0225193081615998,0.0224755360193224,0.0223851591755599,0.0222569954796707,0.0221032271833287,0.0219383995163064,0.021778164100381,0.0216378340245316,0.0215308687238014,0.0214674584386572,0.0214534073014632,0.0214894982615768,0.0215714534323071,0.021690495503956,0.0218344051419531,0.0219888929969404,0.0221390823468438,0.0222709239780046,0.0223724169432487,0.022434563709169,0.0224520304758226,0.0224235080262123,0.0223517777428085,0.0222434874644197,0.022108639772117,0.0219597981331705,0.0218110303511286,0.0216766379874492,0.0215697639123059,0.0215010189938996,0.0214773056050134,0.0215010189939073,0.02156976391232,0.0216766379874668,0.0218110303511444,0.0219597981331821,0.0221086397721201,0.0222434874644121,0.0223517777427897,0.0224235080261822,0.0224520304757832,0.0224345637091231,0.0223724169431998,0.0222709239779569,0.0221390823468001,0.0219888929969037,0.0218344051419253,0.0216904955039377,0.0215714534322977,0.0214894982615741,0.0214534073014639,0.0214674584386579,0.0215308687237989,0.0216378340245232,0.0217781641003651,0.021938399516283,0.0221032271832974,0.0222569954796345,0.0223851591755203,0.0224755360192827,0.0225193081615649,0.0225117386656685,0.0224525921463876,0.0223462518888638,0.0222015198263571,0.0220310782960093,0.0218505925413773,0.0216774503162412,0.0215291780699754,0.0214216436058278,0.0213672401397786,0.0213733159240103,0.0214411272260994,0.0215655236835497,0.0217354337611625,0.021935053696578,0.0221455185408153,0.0223467875624807,0.0225195057526656,0.0226466756503054,0.0227150511827753,0.0227162224235869,0.0226473883078463,0.0225118156937489,0.0223189645527401,0.0220842287439727,0.0218282102984859,0.0215754286432171,0.0213523891824582,0.0211850261690653,0.0210957059113369,0.0211001956865679,0.0212051754305402,0.0214068685659719,0.0216911346696667,0.0220349814186029,0.0224091043223212,0.0227809083478096,0.0231175293136494,0.0233885623885842,0.0235684052225808,0.0236382660112616,0.0235879583906297,0.0234176185049464,0.0231394455222487,0.0227794753263603,0.0223792099833296,0.0219965865749701,0.0217052629842567,0.0215907098128222,0.0217417229825327,0.0222375766889627,0.0231341235111205,0.0244544716522197,0.0261883748290423,0.0282996358729111,0.0307370415820955,0.0334444000785168,0.036367633447803,0.0394589686726111,0.0426791217852738,NA,NA,NA,NA,NA,NA,NA,NA,NA,NA,NA,NA,NA,NA,NA,NA,NA,NA,NA,NA,NA,NA,NA,NA,NA,NA,NA,NA,NA,NA,NA,NA,NA,NA,NA,NA,NA,NA,NA,NA,NA,NA,NA,NA,NA,NA,NA,NA,NA,NA,NA,NA,NA,NA,NA,NA,NA,NA,NA,NA,NA,NA,NA,NA,NA,NA,NA,NA,NA
0.0425004080195989,0.0393095419693925,0.0362453338238515,0.0333462130988962,0.0306589181106423,0.0282364050496545,0.0261338358727784,0.0244017740341158,0.023076503344936,0.0221693582203018,0.021659271352362,0.0214929407547964,0.0215935237729757,0.0218740566457205,0.022250133358524,0.0226484668699598,0.0230109628889579,0.0232955902432477,0.0234755255280459,0.0235375992961215,0.0234805763113917,0.0233134629666872,0.0230538447957812,0.0227261625341757,0.0223597975978378,0.0219868450507045,0.0216395127923926,0.0213472134636859,0.0211336026799752,0.0210140067301502,0.0209937690321208,0.0210679301518372,0.021222342812946,0.0214359458070308,0.0216836633132871,0.0219393587989005,0.0221784172081394,0.0223797399582768,0.0225271139414353,0.0226100168814389,0.0226239537856718,0.0225704086885669,0.022456466988779,0.022294133312793,0.0220993487424238,0.0218907074667253,0.0216878933642828,0.0215099053863135,0.0213732117528606,0.0212900469387675,0.0212671080503114,0.0213048836966895,0.0213977468101189,0.0215347899403691,0.0217012339583934,0.021880152850001,0.022054249299998,0.022207470668574,0.0223263358300337,0.0224009171299122,0.0224254713375503,0.022398737036495,0.022323920081513,0.0222083828203135,0.0220630455888838,0.0219015082942042,0.0217389121902754,0.0215905913161087,0.0214706083886702,0.0213903215563362,0.0213571672425439,0.0213738473200753,0.0214380612051625,0.0215428307575207,0.0216773561033252,0.0218282509510725,0.0219809632921444,0.0221211953777983,0.0222361794437867,0.0223157195392345,0.0223529564929916,0.0223448437583396,0.0222923363829249,0.0222002983191987,0.022077131232243,0.0219341276594651,0.021784559195052,0.0216425313408055,0.021521672472327,0.0214337704138856,0.0213875134145775,0.021387513414568,0.0214337704138589,0.0215216724722892,0.0216425313407659,0.0217845591950208,0.0219341276594519,0.0220771312322557,0.0222002983192414,0.022292336382998,0.0223448437584385,0.0223529564931079,0.0223157195393569,0.0222361794439029,0.0221211953778965,0.0219809632922173,0.021828250951116,0.0216773561033409,0.0215428307575147,0.0214380612051439,0.0213738473200543,0.0213571672425303,0.0213903215563363,0.0214706083886872,0.0215905913161407,0.0217389121903174,0.0219015082942458,0.0220630455889143,0.0222083828203215,0.0223239200814901,0.0223987370364366,0.0224254713374577,0.022400917129793,0.0223263358298981,0.0222074706684355,0.0220542492998696,0.0218801528498958,0.0217012339583202,0.0215347899403293,0.0213977468101106,0.0213048836967035,0.0212671080503363,0.0212900469387894,0.0213732117528701,0.0215099053863018,0.0216878933642457,0.0218907074666663,0.0220993487423476,0.0222941333127106,0.0224564669886995,0.0225704086885025,0.0226239537856325,0.0226100168814313,0.0225271139414642,0.0223797399583397,0.0221784172082354,0.021939358799019,0.0216836633134185,0.0214359458071651,0.0212223428130713,0.0210679301519435,0.0209937690322017,0.0210140067302048,0.0211336026800054,0.0213472134636968,0.0216395127923916,0.0219868450507034,0.0223597975978475,0.0227261625342046,0.0230538447958346,0.0233134629667653,0.0234805763114915,0.0235375992962316,0.0234755255281552,0.0232955902433417,0.0230109628890278,0.0226484668699978,0.022250133358522,0.0218740566456882,0.0215935237729187,0.0214929407547282,0.021659271352296,0.0221693582202485,0.0230765033449059,0.0244017740341089,0.0261338358727875,0.0282364050496677,0.0306589181106476,0.0333462130988787,0.0362453338237985,0.0393095419692972,0.0425004080194484,NA,NA,NA,NA,NA,NA,NA,NA,NA,NA,NA,NA,NA,NA,NA,NA,NA,NA,NA,NA,NA,NA,NA,NA,NA,NA,NA,NA,NA,NA,NA,NA,NA,NA,NA,NA,NA,NA,NA,NA,NA,NA,NA,NA,NA,NA,NA,NA,NA,NA,NA,NA,NA,NA,NA,NA,NA,NA,NA,NA,NA,NA,NA,NA,NA,NA,NA,NA
0.0423300206767057,0.0391672449284772,0.0361290497621783,0.0332530476223545,0.0305849879991105,0.0281767547914292,0.0260825229150328,0.0243522261766602,0.0230222143209339,0.0221048404778281,0.0215809742685703,0.0213997581488143,0.0214867022753482,0.0217566341270372,0.022126202928177,0.0225225036808231,0.0228873083562932,0.0231780879870025,0.023367268675164,0.0234407520678736,0.0233962479616789,0.0232416272507051,0.0229933103919619,0.0226746093001737,0.0223138998308786,0.0219425037184122,0.0215922097174915,0.0212924775444687,0.021067542184851,0.020933823444294,0.0208981500227675,0.0209572294626821,0.0210985179462756,0.0213022785192188,0.0215443401039124,0.0217989977540246,0.0220416107803408,0.0222506552008485,0.0224091673309336,0.0225056263670194,0.0225343656553848,0.0224955981020959,0.0223951153397778,0.0222436903251208,0.0220561900744054,0.0218503971683763,0.0216455522952536,0.021460670087096,0.0213127446201657,0.0212150340431862,0.021175666075637,0.021196802638799,0.021274523342006,0.0213994493573545,0.0215579801030273,0.0217339107807335,0.0219101696497708,0.0220704526145101,0.0222006069269869,0.02228969118203,0.0223306941664713,0.0223209249405874,0.0222620953635691,0.0221601126101466,0.0220245917327009,0.0218680946918167,0.0217051091120254,0.0215508022087949,0.0214196239517994,0.0213238826015334,0.0212724601541444,0.0212698533432261,0.0213156990584651,0.0214048683931593,0.0215281102910049,0.021673128226418,0.0218259129246725,0.0219721434680422,0.0220984992919418,0.0221937755125901,0.022249743277669,0.0222617331150661,0.0222289393518847,0.0221544504874717,0.0220450096257937,0.0219105071297457,0.0217632108309931,0.0216167529241033,0.0214849204802262,0.0213803371199343,0.0213131682936352,0.0212900156746813,0.0213131682935872,0.0213803371198496,0.0214849204801242,0.0216167529240088,0.0217632108309305,0.0219105071297366,0.0220450096258538,0.0221544504876079,0.0222289393520923,0.0222617331153303,0.0222497432779655,0.0221937755128897,0.0220984992922139,0.0219721434682622,0.0218259129248248,0.0216731282265,0.0215281102910243,0.0214048683931338,0.0213156990584186,0.021269853343182,0.0212724601541233,0.0213238826015479,0.0214196239518532,0.02155080220888,0.0217051091121252,0.0218680946919085,0.0220245917327575,0.0221601126101433,0.0222620953634883,0.0223209249404247,0.0223306941662316,0.0222896911817302,0.0222006069266548,0.0220704526141769,0.0219101696494673,0.0217339107804866,0.0215579801028554,0.0213994493572617,0.0212745233419839,0.0211968026388282,0.0211756660756885,0.0212150340432312,0.0213127446201753,0.0214606700870487,0.0216455522951394,0.0218503971681957,0.0220561900741728,0.0222436903248606,0.0223951153395221,0.022495598101877,0.0225343656552355,0.0225056263669638,0.022409167330987,0.0222506552010138,0.0220416107806076,0.0217989977543716,0.0215443401043097,0.0213022785196296,0.0210985179466656,0.0209572294630174,0.0208981500230269,0.0209338234444696,0.0210675421849445,0.0212924775444993,0.0215922097174875,0.0219425037184091,0.0223138998309117,0.0226746093002692,0.0229933103921357,0.0232416272509569,0.023396247961988,0.0234407520682196,0.0233672686755079,0.0231780879873043,0.0228873083565166,0.0225225036809436,0.0221262029281886,0.0217566341269423,0.0214867022751741,0.0213997581486001,0.0215809742683624,0.0221048404776634,0.0230222143208388,0.0243522261766356,0.0260825229150584,0.0281767547914694,0.0305849879991234,0.0332530476222971,0.0361290497620099,0.0391672449281672,0.0423300206762336,NA,NA,NA,NA,NA,NA,NA,NA,NA,NA,NA,NA,NA,NA,NA,NA,NA,NA,NA,NA,NA,NA,NA,NA,NA,NA,NA,NA,NA,NA,NA,NA,NA,NA,NA,NA,NA,NA,NA,NA,NA,NA,NA,NA,NA,NA,NA,NA,NA,NA,NA,NA,NA,NA,NA,NA,NA,NA,NA,NA,NA,NA,NA,NA,NA,NA,NA
0.0421600604784527,0.0390250260824541,0.0360125397542695,0.0331594186942226,0.0305104495566255,0.028116470005965,0.0260306862393886,0.0243024012942606,0.0229679987405717,0.0220407855581543,0.0215034867908996,0.0213076192796371,0.0213810086110495,0.0216402710928062,0.022003132631768,0.0223971030954968,0.0227638573135936,0.0230604059215865,0.0232584620586199,0.0233430359221657,0.0233108190172885,0.0231685809597606,0.0229316059739555,0.0226220963067058,0.0222674261534424,0.0218981265617973,0.0215455239065685,0.0212390554478596,0.0210034463007596,0.0208561151955783,0.0208052951830665,0.0208493106796682,0.0209772109832739,0.0211706112011946,0.0214063015468035,0.0216590819117019,0.0219043654972504,0.0221202816127783,0.0222891897081497,0.0223986367129525,0.0224418410105676,0.022417788800662,0.0223310062511838,0.0221910417853226,0.022011668577638,0.0218098057072401,0.0216041640911893,0.0214136554912097,0.0212556595890655,0.0211443144336777,0.0210890542667646,0.0210936322104941,0.0211558090947514,0.0212677687915437,0.0214171743629954,0.0215886626977044,0.0217655261491982,0.0219313507918528,0.0220714460559681,0.0221739754451704,0.0222307581741781,0.0222377475078378,0.0221952054626697,0.0221075927918654,0.0219831862043335,0.0218334291815302,0.0216720251649242,0.0215137976365512,0.0213733733234882,0.0212637894891995,0.0211951728035776,0.0211736665791139,0.0212007750242244,0.0212732379059932,0.0213834569797682,0.0215203955892866,0.0216707981778093,0.0218205472703218,0.0219559908363691,0.0220651158761873,0.0221384936156096,0.0221699625322775,0.0221570411520577,0.0221010738950349,0.0220071148237883,0.0218835519047034,0.0217414744118305,0.0215937940360567,0.0214541504852043,0.021335666104336,0.0212496567441755,0.0212044456367274,0.0212044456367313,0.0212496567441869,0.021335666104354,0.0214541504852266,0.0215937940360812,0.0217414744118533,0.021883551904721,0.0220071148237973,0.0221010738950329,0.0221570411520431,0.0221699625322464,0.0221384936155613,0.0220651158761207,0.021955990836286,0.0218205472702269,0.0216707981777097,0.021520395589191,0.0213834569796856,0.021273237905931,0.0212007750241853,0.0211736665790961,0.0211951728035752,0.0212637894892016,0.0213733733234808,0.0215137976365202,0.0216720251648565,0.0218334291814155,0.0219831862041665,0.0221075927916489,0.0221952054624113,0.0222377475075523,0.022230758173887,0.0221739754448977,0.0220714460557356,0.0219313507916809,0.0217655261491,0.0215886626976838,0.0214171743630447,0.0212677687916466,0.0211558090948837,0.0210936322106284,0.0210890542668713,0.0211443144337363,0.0212556595890614,0.0214136554911401,0.0216041640910624,0.0218098057070775,0.0220116685774674,0.0221910417851758,0.0223310062510929,0.022417788800654,0.0224418410106607,0.0223986367131523,0.022289189708448,0.0221202816131606,0.0219043654976885,0.0216590819121604,0.0214063015472462,0.0211706112015893,0.0209772109835984,0.020849310679906,0.0208052951832164,0.0208561151956525,0.0210034463007803,0.0212390554478574,0.0215455239065733,0.0218981265618358,0.0222674261535344,0.0226220963068585,0.0229316059741646,0.0231685809600133,0.0233108190175614,0.0233430359224292,0.0232584620588475,0.0230604059217525,0.0227638573136764,0.0223971030954849,0.0220031326316672,0.0216402710926281,0.021381008610825,0.0213076192794002,0.0215034867906889,0.022040785558001,0.0229679987404875,0.02430240129424,0.0260306862394108,0.0281164700059954,0.0305104495566228,0.0331594186941531,0.0360125397540975,0.0390250260821573,0.0421600604780122,NA,NA,NA,NA,NA,NA,NA,NA,NA,NA,NA,NA,NA,NA,NA,NA,NA,NA,NA,NA,NA,NA,NA,NA,NA,NA,NA,NA,NA,NA,NA,NA,NA,NA,NA,NA,NA,NA,NA,NA,NA,NA,NA,NA,NA,NA,NA,NA,NA,NA,NA,NA,NA,NA,NA,NA,NA,NA,NA,NA,NA,NA,NA,NA,NA,NA
0.0419909205738774,0.0388791805410573,0.0358882035896949,0.0330541517224973,0.0304210345163941,0.0280388684747696,0.0259601326965235,0.0242337085001932,0.0228961143609663,0.0219615282465984,0.0214142371566367,0.0212076856094615,0.021271531693893,0.0215237710117677,0.0218829248438269,0.0222767658666032,0.0226468227576263,0.022949669554778,0.0231563793562198,0.023251177449719,0.0232298678746421,0.0230982682312389,0.0228706894553419,0.0225683951095344,0.0222179286357291,0.0218491896480225,0.0214931748833821,0.0211793892575419,0.0209330821245799,0.020772643459865,0.0207076262165455,0.02073784566396,0.0208537975126932,0.0210383023062301,0.0212689813766529,0.0215210362299281,0.0217698628720343,0.0219932062130552,0.0221727431807625,0.0222951117588832,0.0223524634217218,0.0223426251758048,0.0222689383131829,0.0221398127231787,0.0219680101703778,0.0217696552075354,0.0215629748424616,0.0213667932683257,0.0211988577091144,0.0210741383952788,0.0210033089544139,0.0209916413910856,0.0210385142050195,0.0211376288929671,0.0212778893507302,0.0214447724781326,0.0216219505745542,0.0217929294032674,0.0219425207126644,0.0220580413677194,0.0221301954997814,0.0221536380285491,0.0221272370184256,0.0220540548508101,0.0219410622101058,0.0217985919802251,0.0216395389550019,0.0214783213998069,0.0213296456737913,0.0212071548162561,0.0211220885090616,0.0210821191494676,0.021090536617875,0.0211459180645408,0.0212423407443311,0.0213700977247727,0.0215167908257073,0.0216686284968464,0.0218117556352877,0.0219334760319251,0.0220232760437336,0.022073602471129,0.0220803788154897,0.0220432603849387,0.0219656333868598,0.0218543615841168,0.021719282150074,0.0215724556922494,0.0214271889495941,0.021296875313584,0.0211937366710575,0.0211275919802183,0.0211048083838978,0.0211275919802338,0.0211937366710888,0.0212968753136286,0.0214271889496482,0.0215724556923066,0.0217192821501267,0.0218543615841565,0.0219656333868791,0.0220432603849314,0.02208037881545,0.0220736024710492,0.0220232760436105,0.0219334760317577,0.021811755635084,0.021668628496619,0.0215167908254758,0.0213700977245598,0.0212423407441555,0.0211459180644162,0.0210905366178047,0.0210821191494433,0.0211220885090642,0.0212071548162579,0.0213296456737587,0.0214783213997078,0.0216395389548088,0.021798591979921,0.0219410622096852,0.0220540548502839,0.0221272370178205,0.0221536380279024,0.0221301954991417,0.0220580413671387,0.021942520712191,0.0217929294029402,0.0216219505743935,0.021444772478138,0.0212778893508795,0.0211376288932188,0.0210385142053181,0.0209916413913701,0.0210033089546262,0.0210741383953731,0.0211988577090646,0.0213667932681317,0.0215629748421505,0.0217696552071559,0.0219680101699967,0.0221398127228685,0.0222689383130132,0.0223426251758302,0.0223524634219788,0.0222951117593796,0.0221727431814782,0.0219932062139443,0.0217698628730327,0.0215210362309596,0.0212689813776371,0.0210383023070984,0.0208537975133912,0.0207378456644588,0.0207076262168481,0.0207726434600049,0.0209330821246103,0.021179389257533,0.0214931748834035,0.0218491896481331,0.0222179286359634,0.0225683951099062,0.0228706894558354,0.0230982682318211,0.0232298678752586,0.0232511774503046,0.0231563793567129,0.0229496695551211,0.0226468227577813,0.0222767658665529,0.0218829248435747,0.0215237710113541,0.021271531693382,0.0212076856089324,0.0214142371561754,0.021961528246265,0.0228961143607897,0.0242337085001568,0.0259601326965743,0.0280388684748323,0.0304210345163844,0.033054151722337,0.0358882035893101,0.038879180540404,0.0419909205729071,NA,NA,NA,NA,NA,NA,NA,NA,NA,NA,NA,NA,NA,NA,NA,NA,NA,NA,NA,NA,NA,NA,NA,NA,NA,NA,NA,NA,NA,NA,NA,NA,NA,NA,NA,NA,NA,NA,NA,NA,NA,NA,NA,NA,NA,NA,NA,NA,NA,NA,NA,NA,NA,NA,NA,NA,NA,NA,NA,NA,NA,NA,NA,NA,NA
0.0421240690091692,0.0390063184768427,0.0360087712943536,0.0331674002791547,0.0305260304345738,0.0281345565929949,0.0260454828813085,0.0243079628348956,0.0229591128381152,0.0220140211969558,0.0214580373989291,0.0212455499104502,0.0213067975933632,0.0215598984018666,0.0219230973986945,0.0223236238124056,0.0227023183722203,0.0230150045135392,0.0232319867048362,0.0233367265618683,0.0233242850163104,0.0231997751691881,0.0229768688004636,0.0226762949499276,0.0223242205269618,0.0219503917375279,0.0215859432648623,0.0212608633628332,0.0210012452324591,0.0208266350208617,0.0207479326466231,0.0207663130154706,0.0208734521968095,0.0210530166519162,0.0212830549684815,0.021538768804879,0.0217951754743531,0.0220293397557873,0.0222220408002717,0.0223588787554419,0.0224308951780108,0.0224347957724267,0.0223728473200949,0.0222524925027391,0.0220856993148898,0.0218880439154773,0.0216775234652102,0.0214731145772965,0.0212931367705304,0.0211535445035462,0.0210663388694338,0.0210383310473458,0.0210704729538698,0.0211578837724627,0.0212905654645619,0.0214546648514633,0.0216340537077159,0.0218119836021601,0.0219726167242846,0.0221023058618783,0.022190565508965,0.0222307245484504,0.0222202756947554,0.0221609429140742,0.0220584832435129,0.0219222315161861,0.0217643922165039,0.0215990879000073,0.0214411928540177,0.021305015370688,0.0212029375087574,0.0211441645863025,0.0211337583263571,0.0211721093033115,0.0212549407222503,0.021373841450683,0.0215172321026093,0.0216716044847654,0.0218228569894179,0.0219575713301008,0.0220641210197439,0.0221335494498603,0.0221601923159145,0.0221420409414821,0.0220808515020962,0.0219820050204362,0.0218541199859876,0.0217084192176603,0.0215578604038429,0.021416059686681,0.0212960707524648,0.0212091235951953,0.0211634655984206,0.0211634655983384,0.0212091235949647,0.021296070752132,0.0214160596863141,0.0215578604035214,0.0217084192174614,0.0218541199859776,0.0219820050206598,0.0220808515025711,0.0221420409421977,0.0221601923168295,0.0221335494509107,0.0220641210208484,0.0219575713311741,0.0218228569903809,0.0216716044855565,0.0215172321031918,0.0213738414510497,0.0212549407224249,0.0211721093033451,0.0211337583263206,0.0211441645862735,0.02120293750881,0.0213050153708808,0.0214411928543854,0.0215990879005556,0.0217643922172109,0.0219222315170059,0.0220584832443792,0.0221609429149125,0.0222202756954918,0.0222307245490169,0.0221905655093139,0.022102305861984,0.0219726167241435,0.0218119836017977,0.0216340537071783,0.0214546648508151,0.0212905654638777,0.0211578837718181,0.0210704729533296,0.0210383310469572,0.0210663388692162,0.0211535445034898,0.0212931367706015,0.021473114577441,0.0216775234653642,0.0218880439155777,0.0220856993148795,0.0222524925025757,0.0223728473197559,0.0224347957719091,0.0224308951773281,0.0223588787546264,0.0222220407993708,0.022029339754856,0.0217951754734482,0.0215387688040604,0.0212830549677934,0.0210530166513937,0.0208734521964598,0.0207663130152819,0.020747932646565,0.0208266350208849,0.0210012452325077,0.0212608633628551,0.0215859432648134,0.021950391737383,0.0223242205267081,0.0226762949495794,0.0229768688000493,0.023199775168745,0.0233242850158817,0.0233367265615057,0.0232319867045801,0.0230150045134224,0.0227023183722594,0.0223236238126039,0.02192309739903,0.0215598984023026,0.0213067975938439,0.0212455499109144,0.021458037399318,0.0220140211972272,0.0229591128382553,0.0243079628349236,0.0260454828812703,0.028134556592955,0.0305260304345981,0.0331674002793148,0.0360087712947035,0.0390063184774255,0.0421240690100197,NA,NA,NA,NA,NA,NA,NA,NA,NA,NA,NA,NA,NA,NA,NA,NA,NA,NA,NA,NA,NA,NA,NA,NA,NA,NA,NA,NA,NA,NA,NA,NA,NA,NA,NA,NA,NA,NA,NA,NA,NA,NA,NA,NA,NA,NA,NA,NA,NA,NA,NA,NA,NA,NA,NA,NA,NA,NA,NA,NA,NA,NA,NA,NA
0.0421525877295729,0.0390371311274674,0.0360409971369418,0.0331998655177656,0.0305572466811848,0.0281627610821343,0.026068771707002,0.0243245437910399,0.0229676682232708,0.0220140964064465,0.0214502999285498,0.0212317801161422,0.0212896032257243,0.0215422845522044,0.0219080527630819,0.022313812901648,0.0226998877603154,0.0230214719512781,0.023248179586979,0.0233627485031638,0.0233595022503284,0.0232428240441794,0.0230256921281631,0.0227282193431018,0.0223760891998494,0.0219987661762392,0.0216273800700911,0.0212922567644815,0.0210202014223965,0.0208318180438094,0.0207393066422225,0.0207452161662808,0.0208424764093354,0.0210157183665644,0.021243561836514,0.0215013581592592,0.0217638857190304,0.0220076494108183,0.0222126261522878,0.0223634467026043,0.0224500829126173,0.02246813028842,0.022418762062212,0.0223084033735541,0.022148146040271,0.021952903943093,0.0217403024824545,0.0215293087903939,0.0213386467521721,0.0211851008243626,0.0210818818643004,0.0210372797768658,0.0210538291764101,0.0211281459630196,0.0212514665062799,0.0214107805143806,0.0215903459689156,0.0217733408228198,0.021943437652971,0.0220861554421788,0.0221899145926238,0.0222467759259091,0.0222528751617199,0.0222085745627865,0.0221183505490976,0.0219904279058928,0.0218361645938142,0.0216691920917812,0.0215043296956444,0.0213563201165205,0.0212384761145362,0.021161374132788,0.0211317634254827,0.0211518580036967,0.021219132222315,0.0213266558313641,0.0214639066095871,0.0216179209139535,0.0217746069598148,0.0219200546758381,0.0220417149277166,0.0221293693481552,0.022175853845117,0.022177526446182,0.0221344831665665,0.0220505279302281,0.0219328996262343,0.0217917567478974,0.0216394231119232,0.0214894115951162,0.0213552694412683,0.0212493270304368,0.0211814739466614,0.0211581166900527,0.0211814739464669,0.021249327030089,0.0213552694408413,0.0214894115947047,0.0216394231116256,0.0217917567478019,0.0219328996264062,0.0220505279307007,0.0221344831673364,0.0221775264472086,0.0221758538463264,0.0221293693494503,0.0220417149289911,0.021920054676991,0.0217746069607653,0.0216179209146519,0.0214639066100203,0.0213266558315574,0.0212191322223277,0.0211518580036116,0.0211317634253923,0.0211613741327786,0.0212384761146722,0.0213563201168361,0.0215043296961378,0.0216691920924175,0.0218361645945306,0.0219904279066103,0.0221183505497303,0.0222085745632538,0.0222528751619612,0.0222467759258882,0.0221899145923366,0.0220861554416513,0.0219434376522562,0.0217733408219881,0.0215903459680497,0.0214107805135619,0.0212514665055774,0.021128145962481,0.0210538291760538,0.0210372797766781,0.0210818818642369,0.0211851008243598,0.0213386467521602,0.0215293087903083,0.0217403024822519,0.0219529039427537,0.0221481460398003,0.0223084033729817,0.0224187620615847,0.0224681302877868,0.0224500829120356,0.0223634467021188,0.0222126261519332,0.0220076494106153,0.0217638857189841,0.0215013581593549,0.0212435618367214,0.0210157183668445,0.0208424764096379,0.020745216166564,0.0207393066424488,0.0208318180439612,0.021020201422474,0.0212922567644938,0.0216273800700603,0.0219987661761879,0.0223760891998054,0.022728219343084,0.0230256921281871,0.0232428240442515,0.0233595022504488,0.0233627485033275,0.0232481795871724,0.0230214719514832,0.0226998877605134,0.0223138129018217,0.0219080527632237,0.0215422845523018,0.0212896032257837,0.0212317801161722,0.0214502999285568,0.0220140964064461,0.0229676682232668,0.0243245437910384,0.0260687717070044,0.0281627610821423,0.0305572466812009,0.0331998655177899,0.0360409971369769,0.0390371311275126,0.0421525877296328,NA,NA,NA,NA,NA,NA,NA,NA,NA,NA,NA,NA,NA,NA,NA,NA,NA,NA,NA,NA,NA,NA,NA,NA,NA,NA,NA,NA,NA,NA,NA,NA,NA,NA,NA,NA,NA,NA,NA,NA,NA,NA,NA,NA,NA,NA,NA,NA,NA,NA,NA,NA,NA,NA,NA,NA,NA,NA,NA,NA,NA,NA,NA
0.0419837488833685,0.0388972541764748,0.0359280737447555,0.0331110896574193,0.0304888341519396,0.0281098417900257,0.026025428624623,0.0242841011600203,0.0229233124136352,0.0219597920478375,0.0213817580337667,0.0211471043357461,0.0211893614463668,0.0214290577968524,0.0217857306269241,0.0221868977386817,0.022572938722949,0.0228987052022387,0.0231331901389365,0.0232583136220564,0.0232674385473016,0.0231638850460959,0.0229595055227527,0.0226732729969679,0.0223297828384379,0.0219575504518216,0.021587003783721,0.0212481318574753,0.0209678706277196,0.0207674742512801,0.0206602785798228,0.0206503217829288,0.0207321678705501,0.0208919957475746,0.0211096915790885,0.0213614700461426,0.0216225277213004,0.0218693615269294,0.0220815683315383,0.0222430944004589,0.0223429913971096,0.0223757646835529,0.0223413914432432,0.0222450612706687,0.0220966643304703,0.0219100304938469,0.0217019130775922,0.0214907185727403,0.0212950137919424,0.0211318945417983,0.021015365813227,0.020954940059329,0.020954676559387,0.0210128375141278,0.021122227725976,0.0212711489229068,0.0214447872328387,0.0216268003440472,0.021800885140366,0.0219521647672295,0.0220683044673795,0.0221403240287938,0.0221631110946738,0.0221356548083929,0.0220610196597486,0.0219460724508654,0.0218009677979181,0.0216383954221606,0.0214726007763278,0.0213182129342453,0.0211889502313896,0.0210963185813762,0.02104845554614,0.0210492860442947,0.0210981277544995,0.0211898149952875,0.021315317478146,0.0214627451525815,0.0216185790570508,0.0217689606403395,0.0219008999494223,0.0220033079021989,0.0220678018286487,0.022089265926549,0.0220661663584936,0.0220006267632391,0.0218982686727782,0.0217678180075648,0.0216204786651995,0.0214690820384646,0.0213270407752962,0.0212071670242495,0.021120455284345,0.021074966454971,0.0210749664549388,0.0211204552842544,0.0212071670241195,0.0213270407751547,0.0214690820383429,0.0216204786651286,0.02176781800757,0.0218982686728763,0.0220006267634355,0.0220661663587819,0.0220892659269104,0.0220678018290558,0.0220033079026185,0.0219008999498195,0.0217689606406842,0.0216185790573211,0.0214627451527656,0.0213153174782452,0.0211898149953158,0.0210981277544811,0.0210492860442584,0.0210484555461161,0.0210963185813894,0.0211889502314571,0.0213182129343703,0.0214726007765045,0.021638395422372,0.0218009677981404,0.0219460724510705,0.0220610196599075,0.0221356548084813,0.0221631110946752,0.0221403240286998,0.0220683044671962,0.0219521647669719,0.0218008851400573,0.0216268003437161,0.0214447872325167,0.0212711489226223,0.0211222277257513,0.0210128375139739,0.0209546765593023,0.0209549400592986,0.0210153658132256,0.0211318945417964,0.0212950137919104,0.021490718572657,0.0217019130774463,0.0219100304936422,0.0220966643302194,0.0222450612703949,0.022341391442973,0.0223757646833166,0.0223429913969294,0.0222430944003547,0.0220815683315217,0.0218693615269988,0.0216225277214484,0.0213614700463524,0.0211096915793329,0.0208919957478249,0.020732167870778,0.0206503217831127,0.0206602785799509,0.0207674742513549,0.0209678706277495,0.0212481318574771,0.0215870037837155,0.0219575504518283,0.0223297828384698,0.022673272997035,0.0229595055228583,0.0231638850462345,0.0232674385474645,0.0232583136222282,0.0231331901390985,0.022898705202377,0.0225729387230458,0.0221868977387326,0.0217857306269277,0.0214290577968134,0.0211893614462981,0.0211471043356639,0.0213817580336916,0.0219597920477825,0.0229233124136073,0.0242841011600163,0.0260254286246345,0.0281098417900382,0.0304888341519419,0.0331110896573978,0.0359280737447053,0.0388972541763768,0.0419837488832269,NA,NA,NA,NA,NA,NA,NA,NA,NA,NA,NA,NA,NA,NA,NA,NA,NA,NA,NA,NA,NA,NA,NA,NA,NA,NA,NA,NA,NA,NA,NA,NA,NA,NA,NA,NA,NA,NA,NA,NA,NA,NA,NA,NA,NA,NA,NA,NA,NA,NA,NA,NA,NA,NA,NA,NA,NA,NA,NA,NA,NA,NA
0.0418296573538447,0.0387708423574791,0.035827410420908,0.0330334759422059,0.0304306291579651,0.028066357100032,0.0259909616646083,0.0242522054550273,0.0228873865748401,0.021913957549144,0.0213217999693806,0.0210711170332781,0.0210978446773184,0.0213244984487832,0.0216719234235942,0.0220682632204031,0.0224539734697239,0.0227835853436004,0.0230254961538842,0.0231608369423198,0.0231820416348568,0.0230914008464798,0.0228996743718009,0.022624724765046,0.0222900797757117,0.0219233112552107,0.0215541293912898,0.0212121443330214,0.0209243546691538,0.0207125776164024,0.0205911935047686,0.0205656526149405,0.0206321061606945,0.0207782714918726,0.0209853268027059,0.0212304016969082,0.0214891773480918,0.0217382147056478,0.0219568021336846,0.0221282691842129,0.0222408095466666,0.0222878935748499,0.0222683483500057,0.0221861614383926,0.0220500379062613,0.0218727176644513,0.0216700478310838,0.0214598078749415,0.0212603087032763,0.0210888323481464,0.0209600402763022,0.0208845373306987,0.0208678066866897,0.0209097030172606,0.021004600727447,0.0211421667408628,0.02130860896878,0.0214881835777445,0.0216647408899759,0.0218231361943408,0.0219503984986023,0.0220366112462936,0.0220755006093194,0.0220647473361426,0.0220060422364992,0.0219049002520493,0.021770240396737,0.021613734472539,0.0214489314742357,0.0212901810601314,0.0211514099344728,0.0210448459286636,0.0209798252083835,0.0209618413361465,0.020991983873111,0.0210668619053712,0.0211790249710946,0.0213178061972096,0.021470448477736,0.0216233507855374,0.0217632865920422,0.0218784849030685,0.0219595084661342,0.0219999000590156,0.0219965908221968,0.0219500748386499,0.0218643553657037,0.0217466651744713,0.0216069613390984,0.0214571982982377,0.0213103961932082,0.0211795466450113,0.0210764336176125,0.0210104851683294,0.0209877989991289,0.0210104851682978,0.0210764336175543,0.0211795466449375,0.0213103961931321,0.0214571982981742,0.0216069613390619,0.0217466651744729,0.0218643553657518,0.0219500748387468,0.0219965908223397,0.0219999000591965,0.0219595084663399,0.0218784849032842,0.0217632865922505,0.021623350785723,0.0214704484778864,0.0213178061973179,0.0211790249711604,0.0210668619053993,0.0209919838731132,0.020961841336138,0.0209798252083794,0.0210448459286781,0.021151409934515,0.0212901810602071,0.0214489314743442,0.0216137344726729,0.0217702403968848,0.0219049002521967,0.0220060422366272,0.0220647473362352,0.0220755006093612,0.0220366112462767,0.0219503984985242,0.0218231361942069,0.0216647408897986,0.0214881835775408,0.0213086089685707,0.0211421667406706,0.0210046007272909,0.0209097030171504,0.0208678066866279,0.020884537330675,0.0209600402763,0.0210888323481447,0.0212603087032532,0.0214598078748791,0.0216700478309738,0.0218727176642923,0.0220500379060627,0.0221861614381712,0.0222683483497781,0.0222878935746405,0.022240809546495,0.0221282691841015,0.0219568021336426,0.0217382147056817,0.0214891773481949,0.02123040169707,0.0209853268029035,0.020778271492084,0.0206321061608916,0.0205656526151034,0.0205911935048843,0.0207125776164694,0.0209243546691792,0.0212121443330188,0.021554129391276,0.0219233112552058,0.0222900797757329,0.0226247247651006,0.022899674371897,0.0230914008466122,0.0231820416350186,0.023160836942494,0.0230254961540526,0.0227835853437475,0.0224539734698286,0.022068263220458,0.0216719234235991,0.0213244984487393,0.0210978446772458,0.0210711170331903,0.0213217999693002,0.0219139575490862,0.0228873865748102,0.0242522054550234,0.0259909616646207,0.0280663571000481,0.0304306291579704,0.0330334759421865,0.035827410420852,0.0387708423573775,0.041829657353691,NA,NA,NA,NA,NA,NA,NA,NA,NA,NA,NA,NA,NA,NA,NA,NA,NA,NA,NA,NA,NA,NA,NA,NA,NA,NA,NA,NA,NA,NA,NA,NA,NA,NA,NA,NA,NA,NA,NA,NA,NA,NA,NA,NA,NA,NA,NA,NA,NA,NA,NA,NA,NA,NA,NA,NA,NA,NA,NA,NA,NA
0.041769587112779,0.0387325486062262,0.0358091994669942,0.0330329480209781,0.0304445130886965,0.0280904074988738,0.026019985472527,0.0242803126960902,0.0229085476337547,0.021922844657931,0.0213147003042163,0.0210465677001717,0.0210567301847534,0.0212696335257769,0.0216073697171706,0.0219986425033257,0.0223839184740017,0.0227173514476644,0.0229667003254729,0.023112281410167,0.0231455910950246,0.0230678968768544,0.0228888833960819,0.0226253258444521,0.0222997063158749,0.0219386661271617,0.0215711939500638,0.0212264946498045,0.0209315792487362,0.0207087601037882,0.0205733898607969,0.0205322718170592,0.0205831130709707,0.02071517222456,0.0209109529535259,0.0211485538415019,0.0214042039703524,0.0216545921632919,0.0218787579118099,0.0220594679126785,0.0221841060144348,0.0222451501244493,0.0222403134172647,0.0221724089343663,0.0220489714331642,0.0218816474948678,0.0216853504867902,0.0214771760912179,0.0212750915823474,0.0210964505637193,0.0209564408640391,0.0208666324044535,0.020833829102672,0.0208594176309794,0.0209393342855378,0.0210646553645257,0.0212226964588124,0.021398424829038,0.0215759685175093,0.0217400388888196,0.0218771442085336,0.02197653372198,0.0220308577511336,0.0220365548475017,0.0219939852431343,0.0219073270993908,0.0217842449136884,0.021635333672045,0.0214733429660205,0.0213121965939032,0.0211658476569504,0.0210470454817702,0.0209661312125296,0.0209300092615977,0.0209414449077611,0.0209988029993569,0.0210962724246068,0.0212245356638546,0.0213717700298151,0.0215248284687949,0.0216704483218079,0.0217963661256329,0.0218922582980743,0.0219504663936008,0.0219664932378211,0.0219392709801334,0.0218712064834728,0.02176800783468,0.0216382928379346,0.0214929807626643,0.0213444765960031,0.0212056757322637,0.0210888468432499,0.0210044871990942,0.02096027748115,0.020960277481148,0.0210044871990879,0.0210888468432391,0.0212056757322479,0.0213444765959826,0.0214929807626406,0.0216382928379094,0.0217680078346557,0.0218712064834527,0.0219392709801209,0.0219664932378195,0.0219504663936119,0.0218922582980998,0.0217963661256718,0.021670448321857,0.0215248284688496,0.0213717700298696,0.0212245356639033,0.0210962724246461,0.0209988029993835,0.0209414449077758,0.0209300092616033,0.0209661312125302,0.0210470454817708,0.0211658476569575,0.0213121965939219,0.0214733429660552,0.021635333672098,0.021784244913757,0.0219073270994705,0.0219939852432181,0.0220365548475799,0.0220308577511964,0.0219765337220189,0.021877144208544,0.0217400388887995,0.0215759685174612,0.021398424828968,0.0212226964587305,0.0210646553644437,0.0209393342854661,0.0208594176309264,0.0208338291026394,0.0208666324044393,0.0209564408640366,0.0210964505637188,0.0212750915823372,0.0214771760911889,0.0216853504867366,0.0218816474947872,0.022048971433058,0.0221724089342424,0.0222403134171315,0.0222451501243199,0.0221841060143224,0.0220594679125949,0.0218787579117624,0.0216545921632869,0.0214042039703902,0.0211485538415749,0.0209109529536245,0.0207151722246686,0.0205831130710777,0.0205322718171514,0.0205733898608639,0.0207087601038282,0.0209315792487522,0.0212264946498036,0.0215711939500548,0.021938666127159,0.0222997063158864,0.0226253258444872,0.022888883396141,0.0230678968769402,0.0231455910951306,0.0231122814102869,0.0229667003255899,0.0227173514477689,0.0223839184740825,0.0219986425033757,0.0216073697171882,0.0212696335257614,0.0210567301847175,0.0210465677001242,0.0213147003041707,0.0219228446578958,0.022908547633737,0.0242803126960871,0.0260199854725339,0.0280904074988797,0.0304445130886944,0.0330329480209574,0.035809199466947,0.0387325486061484,0.0417695871126633,NA,NA,NA,NA,NA,NA,NA,NA,NA,NA,NA,NA,NA,NA,NA,NA,NA,NA,NA,NA,NA,NA,NA,NA,NA,NA,NA,NA,NA,NA,NA,NA,NA,NA,NA,NA,NA,NA,NA,NA,NA,NA,NA,NA,NA,NA,NA,NA,NA,NA,NA,NA,NA,NA,NA,NA,NA,NA,NA,NA
0.0417373038688968,0.0387191397089805,0.0358131104765317,0.0330519759858307,0.0304756564004719,0.0281297742460669,0.0260628212064441,0.0243212339480155,0.0229420562766971,0.0219441039393742,0.02132038007537,0.021035437514619,0.021029755495863,0.0212295881772389,0.0215581924304003,0.0219447854192117,0.0223298247976241,0.0226670869890754,0.0229237078535755,0.0230792169814472,0.0231242119004161,0.0230589843192385,0.0228921972492097,0.0226395948075536,0.0223226676664113,0.021967172375189,0.0216014057197559,0.0212541731529302,0.0209524751243852,0.0207190676370113,0.020570203499568,0.0205139604260673,0.0205495324658737,0.020667672479142,0.0208521894214457,0.0210821552459498,0.0213343698428365,0.0215856848025271,0.0218149326635482,0.0220043631375554,0.0221405982425125,0.0222151721564751,0.0222247317439395,0.0221709592346121,0.0220602549069092,0.0219031947123499,0.0217137617590075,0.021508346349642,0.0213045215306621,0.021119633178117,0.0209692939750614,0.0208659283820128,0.0208175592827481,0.0208270302336818,0.0208918037327356,0.0210043733676444,0.021153209455714,0.0213240663221037,0.0215014426683816,0.0216700052773264,0.0218158396423741,0.0219274522832748,0.02199649918775,0.0220182452959439,0.021991772457855,0.0219199533407601,0.0218092026689089,0.0216690106605179,0.021511261564186,0.0213493471229521,0.0211971037425944,0.02106763338425,0.0209721068128617,0.0209186823188758,0.0209116873890359,0.0209511912621227,0.0210330402510741,0.0211493485396762,0.0212893597767473,0.0214405432973933,0.0215897747192781,0.0217244695653607,0.0218335757961492,0.0219083708478852,0.0219430402563237,0.0219350341869073,0.0218852062151463,0.0217977391051151,0.021679859532862,0.0215413421407235,0.0213938072069008,0.0212498291507295,0.0211218968878966,0.0210212998885324,0.020957048454717,0.0209349607390325,0.0209570484547129,0.0210212998885227,0.0211218968878797,0.0212498291507045,0.0213938072068679,0.0215413421406839,0.0216798595328194,0.0217977391050729,0.0218852062151099,0.0219350341868829,0.0219430402563168,0.0219083708478997,0.021833575796187,0.0217244695654206,0.0215897747193546,0.0214405432974788,0.0212893597768319,0.0211493485397517,0.0210330402511336,0.0209511912621634,0.0209116873890574,0.0209186823188819,0.020972106812859,0.0210676333842489,0.0211971037426034,0.0213493471229809,0.021511261564241,0.0216690106606023,0.0218092026690195,0.0219199533408905,0.0219917724579926,0.0220182452960743,0.0219964991878575,0.021927452283347,0.0218158396424009,0.0216700052773053,0.0215014426683155,0.0213240663220034,0.0211532094555954,0.0210043733675251,0.0208918037326309,0.0208270302336032,0.0208175592827,0.0208659283819925,0.0209692939750597,0.0211196331781191,0.0213045215306536,0.0215083463496074,0.0217137617589372,0.021903194712236,0.0220602549067534,0.0221709592344205,0.0222247317437246,0.0222151721562569,0.0221405982423097,0.0220043631373923,0.0218149326634388,0.0215856848024843,0.0213343698428634,0.0210821552460396,0.0208521894215851,0.0206676724793068,0.0205495324660428,0.0205139604262158,0.0205702034996808,0.0207190676370791,0.02095247512441,0.0212541731529215,0.0216014057197301,0.0219671723751691,0.022322667666415,0.0226395948075973,0.0228921972493025,0.0230589843193801,0.0231242119005958,0.0230792169816479,0.0229237078537773,0.022667086989256,0.0223298247977653,0.0219447854192988,0.021558192430427,0.0212295881772118,0.0210297554957987,0.0210354375145385,0.0213203800752904,0.0219441039393167,0.0229420562766671,0.0243212339480125,0.026062821206458,0.028129774246082,0.030475656400474,0.033051975985805,0.0358131104764649,0.038719139708858,0.0417373038687148,NA,NA,NA,NA,NA,NA,NA,NA,NA,NA,NA,NA,NA,NA,NA,NA,NA,NA,NA,NA,NA,NA,NA,NA,NA,NA,NA,NA,NA,NA,NA,NA,NA,NA,NA,NA,NA,NA,NA,NA,NA,NA,NA,NA,NA,NA,NA,NA,NA,NA,NA,NA,NA,NA,NA,NA,NA,NA,NA
0.0416610916293306,0.038661001589508,0.0357715796768359,0.0330250191849078,0.0304605549561216,0.0281230617848263,0.0260603278380811,0.0243183050100853,0.0229339999377856,0.0219268424731879,0.0212911414329303,0.0209932268715475,0.0209754148988891,0.0211654619848275,0.0214875868318363,0.0218714238778402,0.0222574099833153,0.0225989886273564,0.0228627510182235,0.0230275379551981,0.0230831575485532,0.0230290426753336,0.0228729570287036,0.0226297393541293,0.0223200148670596,0.0219687761862283,0.0216037356321507,0.0212533823645132,0.0209447533825042,0.020701050312745,0.0205393802960578,0.0204690080977054,0.0204905001448954,0.0205959799807673,0.020770446140278,0.0209938480997405,0.0212434867994575,0.0214963345380242,0.0217310012575177,0.0219292276998817,0.0220769023441317,0.0221646605553668,0.0221881405365554,0.022147959781177,0.0220494536085927,0.0219021944101987,0.0217192928199858,0.0215164749003116,0.021310937135164,0.0211200072980461,0.0209596841976306,0.0208431850593756,0.0207796775404561,0.020773388989773,0.0208232487373537,0.0209231303395359,0.0210626461960513,0.0212283475730747,0.0214051315226051,0.021577660659291,0.0217316465904284,0.0218549072671984,0.0219381611745858,0.0219755564855979,0.0219649501841712,0.0219079551975216,0.0218097688238903,0.0216787888961657,0.02152602013926,0.0213642764140705,0.0212071985169433,0.0210681334055904,0.0209589564729688,0.0208889550467149,0.0208639143498105,0.0208855416798889,0.0209513230825921,0.021054836303959,0.0211864651335026,0.0213343984581905,0.0214857691740691,0.021627795074489,0.0217488147447124,0.0218391505930875,0.0218917657120954,0.0219027048766512,0.0218713219297088,0.0218002987587401,0.0216954590662857,0.0215653774612854,0.0214207851928415,0.0212737818986068,0.0211368807611248,0.0210219426114975,0.0209390884737318,0.0208957100236748,0.0208957100236708,0.0209390884737189,0.0210219426114768,0.0211368807610958,0.0212737818985715,0.0214207851928017,0.0215653774612458,0.0216954590662501,0.0218002987587131,0.0218713219296952,0.0219027048766554,0.02189176571212,0.021839150593134,0.0217488147447796,0.0216277950745729,0.0214857691741625,0.0213343984582835,0.0211864651335866,0.0210548363040273,0.0209513230826407,0.0208855416799178,0.020863914349823,0.0208889550467165,0.0209589564729684,0.0210681334055968,0.0212071985169647,0.0213642764141144,0.0215260201393293,0.0216787888962598,0.0218097688240057,0.0219079551976488,0.0219649501842972,0.0219755564857096,0.0219381611746678,0.0218549072672418,0.0217316465904279,0.0215776606592453,0.0214051315225218,0.021228347572967,0.0210626461959344,0.0209231303394246,0.0208232487372616,0.0207733889897076,0.0207796775404197,0.0208431850593624,0.0209596841976315,0.0211200072980466,0.0213109371351516,0.02151647490027,0.0217192928199063,0.021902194410075,0.0220494536084263,0.0221479597809747,0.0221881405363314,0.0221646605551386,0.0220769023439238,0.0219292276997144,0.0217310012574099,0.0214963345379878,0.0212434867994914,0.02099384809984,0.0207704461404277,0.0205959799809432,0.0204905001450725,0.0204690080978596,0.0205393802961738,0.0207010503128127,0.020944753382525,0.0212533823644984,0.0216037356321196,0.021968776186204,0.0223200148670639,0.0226297393541789,0.0228729570288082,0.0230290426754885,0.0230831575487514,0.0230275379554191,0.0228627510184471,0.022598988627555,0.0222574099834662,0.0218714238779324,0.0214875868318636,0.0211654619848,0.0209754148988204,0.020993226871459,0.021291141432846,0.0219268424731247,0.0229339999377542,0.0243183050100837,0.0260603278380977,0.028123061784847,0.0304605549561279,0.0330250191848824,0.0357715796767631,0.038661001589375,0.0416610916291317,NA,NA,NA,NA,NA,NA,NA,NA,NA,NA,NA,NA,NA,NA,NA,NA,NA,NA,NA,NA,NA,NA,NA,NA,NA,NA,NA,NA,NA,NA,NA,NA,NA,NA,NA,NA,NA,NA,NA,NA,NA,NA,NA,NA,NA,NA,NA,NA,NA,NA,NA,NA,NA,NA,NA,NA,NA,NA
0.0414968213201327,0.0385189142116434,0.0356500965976381,0.0329219941304325,0.0303731615836729,0.0280477377539896,0.0259928215136232,0.024253885685055,0.0228678787735546,0.0218547794248516,0.0212100906153218,0.02090178670248,0.02087390846943,0.0210556576653427,0.0213722224638318,0.0217537142996433,0.0221406398164495,0.0224862119690898,0.0227565788766658,0.022929986456269,0.0229955368461671,0.0229518763953336,0.022805930730483,0.0225716833573576,0.0222689322000699,0.0219219301684571,0.0215578123369456,0.0212047383422074,0.0208897457342377,0.0206364238843642,0.0204626602924546,0.0203788273269025,0.0203867918020126,0.0204799946553759,0.0206445957206282,0.0208614192895489,0.0211082865545325,0.0213623260998272,0.0216019716614376,0.0218085074784655,0.0219671432107944,0.0220676691885757,0.0221047648469342,0.022078025920393,0.021991755456611,0.0218545408684021,0.0216786206919604,0.0214790351044605,0.0212725579187573,0.0210764287004414,0.0209069432055181,0.020778013272005,0.0206998584606023,0.0206780176941313,0.0207128478749421,0.0207996020303454,0.0209290711569062,0.0210886693235396,0.0212637767107595,0.0214391452504274,0.0216002066173937,0.0217341787176206,0.0218309215252763,0.0218835327215951,0.0218886948948365,0.0218467923503463,0.0217618125241011,0.021641040263397,0.0214945477858694,0.0213344832925814,0.0211741707265963,0.0210270543720734,0.0209055540248923,0.0208199331645343,0.0207773117814958,0.0207809621521323,0.0208299989083458,0.0209195152422779,0.0210411407298146,0.0211839272083784,0.0213354279802527,0.0214828297572899,0.0216140194319884,0.0217185044155435,0.021788141803275,0.0218176592597043,0.0218049665636274,0.0217512627436213,0.0216609431957413,0.0215413081871859,0.0214020727567635,0.0212546820533386,0.021111448828037,0.0209845526590661,0.0208849716568244,0.0208214499580055,0.0207996265490825,0.0208214499579909,0.0208849716567975,0.0209845526590309,0.0211114488279986,0.0212546820533034,0.0214020727567373,0.0215413081871751,0.0216609431957489,0.0217512627436502,0.0218049665636778,0.0218176592597735,0.0217881418033607,0.0217185044156398,0.0216140194320889,0.0214828297573865,0.0213354279803381,0.0211839272084476,0.0210411407298635,0.0209195152423074,0.0208299989083583,0.0207809621521341,0.0207773117814932,0.0208199331645352,0.020905554024903,0.0210270543720975,0.0211741707266363,0.0213344832926357,0.0214945477859351,0.0216410402634687,0.0217618125241703,0.0218467923504055,0.0218886948948775,0.0218835327216115,0.0218309215252642,0.0217341787175794,0.0216002066173266,0.0214391452503409,0.021263776710664,0.0210886693234445,0.0209290711568222,0.020799602030279,0.0207128478748961,0.0206780176941064,0.0206998584605932,0.0207780132720043,0.0209069432055165,0.0210764287004301,0.0212725579187275,0.0214790351044077,0.0216786206918803,0.021854540868296,0.0219917554564853,0.0220780259202524,0.0221047648467925,0.022067669188446,0.0219671432106895,0.0218085074783963,0.0216019716614129,0.0213623260998495,0.0211082865546003,0.0208614192896509,0.0206445957207535,0.0204799946555094,0.0203867918021371,0.0203788273270048,0.0204626602925261,0.0206364238844005,0.0208897457342454,0.0212047383421967,0.0215578123369304,0.0219219301684512,0.0222689322000887,0.0225716833574085,0.0228059307305694,0.0229518763954535,0.0229955368463101,0.0229299864564227,0.022756578876815,0.0224862119692195,0.0221406398165422,0.0217537142996963,0.0213722224638414,0.0210556576653126,0.0208739084693747,0.0209017867024139,0.0212100906152614,0.0218547794248079,0.0228678787735338,0.0242538856850537,0.0259928215136349,0.0280477377540014,0.0303731615836743,0.0329219941304063,0.0356500965975782,0.0385189142115382,0.0414968213199752,NA,NA,NA,NA,NA,NA,NA,NA,NA,NA,NA,NA,NA,NA,NA,NA,NA,NA,NA,NA,NA,NA,NA,NA,NA,NA,NA,NA,NA,NA,NA,NA,NA,NA,NA,NA,NA,NA,NA,NA,NA,NA,NA,NA,NA,NA,NA,NA,NA,NA,NA,NA,NA,NA,NA,NA,NA
0.0413539533965213,0.0383960214231305,0.0355457055693838,0.0328341046154256,0.0302991439042834,0.0279842837390423,0.0259359916298196,0.0241993084187535,0.0228111454343197,0.0217920110260649,0.0211385397052581,0.0208202562386049,0.0207828234365575,0.020956797369741,0.0212682669745369,0.0216477757419322,0.0220358759954178,0.0223855430208831,0.0226624882627075,0.0228443800202641,0.0229196403320389,0.0228861614025618,0.0227500674104015,0.0225245247071458,0.0222285399659511,0.0218856560343045,0.0215224490728825,0.0211667515675339,0.0208455851668621,0.0205828924363371,0.0203972940513716,0.0203002196897143,0.0202947938583916,0.0203757478894797,0.0205303945915823,0.0207404414683349,0.0209842504291484,0.0212391340630593,0.0214833813708086,0.0216978533249512,0.0218671147481046,0.0219801448791558,0.0220306971469943,0.022017375218496,0.0219434736686674,0.0218166090884048,0.0216481480191192,0.0214524263821102,0.0212457551899049,0.0210452233431365,0.0208673425298319,0.0207266286141768,0.0206342663252916,0.0205970382873026,0.0206166923943503,0.0206898620134663,0.0208085535445867,0.020961108872629,0.0211334738216545,0.0213105792516176,0.0214776655125121,0.021621432735905,0.021730955121169,0.021798340932464,0.0218191457114717,0.0217925560553005,0.0217213603504062,0.0216117166970629,0.021472721875604,0.0213157829132736,0.0211537984274695,0.0210001733349567,0.0208677182750451,0.0207675203172641,0.0207079044806623,0.0206936220792722,0.0207253887711128,0.0207998482745658,0.0209099670608161,0.0210457924586799,0.0211954542543343,0.0213462708362177,0.0214858335882991,0.0216029754284895,0.0216885664422945,0.0217361106144825,0.0217421378697235,0.0217063950937014,0.0216318413594308,0.0215244500470169,0.0213928178445322,0.0212475815373457,0.0211006514823919,0.0209642881573261,0.0208500751713683,0.020767874407196,0.020724877219445,0.0207248772194392,0.0207678744071807,0.0208500751713456,0.0209642881572998,0.0211006514823672,0.0212475815373272,0.0213928178445238,0.021524450047022,0.0216318413594518,0.0217063950937371,0.0217421378697735,0.0217361106145433,0.0216885664423618,0.0216029754285586,0.0214858335883649,0.0213462708362759,0.0211954542543807,0.0210457924587126,0.0209099670608353,0.0207998482745737,0.0207253887711123,0.0206936220792687,0.0207079044806603,0.0207675203172677,0.0208677182750572,0.0210001733349771,0.0211537984274983,0.0213157829133087,0.0214727218756423,0.0216117166970994,0.0217213603504361,0.0217925560553194,0.0218191457114766,0.0217983409324521,0.0217309551211402,0.0216214327358616,0.0214776655124569,0.021310579251557,0.021133473821594,0.0209611088725738,0.0208085535445421,0.0206898620134347,0.0206166923943321,0.0205970382872951,0.0206342663252902,0.0207266286141779,0.0208673425298299,0.021045223343126,0.0212457551898811,0.0214524263820733,0.0216481480190655,0.0218166090883369,0.0219434736685912,0.0220173752184169,0.0220306971469199,0.0219801448790915,0.0218671147480581,0.0216978533249288,0.0214833813708144,0.0212391340630892,0.0209842504292034,0.0207404414684068,0.0205303945916642,0.0203757478895615,0.0202947938584638,0.0203002196897712,0.0203972940514092,0.0205828924363551,0.0208455851668637,0.0211667515675258,0.021522449072876,0.0218856560343062,0.0222285399659683,0.0225245247071804,0.0227500674104578,0.0228861614026346,0.0229196403321237,0.0228443800203536,0.0226624882627907,0.0223855430209527,0.0220358759954656,0.0216477757419563,0.0212682669745353,0.0209567973697199,0.0207828234365194,0.020820256238564,0.0211385397052208,0.0217920110260374,0.0228111454343067,0.0241993084187536,0.0259359916298278,0.0279842837390506,0.0302991439042826,0.0328341046154116,0.0355457055693477,0.0383960214230687,0.04135395339643,NA,NA,NA,NA,NA,NA,NA,NA,NA,NA,NA,NA,NA,NA,NA,NA,NA,NA,NA,NA,NA,NA,NA,NA,NA,NA,NA,NA,NA,NA,NA,NA,NA,NA,NA,NA,NA,NA,NA,NA,NA,NA,NA,NA,NA,NA,NA,NA,NA,NA,NA,NA,NA,NA,NA,NA
0.0412338181152406,0.0382947793839187,0.0354619351546119,0.0327658668322021,0.0302438787130179,0.0279387572072195,0.0258963360450807,0.0241612118479542,0.0227702366180388,0.0217444217796477,0.0210815133129987,0.0207525837554515,0.0207049349907954,0.0208705057836526,0.021176313584261,0.0215533535563647,0.0219422342059386,0.0222956974591457,0.0225790198268691,0.0227692937539924,0.0228542640760734,0.0228310726540881,0.0227050455924488,0.0224885327821687,0.0221997446319864,0.0218614996701788,0.021499788181931,0.0211420735412777,0.0208153049870329,0.0205437119959764,0.0203465819764843,0.0202363481141402,0.0202173635023245,0.020285652242651,0.0204297130371999,0.0206321924868581,0.0208720615100644,0.0211268876692503,0.0213748821302856,0.0215965418949288,0.0217758373665436,0.0219009779902152,0.0219648231448015,0.0219650062069921,0.0219038231208609,0.0217879148702567,0.0216277532550972,0.0214369259339462,0.0212312137449512,0.0210274648481229,0.0208422991725283,0.0206907217683504,0.0205847757133412,0.0205324055563827,0.0205367078689452,0.0205957010340953,0.0207026571130609,0.0208469324419074,0.0210151480142958,0.0211925322507499,0.0213642506299093,0.0215165920064181,0.0216379366512655,0.0217194778623298,0.0217556991858059,0.0217446229658642,0.0216878475006444,0.0215903849815553,0.021460305621331,0.0213081892367821,0.0211463878655748,0.0209881149586537,0.0208463998608656,0.0207329787222347,0.0206572273823412,0.0206252655951064,0.020639361229912,0.0206977296071705,0.0207947612142646,0.020921638151327,0.0210672387666556,0.0212191981846813,0.0213649936384255,0.0214929490938617,0.0215930894272671,0.0216578079057814,0.0216823348874165,0.0216650088956927,0.0216073554441376,0.0215139776235193,0.0213922592963559,0.0212518804650337,0.0211041484888423,0.0209611612477756,0.0208348404139802,0.0207359027714934,0.0206728683750327,0.0206512251654807,0.0206728683750163,0.0207359027714627,0.0208348404139413,0.0209611612477355,0.0211041484888091,0.0212518804650148,0.0213922592963575,0.021513977623545,0.0216073554441879,0.0216650088957658,0.0216823348875079,0.0216578079058848,0.0215930894273744,0.0214929490939658,0.0213649936385189,0.0212191981847578,0.0210672387667112,0.0209216381513617,0.020794761214281,0.0206977296071727,0.020639361229907,0.0206252655950999,0.0206572273823411,0.0207329787222439,0.0208463998608878,0.0209881149586873,0.0211463878656182,0.0213081892368298,0.0214603056213774,0.0215903849815947,0.0216878475006718,0.0217446229658746,0.0217556991857972,0.0217194778623002,0.0216379366512164,0.0215165920063538,0.0213642506298344,0.0211925322506724,0.0210151480142229,0.0208469324418449,0.0207026571130128,0.020595701034062,0.0205367078689269,0.0205324055563753,0.0205847757133397,0.0206907217683499,0.0208422991725223,0.0210274648481064,0.0212312137449182,0.0214369259338954,0.0216277532550259,0.0217879148701697,0.0219038231207606,0.0219650062068872,0.0219648231447015,0.0219009779901272,0.0217758373664787,0.0215965418948931,0.021374882130285,0.0211268876692853,0.0208720615101287,0.0206321924869475,0.0204297130373042,0.0202856522427584,0.0202173635024207,0.0202363481142176,0.0203465819765344,0.0205437119960002,0.0208153049870353,0.021142073541267,0.0214997881819195,0.0218614996701771,0.0221997446320045,0.022488532782214,0.0227050455925237,0.022831072654187,0.0228542640761893,0.022769293754114,0.0225790198269833,0.0222956974592445,0.0219422342060126,0.0215533535564028,0.021176313584266,0.0208705057836263,0.0207049349907494,0.0207525837553974,0.0210815133129469,0.0217444217796109,0.0227702366180208,0.024161211847955,0.0258963360450906,0.0279387572072304,0.0302438787130203,0.0327658668321817,0.0354619351545637,0.0382947793838298,0.0412338181151121,NA,NA,NA,NA,NA,NA,NA,NA,NA,NA,NA,NA,NA,NA,NA,NA,NA,NA,NA,NA,NA,NA,NA,NA,NA,NA,NA,NA,NA,NA,NA,NA,NA,NA,NA,NA,NA,NA,NA,NA,NA,NA,NA,NA,NA,NA,NA,NA,NA,NA,NA,NA,NA,NA,NA
0.0411305131732215,0.0382098605408505,0.0353940100913312,0.0327130272720759,0.0302035935219543,0.027907813907568,0.0258708727289779,0.0241368970961071,0.0227426469013198,0.0217096047078454,0.02103661067398,0.0206962945542709,0.02063763433328,0.0207940038971926,0.0210934005763899,0.0214673106780064,0.0218564240817681,0.0222132632683033,0.0225026768608379,0.0227011851302445,0.0227958579239407,0.0227830878919051,0.0226674022588672,0.0224603298500258,0.022179273727588,0.0218463073243199,0.0214868013825037,0.0211278014703123,0.0207961211620846,0.0205162037204532,0.0203079299189688,0.0201846760366449,0.0201519892727143,0.0202071859714263,0.0203399841904405,0.0205340296805434,0.0207689777184442,0.0210227304503187,0.0212734969666131,0.0215014776206057,0.0216901054153662,0.0218268662977764,0.021903761071991,0.0219174769510186,0.0218693226694776,0.0217649600420816,0.0216139445816776,0.0214290729971148,0.0212255298257275,0.0210198329563801,0.0208286016631506,0.0206672111828156,0.0205484481671032,0.0204813256800144,0.0204702327352288,0.0205145635907656,0.0206088950870437,0.0207436780155496,0.0209063165093378,0.0210824580806353,0.021257315842184,0.0214168816705953,0.0215489422063077,0.021643858705799,0.0216951060978824,0.021699584284059,0.0216577191813665,0.0215733674129755,0.0214535318990844,0.0213078901902408,0.0211481370032116,0.0209871503975759,0.0208380096038108,0.0207129212652602,0.0206221447774405,0.0205730360523518,0.0205693387334641,0.020610831717741,0.0206933908957694,0.0208094537648848,0.0209488094124182,0.0210995932631601,0.0212493550130294,0.0213860851684599,0.0214991180902781,0.0215798640307691,0.0216223502660727,0.0216235685514435,0.021583633472452,0.021505756716012,0.0213960394108788,0.0212630820762075,0.0211174128173313,0.0209707423580886,0.0208350714675298,0.0207217021768809,0.0206402347754424,0.0205976590819754,0.0205976590819639,0.0206402347754103,0.0207217021768335,0.020835071467476,0.0209707423580385,0.0211174128172951,0.0212630820761946,0.021396039410895,0.0215057567160613,0.0215836334725335,0.0216235685515531,0.0216223502662032,0.0215798640309105,0.0214991180904203,0.0213860851685921,0.0212493550131432,0.0210995932632493,0.0209488094124788,0.0208094537649191,0.0206933908957818,0.0206108317177385,0.0205693387334562,0.0205730360523459,0.0206221447774447,0.0207129212652784,0.0208380096038443,0.0209871503976228,0.0211481370032686,0.0213078901903012,0.0214535318991419,0.0215733674130236,0.0216577191813983,0.0216995842840704,0.0216951060978701,0.021643858705763,0.021548942206251,0.0214168816705237,0.0212573158421039,0.0210824580805532,0.0209063165092614,0.0207436780154849,0.0206088950869924,0.0205145635907302,0.0204702327352082,0.0204813256800059,0.0205484481671006,0.0206672111828151,0.0208286016631454,0.0210198329563645,0.0212255298256954,0.0214290729970606,0.0216139445815995,0.0217649600419816,0.0218693226693583,0.0219174769508873,0.0219037610718575,0.0218268662976538,0.0216901054152643,0.0215014776205345,0.021273496966581,0.021022730450331,0.0207689777184972,0.0205340296806308,0.0203399841905533,0.020207185971546,0.020151989272827,0.0201846760367363,0.0203079299190284,0.0205162037204789,0.0207961211620827,0.0211278014702934,0.0214868013824805,0.0218463073243076,0.0221792737276009,0.0224603298500722,0.0226674022589488,0.0227830878920195,0.0227958579240791,0.022701185130398,0.0225026768609844,0.022213263268432,0.021856424081867,0.0214673106780666,0.0210934005764064,0.020794003897172,0.0206376343332329,0.0206962945542109,0.0210366106739246,0.021709604707804,0.0227426469013006,0.0241368970961077,0.0258708727289913,0.0279078139075828,0.0302035935219581,0.0327130272720574,0.0353940100912753,0.0382098605407536,0.0411305131730717,NA,NA,NA,NA,NA,NA,NA,NA,NA,NA,NA,NA,NA,NA,NA,NA,NA,NA,NA,NA,NA,NA,NA,NA,NA,NA,NA,NA,NA,NA,NA,NA,NA,NA,NA,NA,NA,NA,NA,NA,NA,NA,NA,NA,NA,NA,NA,NA,NA,NA,NA,NA,NA,NA
0.0409866133464298,0.0380863001553024,0.035289351662064,0.0326253178778947,0.0301302600235635,0.0278456057450714,0.02581589224972,0.0240847719722927,0.0226888916928396,0.021650161807487,0.0209684536938336,0.0206178871717005,0.0205490666098046,0.020696783637271,0.0209900316590962,0.0213608289811643,0.0217500008589407,0.0221099083088061,0.0224050284281841,0.0226113612779838,0.0227153481635974,0.0227126730480469,0.0226070985505122,0.0224093597800603,0.0221360715757004,0.0218085711100691,0.0214516054310698,0.0210917823889252,0.020755742523013,0.020468089044265,0.0202492308914823,0.0201134202308064,0.0200673407879147,0.0201095634714763,0.0202310134142606,0.0204163481330275,0.0206459396879224,0.0208980701105004,0.0211509981788595,0.0213846810462434,0.0215820663230245,0.0217299650008046,0.0218195628235649,0.02184663770523,0.0218115393612041,0.0217189673487639,0.0215775633561058,0.0213993176997775,0.0211987821921428,0.0209920854669454,0.0207957659831894,0.0206254735414645,0.0204946378209335,0.020413249122076,0.0203869216939348,0.0204163939370181,0.0204975559807075,0.0206219990581318,0.0207779853161775,0.0209516739083183,0.0211284250255192,0.0212940313822034,0.0214357763243807,0.0215432681901076,0.0216090386486003,0.0216289144850282,0.0216021799086681,0.0215315447163201,0.0214229275032117,0.0212850569020809,0.0211288912980922,0.0209668619797043,0.0208119588986681,0.0206767028729624,0.0205720801551239,0.0205065465918214,0.0204852265560422,0.0205094240154449,0.0205765242493168,0.0206803020370816,0.0208115840080524,0.020959160435851,0.0211108186888216,0.0212543775495051,0.0213786289265347,0.0214741277000519,0.0215338007603699,0.0215533672078646,0.0215315724469535,0.0214702416700626,0.021374156270568,0.021250753516222,0.0211096487234691,0.0209619833848426,0.0208196148622392,0.0206941844862836,0.0205961292394881,0.020533731281605,0.0205123189502317,0.0205337312816,0.0205961292394773,0.0206941844862685,0.0208196148622205,0.0209619833848218,0.021109648723448,0.0212507535162023,0.021374156270553,0.0214702416700549,0.0215315724469556,0.0215533672078787,0.0215338007603969,0.021474127700092,0.0213786289265855,0.0212543775495641,0.0211108186888848,0.0209591604359137,0.0208115840081089,0.0206803020371279,0.0205765242493504,0.0205094240154647,0.0204852265560508,0.0205065465918223,0.020572080155123,0.0206767028729667,0.020811958898684,0.0209668619797369,0.021128891298145,0.0212850569021544,0.0214229275033038,0.0215315447164262,0.0216021799087813,0.0216289144851399,0.0216090386487014,0.0215432681901905,0.0214357763244389,0.0212940313822341,0.0211284250255217,0.0209516739082944,0.0207779853161326,0.0206219990580731,0.0204975559806441,0.0204163939369585,0.0203869216938866,0.020413249122045,0.0204946378209233,0.0206254735414749,0.0207957659832154,0.02099208546698,0.0211987821921777,0.021399317699802,0.0215775633561112,0.0217189673487435,0.0218115393611552,0.0218466377051493,0.0218195628234559,0.0217299650006707,0.0215820663228735,0.0213846810460882,0.0211509981787078,0.0208980701103668,0.0206459396878139,0.0204163481329512,0.0202310134142174,0.0201095634714635,0.0200673407879227,0.0201134202308264,0.0202492308915021,0.0204680890442773,0.0207557425230099,0.0210917823889049,0.0214516054310322,0.0218085711100187,0.0221360715756445,0.0224093597800076,0.0226070985504701,0.0227126730480188,0.02271534816359,0.022611361277998,0.0224050284282191,0.0221099083088567,0.021750000859,0.0213608289812301,0.0209900316591585,0.0206967836373267,0.0205490666098515,0.0206178871717358,0.0209684536938562,0.021650161807499,0.0226888916928436,0.0240847719722919,0.0258158922497198,0.027845605745072,0.030130260023571,0.0326253178779124,0.0352893516620933,0.0380863001553457,0.0409866133464885,NA,NA,NA,NA,NA,NA,NA,NA,NA,NA,NA,NA,NA,NA,NA,NA,NA,NA,NA,NA,NA,NA,NA,NA,NA,NA,NA,NA,NA,NA,NA,NA,NA,NA,NA,NA,NA,NA,NA,NA,NA,NA,NA,NA,NA,NA,NA,NA,NA,NA,NA,NA,NA
0.0408232563429404,0.0379450136407477,0.0351686509980315,0.0325231867330889,0.0300440396581128,0.0277719305207128,0.0257507114436127,0.0240235136843292,0.0226268193168829,0.0215829192651298,0.0208926883589127,0.0205317431658517,0.0204523601512905,0.0205908233624441,0.0208772077107469,0.0212441438069273,0.0216326592368091,0.0219950056104562,0.0222953274804774,0.0225091331625546,0.022622255386787,0.0226296819781948,0.0225344162036953,0.0223463966561287,0.0220814375641825,0.0217601157447017,0.0214065164568033,0.0210467561084037,0.0207072331946723,0.0204126304647769,0.020183801678694,0.0200358010665971,0.0199763981135781,0.020005400755882,0.0201149600090974,0.0202907956158061,0.0205140685225523,0.0207635230093757,0.0210175505910933,0.0212559425383857,0.0214612291577311,0.0216196037709985,0.0217214828213564,0.0217617684698839,0.0217398715947952,0.0216595344753317,0.0215284722575977,0.0213578356270987,0.0211614874640474,0.0209550870529406,0.0207549901644095,0.0205770040789465,0.0204350808518043,0.020340079466083,0.0202987595776672,0.0203131658985339,0.0203805121188275,0.0204935857375946,0.0206415985514409,0.020811335333755,0.0209884261628018,0.0211585851632512,0.0213087029550738,0.0214277306447639,0.0215073344440837,0.0215423257326818,0.0215308823855194,0.0214745776530372,0.0213782276737832,0.0212495621626506,0.0210987186773205,0.0209375624599431,0.0207788440532196,0.0206352272659586,0.0205182492412957,0.0204373063438661,0.0203987834533956,0.0204054472576425,0.0204561977791568,0.0205462187500171,0.0206675008341182,0.0208096527434721,0.0209608809782639,0.0211090149325344,0.0212424743466235,0.0213511081512149,0.0214268656740173,0.0214642855095989,0.0214608016949187,0.0214168723505495,0.0213359354987047,0.0212241936667125,0.0210902263993708,0.0209444310762391,0.0207983003148187,0.0206635606667081,0.020551222007811,0.0204706159852495,0.0204285267332118,0.0204285267332121,0.0204706159852536,0.0205512220078324,0.0206635606667609,0.0207983003149187,0.0209444310763958,0.021090226399584,0.0212241936669711,0.0213359354989866,0.0214168723508276,0.0214608016951658,0.0214642855097925,0.0214268656741423,0.0213511081512642,0.0212424743465975,0.0211090149324422,0.0209608809781196,0.0208096527432967,0.0206675008339355,0.0205462187498489,0.0204561977790221,0.0204054472575526,0.0203987834533544,0.0204373063438712,0.0205182492413404,0.0206352272660344,0.0207788440533163,0.0209375624600519,0.0210987186774336,0.0212495621627637,0.021378227673895,0.0214745776531492,0.0215308823856385,0.021542325732813,0.0215073344442302,0.0214277306449225,0.0213087029552354,0.0211585851634017,0.0209884261629272,0.0208113353338464,0.0206415985514949,0.0204935857376116,0.0203805121188136,0.0203131658984962,0.0202987595776181,0.0203400794660406,0.0204350808517942,0.0205770040789988,0.0207549901645669,0.0209550870532417,0.0211614874645274,0.0213578356277747,0.0215284722584625,0.0216595344763528,0.0217398715959123,0.0217617684710125,0.0217214828223946,0.0216196037718339,0.0214612291582525,0.0212559425385032,0.021017550590744,0.0207635230085541,0.0205140685213118,0.0202907956142637,0.0201149600074239,0.0200054007542682,0.0199763981122071,0.0200358010655986,0.02018380167812,0.0204126304645904,0.0207072331947571,0.0210467561085891,0.0214065164569018,0.0217601157445383,0.022081437563627,0.0223463966551153,0.0225344162022356,0.0226296819763745,0.0226222553847516,0.0225091331604979,0.0222953274786008,0.0219950056089568,0.0216326592358353,0.0212441438065594,0.0208772077109715,0.0205908233631596,0.0204523601523131,0.0205317431669481,0.0208926883598631,0.0215829192657723,0.0226268193171589,0.0240235136842869,0.0257507114433907,0.0277719305205004,0.0300440396581221,0.0325231867335207,0.0351686509990617,0.0379450136425148,0.0408232563455437,NA,NA,NA,NA,NA,NA,NA,NA,NA,NA,NA,NA,NA,NA,NA,NA,NA,NA,NA,NA,NA,NA,NA,NA,NA,NA,NA,NA,NA,NA,NA,NA,NA,NA,NA,NA,NA,NA,NA,NA,NA,NA,NA,NA,NA,NA,NA,NA,NA,NA,NA,NA
0.0407241679932311,0.0378627396306569,0.0351019150216517,0.0324702507069778,0.0300026097431101,0.0277391058408198,0.0257230113579215,0.0239970329888412,0.0225975551284048,0.0215472637724572,0.020847984862737,0.0204767167509337,0.0203872532698484,0.0205172061743793,0.0207975810356479,0.0211614966846311,0.021550089696278,0.0219154387030744,0.0222213189276101,0.0224427334830987,0.0225649130631892,0.0225821727848547,0.0224967938562229,0.0223179662866435,0.0220607585197863,0.0217450441700477,0.021394300678137,0.0210341975883355,0.0206909204807774,0.0203892409129399,0.0201504458681876,0.0199903626515011,0.0199178074950162,0.0199337851415253,0.0200316382170371,0.0201981239296559,0.0204151769977758,0.0206619968169997,0.0209171067445509,0.0211601365763582,0.0213732088900463,0.0215419142703803,0.0216559201240892,0.0217092778012938,0.0217004874230393,0.0216323626518334,0.0215117177452285,0.0213488819395006,0.0211570349951949,0.020951355807516,0.0207479867805682,0.0205628427758659,0.0204103338964654,0.0203021182650289,0.020246038172117,0.020245400253378,0.0202987235735656,0.020400001852165,0.0205394309069601,0.0207044726840815,0.0208810879073688,0.0210549754548575,0.0212126947278103,0.0213425968131798,0.0214355340715746,0.0214853474024922,0.0214891450108501,0.021447389461595,0.0213638058552906,0.0212451174668299,0.0211006098929152,0.0209415239501336,0.020780284219922,0.0206295863624505,0.0205013920418831,0.0204059114913693,0.0203506814590731,0.0203398582526822,0.020373831221641,0.0204492188909477,0.020559247695683,0.0206944505716446,0.0208435785341071,0.0209946030805269,0.0211356989490651,0.0212561250074115,0.021346953396986,0.0214016242994576,0.0214163216359005,0.021390173611512,0.021325283559549,0.0212265941213193,0.0211015846048383,0.0209598004621997,0.0208122181239549,0.0206704603242644,0.0205458974794283,0.0204486976698685,0.0203869152226338,0.0203657259452852,0.0203869152226704,0.0204486976699394,0.0205458974795281,0.0206704603243859,0.0208122181240883,0.0209598004623315,0.0211015846049526,0.0212265941213985,0.0213252835595766,0.0213901736114779,0.0214163216358013,0.0214016242992989,0.0213469533967811,0.0212561250071775,0.0211356989488207,0.0209946030802905,0.0208435785338943,0.0206944505714697,0.0205592476955522,0.0204492188908639,0.0203738312215974,0.0203398582526674,0.0203506814590725,0.0204059114913685,0.0205013920418696,0.0206295863624202,0.0207802842198753,0.0209415239500765,0.0211006098928591,0.0212451174667882,0.0213638058552767,0.0214473894616193,0.0214891450109204,0.0214853474026093,0.0214355340717342,0.0213425968133723,0.0212126947280211,0.0210549754550718,0.0208810879075717,0.0207044726842591,0.0205394309071032,0.0204000018522675,0.0202987235736277,0.0202454002534023,0.0202460381721144,0.0203021182650162,0.0204103338964664,0.02056284277591,0.0207479867806885,0.0209513558077416,0.021157034995546,0.0213488819399822,0.021511717745832,0.0216323626525303,0.0217004874237849,0.0217092778020319,0.0216559201247532,0.0215419142708976,0.021373208890351,0.021160136576395,0.0209171067442894,0.0206619968164474,0.0204151769969771,0.0201981239286949,0.0200316382160227,0.0199337851405741,0.0199178074942322,0.0199903626509512,0.0201504458678892,0.0203892409128606,0.0206909204808404,0.0210341975884402,0.0213943006781732,0.0217450441699216,0.0220607585194312,0.0223179662860299,0.0224967938553611,0.0225821727837954,0.0225649130620233,0.0224427334819284,0.0222213189265548,0.0219154387022369,0.0215500896957434,0.021161496684435,0.0207975810357883,0.0205172061747905,0.0203872532704265,0.0204767167515503,0.0208479848632665,0.021547263772812,0.0225975551285532,0.0239970329888121,0.0257230113577942,0.0277391058407022,0.0300026097431206,0.032470250707225,0.0351019150222323,0.0378627396316412,0.040724167994675,NA,NA,NA,NA,NA,NA,NA,NA,NA,NA,NA,NA,NA,NA,NA,NA,NA,NA,NA,NA,NA,NA,NA,NA,NA,NA,NA,NA,NA,NA,NA,NA,NA,NA,NA,NA,NA,NA,NA,NA,NA,NA,NA,NA,NA,NA,NA,NA,NA,NA,NA
0.040561459906894,0.0377216703681076,0.034981051911104,0.0323676521577181,0.0299157186624817,0.0276646856701908,0.0256571618517784,0.0239353380419596,0.0225354117553141,0.0214803936836685,0.0207730313892181,0.0203917350495538,0.0202919087291799,0.0204126310867698,0.0206859962320915,0.0210457626302414,0.0214333058619853,0.0218006351235043,0.0221112341644226,0.0223396560874873,0.022470565238785,0.0224976226604938,0.022422390594615,0.0222532986364472,0.022004642540427,0.021695550045027,0.0213488315037055,0.020989633526934,0.0206438374944701,0.0203362020781006,0.0200883444763563,0.0199167738211407,0.0198312881704464,0.019834062254003,0.0199196464419247,0.0200758908212069,0.0202855882005318,0.0205284931820277,0.0207833647170973,0.0210297695475991,0.0212495100354234,0.0214276476840516,0.0215531592466354,0.0216192875535648,0.0216236473117675,0.0215681307230177,0.0214586384132276,0.0213046435113701,0.0211185842553385,0.020915076241972,0.0207099426638055,0.0205190824876557,0.0203572327781845,0.0202367265908775,0.0201663883913144,0.0201507254982626,0.020189550212853,0.0202781009799965,0.0204076399754019,0.0205664199093539,0.0207408624116348,0.0209167847019513,0.0210805415652936,0.0212199966803007,0.0213252827934431,0.0213893433880175,0.021408266712063,0.0213814287720132,0.0213114595611484,0.0212040407518001,0.0210675370889272,0.0209124610333531,0.0207507737804821,0.0205950380545962,0.0204574599321246,0.0203488860710718,0.0202778522237791,0.020249797742145,0.0202665573548523,0.0203262098041029,0.0204233077799528,0.0205494504721726,0.0206941084026057,0.0208455839756726,0.0209919931122236,0.0211221758906216,0.0212264752959072,0.0212973524224489,0.0213298277768483,0.021321750216494,0.0212738990245057,0.0211899234492892,0.021076120789702,0.0209410517686847,0.0207949933768383,0.0206492371866802,0.0205152570563715,0.0204037937795874,0.0203239317078186,0.0202822657164422,0.0202822657164569,0.0203239317078604,0.0204037937796497,0.020515257056446,0.0206492371867567,0.0207949933769052,0.0209410517687297,0.0210761207897152,0.0211899234492629,0.0212738990244358,0.0213217502163818,0.0213298277767011,0.0212973524222781,0.021226475295727,0.0211221758904456,0.0209919931120642,0.0208455839755393,0.0206941084025035,0.0205494504721038,0.0204233077799152,0.020326209804091,0.0202665573548545,0.0202497977421516,0.02027785222378,0.0203488860710591,0.0204574599320948,0.0205950380545507,0.0207507737804263,0.020912461033296,0.0210675370888797,0.0212040407517706,0.0213114595611466,0.0213814287720431,0.021408266712125,0.0213893433881082,0.0213252827935562,0.0212199966804274,0.0210805415654262,0.0209167847020808,0.0207408624117535,0.0205664199094552,0.0204076399754814,0.0202781009800523,0.0201895502128845,0.0201507254982731,0.0201663883913123,0.0202367265908722,0.020357232778189,0.0205190824876854,0.0207099426638738,0.0209150762420887,0.0211185842555095,0.0213046435115939,0.0214586384134963,0.0215681307233178,0.0216236473120781,0.0216192875538608,0.0215531592468883,0.0214276476842347,0.0212495100355132,0.0210297695475741,0.0207833647169506,0.0205284931817682,0.0202855882001838,0.0200758908208066,0.019919646441518,0.0198340622536364,0.0198312881701543,0.0199167738209444,0.020088344476257,0.0203362020780798,0.0206438374944965,0.0209896335269692,0.0213488315037092,0.0216955500449634,0.0220046425402758,0.0222532986361995,0.0224223905942759,0.0224976226600889,0.0224705652383391,0.0223396560870445,0.0221112341640254,0.021800635123192,0.0214333058617865,0.0210457626301712,0.0206859962321456,0.0204126310869271,0.0202919087293988,0.0203917350497857,0.0207730313894168,0.0214803936838015,0.0225354117553673,0.0239353380419463,0.0256571618517293,0.0276646856701456,0.0299157186624863,0.032367652157815,0.0349810519113272,0.0377216703684856,0.0405614599074478,NA,NA,NA,NA,NA,NA,NA,NA,NA,NA,NA,NA,NA,NA,NA,NA,NA,NA,NA,NA,NA,NA,NA,NA,NA,NA,NA,NA,NA,NA,NA,NA,NA,NA,NA,NA,NA,NA,NA,NA,NA,NA,NA,NA,NA,NA,NA,NA,NA,NA
0.0404052533285796,0.0375872640757272,0.034867019962805,0.0322720558638657,0.0298359961627379,0.0275975821885034,0.0255987376436109,0.0238811072508637,0.0224806642749318,0.0214207069663047,0.0207048806490283,0.0203130100728747,0.0202021432730678,0.0203128816721721,0.0205784696802869,0.0209333594844285,0.0213192062144858,0.0216879771704752,0.0220028825178068,0.0222380370396633,0.0223775466078232,0.0224144233417404,0.022349512908207,0.0221904831299799,0.0219508501718586,0.0216489810084586,0.0213069932223588,0.0209494714488889,0.0206019392204512,0.0202890755932808,0.0200327538049095,0.0198500932049817,0.0197518172641077,0.019741240979514,0.0198141256763412,0.0199594492758246,0.0201609218243117,0.020398925933894,0.020652532667412,0.0209013187279223,0.0211268316657111,0.0213136599474258,0.0214501358778931,0.0215287299740301,0.0215461972524247,0.0215035225350984,0.0214056933034195,0.0212613108471975,0.0210820370333799,0.0208818678001243,0.020676228548478,0.0204809039870132,0.0203108468473612,0.0201789525023567,0.0200949286955851,0.0200644135708149,0.0200884833758819,0.0201636370220737,0.0202822602781436,0.0204334855567265,0.0206043033410317,0.0207807638699284,0.0209491289519758,0.0210968768029195,0.0212135087636521,0.0212911429573136,0.0213249017851118,0.0213131089195654,0.0212573110664171,0.0211621345521219,0.0210349805330072,0.0208855585386023,0.0207252590719344,0.020566374670842,0.02042119672631,0.0203010415445071,0.0202152886900838,0.0201705381727876,0.0201699989605533,0.0202132010755784,0.0202960774963786,0.0204114016896837,0.02054951015486,0.020699203356044,0.0208487099563857,0.0209866144978256,0.0211026769632654,0.0211885027445983,0.0212380457218657,0.0212479423768674,0.0212176815956547,0.021149615376856,0.0210488129524426,0.0209227577404918,0.0207808858740013,0.0206339694321866,0.0204933590981556,0.0203701205419693,0.0202741243995346,0.0202131754708239,0.0201922834575524,0.0202131754707816,0.0202741243994579,0.0203701205418725,0.0204933590980567,0.0206339694321058,0.0207808858739573,0.0209227577405003,0.0210488129525131,0.0211496153769921,0.0212176815958512,0.0212479423771115,0.0212380457221381,0.0211885027448764,0.0211026769635264,0.0209866144980506,0.0208487099565609,0.0206992033561629,0.0205495101549228,0.0204114016896984,0.0202960774963586,0.0202132010755404,0.0201699989605161,0.0201705381727672,0.0202152886900924,0.0203010415445498,0.0204211967263828,0.0205663746709357,0.0207252590720322,0.0208855585386847,0.0210349805330552,0.0211621345521175,0.0212573110663504,0.0213131089194329,0.0213249017849182,0.0212911429570662,0.0212135087633675,0.0210968768026155,0.0209491289516705,0.0207807638696423,0.0206043033407814,0.0204334855565256,0.0202822602779994,0.0201636370219877,0.020088483375848,0.0200644135708178,0.0200949286956049,0.0201789525023683,0.0203108468473382,0.0204809039869339,0.0206762285483272,0.0208818677998939,0.0210820370330745,0.0212613108468305,0.0214056933030153,0.0215035225346859,0.0215461972520378,0.0215287299737021,0.0214501358776596,0.0213136599473123,0.021126831665739,0.0209013187280991,0.0206525326677254,0.0203989259343182,0.0201609218248091,0.0199594492763465,0.0198141256768342,0.0197412409799347,0.0197518172644221,0.0198500932051804,0.0200327538050011,0.0202890755932911,0.0206019392204189,0.0209494714488565,0.0213069932223647,0.0216489810085354,0.0219508501720264,0.0221904831302453,0.0223495129085631,0.0224144233421687,0.0223775466082928,0.0222380370401334,0.0220028825182371,0.0216879771708299,0.0213192062147286,0.0209333594845415,0.0205784696802692,0.0203128816720452,0.0202021432728672,0.0203130100726487,0.0207048806488291,0.0214207069661703,0.0224806642748773,0.0238811072508816,0.0255987376436711,0.0275975821885593,0.0298359961627444,0.0322720558637737,0.0348670199625722,0.0375872640753227,0.0404052533279833,NA,NA,NA,NA,NA,NA,NA,NA,NA,NA,NA,NA,NA,NA,NA,NA,NA,NA,NA,NA,NA,NA,NA,NA,NA,NA,NA,NA,NA,NA,NA,NA,NA,NA,NA,NA,NA,NA,NA,NA,NA,NA,NA,NA,NA,NA,NA,NA,NA
0.0403177514940929,0.0375149281463286,0.0348086831966143,0.03222613543141,0.0298004090431189,0.0275696986624542,0.0255754034463106,0.023858777531538,0.0224556890705523,0.0213897674659709,0.0206654925481347,0.0202639301268657,0.0201435205231598,0.0202461107472079,0.0205058407626536,0.020857651717362,0.0212433309281811,0.0216147093158733,0.0219346731602961,0.022176884259058,0.0223249040962713,0.0223711335326415,0.0223157589239079,0.0221657597609274,0.0219339587202309,0.021638056557465,0.02129957563878,0.0209426322650783,0.02059247365874,0.0202737602188724,0.0200086546103052,0.0198148887927324,0.0197040845785566,0.0196806469325214,0.0197414835574667,0.0198766303905562,0.0200706469028406,0.0203044828704228,0.0205574707395549,0.0208091585755586,0.0210408139280273,0.0212365411109741,0.0213840309477988,0.0214749979783958,0.0215053657347033,0.0214752493791949,0.0213887672041168,0.0212536946108836,0.0210809599279882,0.0208839735027463,0.0206777827947106,0.0204780597723416,0.0202999546192446,0.0201568894915209,0.0200594089340278,0.020014233553201,0.0200236625393135,0.0200854283673574,0.020193030240003,0.0203364855544333,0.0205033706786333,0.0206799934940337,0.0208525517923901,0.0210081697199913,0.0211357502035151,0.0212266201855063,0.021274970936017,0.0212781076276789,0.0212365241285263,0.0211538148047623,0.0210364288669413,0.0208932676700113,0.020735124262041,0.0205739700021587,0.0204221072140073,0.0202912297833181,0.0201914621383532,0.0201304735650545,0.0201127783858987,0.0201393230326484,0.0202074249801189,0.0203110730153605,0.0204415395107248,0.0205882110362184,0.020739524796237,0.0208839051888984,0.0210106188062098,0.0211104960554752,0.0211764941295563,0.0212040945539574,0.0211915382667426,0.0211399038482999,0.0210530327852386,0.0209373023454984,0.0208012444804437,0.0206550107752356,0.0205096912174873,0.0203765099726609,0.0202659439715568,0.0201868361565764,0.0201455971492145,0.0201455971492473,0.0201868361566685,0.0202659439716906,0.0203765099728111,0.0205096912176241,0.0206550107753296,0.0208012444804684,0.0209373023454354,0.0210530327850793,0.021139903848047,0.0211915382664106,0.0212040945535717,0.0211764941291474,0.0211104960550762,0.0210106188058504,0.0208839051886022,0.0207395247960182,0.0205882110360804,0.0204415395106615,0.0203110730153563,0.0202074249801537,0.0201393230326968,0.0201127783859382,0.0201304735650668,0.0201914621383269,0.020291229783252,0.0204221072139088,0.0205739700020432,0.0207351242619282,0.0208932676699246,0.0210364288668988,0.0211538148047798,0.0212365241286088,0.0212781076278244,0.0212749709362164,0.0212266201857462,0.0211357502037798,0.0210081697202628,0.0208525517926517,0.0206799934942693,0.0205033706788294,0.0203364855545807,0.0201930302400974,0.0200854283674011,0.0200236625393179,0.0200142335531807,0.0200594089340052,0.0201568894915161,0.0202999546192788,0.0204780597724285,0.0206777827948578,0.0208839735029511,0.0210809599282406,0.0212536946111704,0.0213887672044162,0.021475249379481,0.0215053657349523,0.0214749979785863,0.0213840309479067,0.0212365411109836,0.0210408139279275,0.0208091585753494,0.0205574707392492,0.0203044828700449,0.0200706469024275,0.0198766303901443,0.019741483557094,0.0196806469322162,0.019704084578337,0.019814888792602,0.0200086546102505,0.0202737602188692,0.020592473658759,0.0209426322650887,0.0212995756387532,0.0216380565573803,0.0219339587200744,0.0221657597606988,0.0223157589236127,0.0223711335322989,0.0223249040959029,0.0221768842586959,0.0219346731599723,0.0216147093156192,0.0212433309280215,0.0208576517173089,0.0205058407627046,0.0202461107473461,0.0201435205233522,0.0202639301270679,0.0206654925483085,0.0213897674660855,0.0224556890705974,0.0238587775315226,0.0255754034462626,0.0275696986624098,0.0298004090431238,0.0322261354315055,0.0348086831968358,0.037514928146705,0.0403177514946418,NA,NA,NA,NA,NA,NA,NA,NA,NA,NA,NA,NA,NA,NA,NA,NA,NA,NA,NA,NA,NA,NA,NA,NA,NA,NA,NA,NA,NA,NA,NA,NA,NA,NA,NA,NA,NA,NA,NA,NA,NA,NA,NA,NA,NA,NA,NA,NA
0.0401490911343267,0.0373683759531001,0.0346828387836946,0.0321191028011516,0.0297096898714336,0.0274921233921803,0.0255071344590397,0.0237954340911842,0.0223926440898327,0.02132262682055,0.0205906778908044,0.0201791893574929,0.020048178173772,0.02014098478903,0.0203929074498381,0.0207396143635472,0.0211232182408553,0.021495558042181,0.021819296573103,0.0220677063106521,0.0222238378348874,0.0222794888849541,0.0222341723876831,0.0220941448042358,0.0218714807028387,0.0215831401593781,0.021249956103116,0.0208954634470634,0.0205445041862035,0.0202215817056764,0.0199490112707457,0.019745017479421,0.0196220346670556,0.019585520852128,0.0196335493504404,0.0197572864744274,0.0199422544194929,0.0201701072908313,0.0204205829532332,0.0206733382513025,0.0209094826884526,0.0211127381312128,0.0212702333281236,0.0213729833265344,0.0214161135653863,0.0213988795435401,0.0213245162751655,0.0211999340530467,0.0210352622296528,0.0208432334360517,0.0206383995487432,0.0204361807608312,0.0202517726039692,0.0200989719290539,0.0199890249522604,0.0199296346019497,0.0199242728174396,0.0199719132199156,0.0200672323647696,0.0202012429534196,0.0203622487113027,0.0205369712316453,0.0207117003051417,0.0208733508495331,0.0210103535782729,0.0211133472204877,0.0211756688386278,0.0211936539779514,0.0211667626018179,0.0210975440227316,0.0209914481805809,0.0208564848983064,0.0207027299821452,0.0205416798359591,0.0203854668388891,0.0202459670550704,0.0201338581726891,0.0200577131537674,0.0200232342689942,0.0200327323047987,0.0200849303351123,0.0201751233763676,0.0202956673115447,0.0204367202485743,0.0205871309191536,0.0207353661501914,0.0208703874164569,0.0209824144608185,0.0210635418341265,0.0211081956094525,0.02111343034954,0.0210790715288262,0.0210077083498911,0.0209045389466583,0.0207770669788136,0.0206346481394513,0.0204878895440747,0.0203479163000517,0.0202255383926523,0.0201303753879606,0.0200700207777221,0.0200493433600587,0.020070020777623,0.0201303753877812,0.0202255383924266,0.0203479162998231,0.0204878895438902,0.0206346481393554,0.0207770669788404,0.0209045389468284,0.0210077083502088,0.0210790715292777,0.0211134303500945,0.02110819561007,0.021063541834758,0.0209824144614159,0.0208703874169794,0.0207353661506084,0.0205871309194493,0.0204367202487486,0.0202956673116115,0.0201751233763539,0.0200849303350524,0.0200327323047283,0.020023234268947,0.0200577131537696,0.0201338581727532,0.0202459670551964,0.0203854668390638,0.0205416798361571,0.0207027299823351,0.0208564848984559,0.0209914481806604,0.0210975440227193,0.0211667626017036,0.0211936539777361,0.0211756688383208,0.021113347220107,0.0210103535778432,0.0208733508490809,0.0207117003046966,0.0205369712312379,0.020362248710959,0.0202012429531583,0.020067232364599,0.0199719132198329,0.0199242728174248,0.0199296346019756,0.0199890249522902,0.0200989719290478,0.0202517726038949,0.0204361807606649,0.0206383995484746,0.0208432334356865,0.0210352622292088,0.0211999340525529,0.0213245162746618,0.021398879543065,0.0214161135649859,0.0213729833262488,0.0212702333279864,0.0211127381312465,0.0209094826886659,0.0206733382516834,0.0204205829537547,0.0201701072914491,0.0199422544201493,0.0197572864750649,0.0196335493510023,0.0195855208525752,0.0196220346673681,0.0197450174795994,0.0199490112708133,0.0202215817056721,0.0205445041861743,0.0208954634470559,0.0212499561031711,0.0215831401595235,0.0218714807030926,0.0220941448045962,0.0222341723881382,0.0222794888854752,0.0222238378354372,0.0220677063111838,0.021819296573574,0.0214955580425477,0.0211232182410792,0.0207396143636149,0.0203929074497539,0.020140984788826,0.0200481781734914,0.0201791893571977,0.0205906778905538,0.0213226268203868,0.0223926440897713,0.0237954340912114,0.0255071344591136,0.0274921233922428,0.0297096898714245,0.0321191028010137,0.0346828387833682,0.0373683759525487,0.0401490911335195,NA,NA,NA,NA,NA,NA,NA,NA,NA,NA,NA,NA,NA,NA,NA,NA,NA,NA,NA,NA,NA,NA,NA,NA,NA,NA,NA,NA,NA,NA,NA,NA,NA,NA,NA,NA,NA,NA,NA,NA,NA,NA,NA,NA,NA,NA,NA
0.0400891628529063,0.0373263099334528,0.0346573729033513,0.0321084818201641,0.029711548426393,0.0275034023667039,0.0255240669138786,0.0238136561329594,0.0224074911464575,0.0213296382511859,0.0205862354120834,0.0201610990686166,0.0200159765697343,0.0200958669377048,0.0203373561095216,0.020676907531144,0.0210569672335896,0.0214293466365402,0.021756425775245,0.0220110203787331,0.0221756040727645,0.0222413110887178,0.0222069267947988,0.0220779349509512,0.0218656135245906,0.0215861304966898,0.0212595707501475,0.0209088184650662,0.0205582288381503,0.0202320566680658,0.0199526756546614,0.0197387190877435,0.0196033761622248,0.0195531411917113,0.0195872848690932,0.0196981813337542,0.0198724261901498,0.0200925043388837,0.020338684528419,0.0205908446694534,0.0208300289058977,0.0210396480739276,0.0212063201804135,0.0213203942591249,0.0213762152652106,0.0213721817842302,0.0213106331970393,0.0211975857741923,0.0210423221150093,0.0208568280336285,0.0206550678855753,0.0204520962208343,0.0202630230351569,0.0201018819946008,0.0199804910257011,0.0199074309715157,0.0198872840387116,0.0199202550313559,0.0200022421289343,0.0201253444663787,0.0202787173016241,0.0204496370225691,0.020624628677168,0.0207905322348396,0.0209354243708708,0.0210493538187007,0.0211248798633917,0.021157422030298,0.0211454359975859,0.0210904298357606,0.0209968296494522,0.0208716978405494,0.0207243033119755,0.0205655435271702,0.0204072257199367,0.0202612301766913,0.0201386018175837,0.0200486432671407,0.0199981052270938,0.0199905779368124,0.0200261725505647,0.0201015423804006,0.0202102400277501,0.0203433533342287,0.0204903263668647,0.020639859392627,0.0207807921734299,0.0209028991685866,0.0209975530270755,0.0210582363683417,0.0210808976770983,0.0210641549966986,0.0210093527769434,0.0209204752079434,0.0208039162082097,0.0206681043896599,0.0205229831657093,0.0203793538341122,0.0202481042644498,0.0201393671743884,0.0200616762555606,0.0200212085527377,0.0200212085526479,0.0200616762553084,0.0201393671740219,0.0202481042640406,0.0203793538337452,0.0205229831654674,0.0206681043896149,0.0208039162084098,0.0209204752084084,0.0210093527776618,0.0210641549976282,0.0210808976781734,0.0210582363694806,0.02099755302819,0.0209028991695971,0.0207807921742706,0.0206398593932563,0.0204903263672695,0.0203433533344228,0.020210240027772,0.0201015423803072,0.0200261725504216,0.0199905779366846,0.0199981052270352,0.0200486432671875,0.0201386018177478,0.0202612301769594,0.0204072257202733,0.020565543527524,0.0207243033122875,0.0208716978407626,0.0209968296495222,0.0210904298356567,0.0211454359972997,0.0211574220298373,0.0211248798627811,0.0210493538179786,0.0209354243700812,0.0207905322340342,0.0206246286763991,0.0204496370218887,0.0202787173010728,0.0201253444659833,0.0200022421287002,0.0199202550312659,0.0198872840387259,0.0199074309715771,0.0199804910257446,0.0201018819945651,0.0202630230349924,0.0204520962205114,0.0206550678850904,0.0208568280329991,0.0210423221142748,0.0211975857734059,0.0213106331962663,0.0213721817835417,0.0213762152646722,0.0213203942587973,0.0212063201803384,0.0210396480741273,0.0208300289063694,0.0205908446701675,0.0203386845293184,0.0200925043398915,0.0198724261911783,0.0196981813347151,0.0195872848699133,0.0195531411923417,0.0196033761626455,0.0197387190879687,0.0199526756547356,0.0202320566680511,0.0205582288381157,0.0209088184650798,0.0212595707502649,0.0215861304969487,0.0218656135250091,0.0220779349515217,0.022206926795494,0.0222413110894987,0.0221756040735691,0.0220110203794946,0.0217564257758981,0.0214293466370253,0.0210569672338615,0.0206769075311903,0.0203373561093529,0.020095866937366,0.0200159765693015,0.0201610990681745,0.0205862354117183,0.0213296382509528,0.0224074911463741,0.0238136561330013,0.0255240669139864,0.027503402366794,0.0297115484263766,0.0321084818199526,0.0346573729028697,0.0373263099326388,0.0400891628517158,NA,NA,NA,NA,NA,NA,NA,NA,NA,NA,NA,NA,NA,NA,NA,NA,NA,NA,NA,NA,NA,NA,NA,NA,NA,NA,NA,NA,NA,NA,NA,NA,NA,NA,NA,NA,NA,NA,NA,NA,NA,NA,NA,NA,NA,NA
0.0399985290149691,0.0372511515840911,0.0345965549492474,0.0320604657506874,0.0296743083455315,0.0274743743610697,0.0255001602267771,0.0237913668058988,0.0223831583497678,0.0212998504678222,0.0205483190774547,0.0201135413352703,0.0199586228336968,0.0200298297979071,0.0202647064782688,0.0206002853255067,0.0209792236881646,0.021353266926899,0.0216845320885539,0.0219454356462727,0.0221179556744712,0.0221926601610501,0.02216771586599,0.0220479524583699,0.0218439783128599,0.0215713030781544,0.021249401059477,0.0209006415228182,0.0205490187978442,0.0202186441916996,0.0199320218239493,0.0197082216954249,0.0195611659343485,0.0194983148850011,0.019520027624314,0.0196197536706172,0.0197850230943119,0.0199990210652917,0.0202424358162321,0.0204952801666206,0.0207384742702286,0.0209550864577754,0.0211312177355149,0.0212565673567014,0.021324735455322,0.0213333155533052,0.0212838159553831,0.0211814322649817,0.021034677902474,0.0208548682434785,0.0206554491123637,0.020451164494226,0.0202570740947587,0.020087459806898,0.0199546980698999,0.0198682129638381,0.0198336473591782,0.0198523810417552,0.0199214789594187,0.0200340790392967,0.0201801508689254,0.02034749992822,0.0205228721738516,0.0206930290979467,0.0208457000998429,0.0209703604504794,0.0210588172348512,0.021105607374568,0.0211082215908129,0.0210671691232554,0.0209858939106545,0.0208705470897775,0.0207296158706514,0.0205734075869102,0.0204133923157662,0.0202614197198182,0.0201288460139049,0.0200256326747638,0.019959503309303,0.0199352594453735,0.0199543505129258,0.0200147637782234,0.0201112514596741,0.0202358581794509,0.0203786684584689,0.0205286723953858,0.0206746498808463,0.020805993254201,0.020913415170222,0.0209895137766311,0.0210291859963827,0.0210298904019351,0.0209917649862441,0.0209176043118761,0.0208126975318608,0.0206845260231616,0.0205423191690183,0.0203964713696557,0.020257834396296,0.020136917195893,0.0200430482262365,0.019983578067443,0.0199632142953382,0.0199835780676385,0.0200430482265893,0.0201369171963328,0.020257834396732,0.0203964713699905,0.0205423191691631,0.0206845260230487,0.0208126975314539,0.0209176043111747,0.0209917649852822,0.0210298904007775,0.0210291859951149,0.02098951377535,0.0209134151690229,0.0208059932531672,0.0206746498800369,0.0205286723948307,0.0203786684581659,0.0202358581793677,0.0201112514597541,0.0200147637783939,0.0199543505131107,0.0199352594455038,0.0199595033093276,0.0200256326746565,0.0201288460136673,0.0202614197194809,0.0204133923153799,0.0205734075865391,0.0207296158703614,0.0208705470896283,0.0209858939106867,0.0210671691234912,0.0211082215912527,0.0211056073751912,0.0210588172356207,0.0209703604513471,0.0208457001007524,0.0206930290988394,0.0205228721746682,0.0203474999289083,0.0201801508694482,0.0200340790396375,0.0199214789595851,0.0198523810417803,0.0198336473591148,0.0198682129637551,0.0199546980698659,0.0200874598069721,0.0202570740949821,0.0204511644946157,0.0206554491129084,0.0208548682441452,0.0210346779032136,0.0211814322657306,0.0212838159560725,0.0213333155538667,0.0213247354556959,0.0212565673568409,0.0211312177353942,0.020955086457394,0.0207384742696075,0.0204952801658066,0.0202424358152873,0.0199990210642966,0.0197850230933445,0.0196197536697504,0.0195200276236047,0.01949831488448,0.0195611659340178,0.0197082216952608,0.0199320218239051,0.020218644191716,0.0205490187978597,0.0209006415227756,0.0212494010593331,0.0215713030778789,0.021843978312445,0.0220479524578257,0.0221677158653446,0.0221926601603424,0.0221179556737588,0.0219454356456129,0.0216845320880055,0.0213532669265103,0.0209792236879693,0.0206002853255168,0.0202647064784656,0.0200298297982457,0.0199586228341059,0.0201135413356727,0.0205483190777814,0.0212998504680244,0.0223831583498366,0.0237913668058583,0.0255001602266823,0.0274743743609914,0.0296743083455509,0.0320604657508859,0.0345965549496933,0.0372511515848382,0.0399985290160564,NA,NA,NA,NA,NA,NA,NA,NA,NA,NA,NA,NA,NA,NA,NA,NA,NA,NA,NA,NA,NA,NA,NA,NA,NA,NA,NA,NA,NA,NA,NA,NA,NA,NA,NA,NA,NA,NA,NA,NA,NA,NA,NA,NA,NA
0.0398858014403429,0.0371554933207085,0.0345167898741355,0.0319950034514773,0.029621056743158,0.0274306848117201,0.0254628333438857,0.0237567598210346,0.0223474355375679,0.0212593870959342,0.0205001963293833,0.0200559869913164,0.0198912353528999,0.0199535134404819,0.0201813793632871,0.0205124950758049,0.0208897857005912,0.0212649787076627,0.0215999672991435,0.0218667997114274,0.0220469826041978,0.0221305359394551,0.0221150206350966,0.0220046195037154,0.0218092723960524,0.0215438243613874,0.0212271239028637,0.0208809993738247,0.0205290460050294,0.0201951809701721,0.0199019780264248,0.0196688785926795,0.019510476789127,0.0194351527282407,0.0194443309742663,0.0195325409360126,0.0196882772707593,0.0198954747334412,0.0201353012296406,0.0203879679094687,0.0206343320530526,0.0208571750287576,0.0210421292374067,0.0211782847399657,0.0212585292253503,0.0212796747152827,0.0212424121387161,0.0211511186733854,0.0210135272628936,0.0208402557036646,0.0206441863139385,0.0204396888836597,0.0202416920054077,0.0200646326075172,0.0199213487743243,0.0198220191590873,0.0197732797493257,0.0197776496564155,0.0198333624853351,0.0199346334965623,0.0200723151093319,0.0202348302797085,0.0204092435106804,0.0205823356581587,0.0207415803515758,0.0208759604370242,0.0209765989522812,0.0210372039475649,0.021054339127361,0.0210275353577398,0.020959255159494,0.0208547167569333,0.0207215788914632,0.0205694848842052,0.0204094666289934,0.0202532183083246,0.0201122666329445,0.019997088033198,0.0199162487113967,0.0198756624637799,0.019878064011798,0.0199227757030969,0.0200058040891616,0.0201202504096009,0.0202569709772563,0.0204053933919133,0.0205543879646883,0.0206931072211592,0.0208117308875011,0.0209020798797836,0.0209580839928806,0.0209761015456424,0.0209550954686363,0.0208966710741663,0.0208049783792322,0.0206864787069171,0.0205495736176944,0.0204040961974476,0.0202606723097616,0.0201299737711433,0.0200219058916906,0.0199447949159081,0.0199046598843832,0.0199046598851186,0.0199447949179715,0.0200219058946747,0.0201299737744441,0.0202606723126719,0.0204040961992707,0.0205495736178473,0.0206864787050166,0.0208049783751437,0.0208966710680171,0.0209550954607895,0.0209761015366477,0.020958083983403,0.0209020798705256,0.0208117308791178,0.0206931072141841,0.0205543879594699,0.0204053933885757,0.0202569709756936,0.0201202504095012,0.0200058040900596,0.0199227757044487,0.0198780640130574,0.0198756624644813,0.0199162487112206,0.0199970880320152,0.020112266630833,0.0202532183055527,0.0204094666259681,0.0205694848814057,0.0207215788893661,0.0208547167559444,0.0209592551598969,0.0210275353596725,0.0210543391308121,0.0210372039523831,0.0209765989581981,0.0208759604436766,0.0207415803585315,0.0205823356649542,0.0204092435168576,0.0202348302848681,0.0200723151131929,0.0199346334990122,0.0198333624864615,0.0197776496565065,0.0197732797488278,0.0198220191585341,0.019921348774244,0.0200646326083427,0.0202416920074125,0.0204396888869219,0.0206441863183369,0.0208402557089026,0.0210135272685377,0.0211511186789112,0.021242412143577,0.0212796747189614,0.021258529227425,0.021178284740154,0.0210421292356037,0.020857175025051,0.0206343320477077,0.0203879679029112,0.0201353012224083,0.0198954747261185,0.0196882772639031,0.0195325409300959,0.019444330969605,0.0194351527249625,0.0195104767871666,0.0196688785917931,0.0199019780262456,0.0201951809702694,0.0205290460049789,0.0208809993732636,0.0212271239015299,0.0215438243591403,0.0218092723928762,0.022004619499724,0.0221150206305178,0.0221305359346084,0.0220469825994564,0.0218667997071921,0.0215999672957868,0.0212649787054794,0.020889785699763,0.0205124950763437,0.0201813793650234,0.0199535134430617,0.019891235355845,0.0200559869941069,0.0205001963315749,0.0212593870972558,0.0223474355379863,0.0237567598207441,0.0254628333432623,0.0274306848112499,0.029621056743365,0.0319950034528629,0.034516789877139,0.0371554933256769,0.0398858014475385,NA,NA,NA,NA,NA,NA,NA,NA,NA,NA,NA,NA,NA,NA,NA,NA,NA,NA,NA,NA,NA,NA,NA,NA,NA,NA,NA,NA,NA,NA,NA,NA,NA,NA,NA,NA,NA,NA,NA,NA,NA,NA,NA,NA
0.0397176575509557,0.0370097024331014,0.0343920035402999,0.0318893959983314,0.0295322187608743,0.0273555485775761,0.0253976608932662,0.0236972398378841,0.022288939470282,0.021197405524561,0.020430898857964,0.0199767524584975,0.0198009655949997,0.0198526293572469,0.0200715463045461,0.0203962181274671,0.0207700073353579,0.0211447483754958,0.021482195604282,0.0217540816994702,0.0219414690765209,0.0220338362789195,0.0220281274918844,0.0219278518278102,0.021742238245375,0.021485409000121,0.0211755121741379,0.0208337438770503,0.0204831931249183,0.0201474634138189,0.0198490732180309,0.0196077164866238,0.0194385613728787,0.019350846125989,0.0193470468871025,0.0194228101123547,0.0195676772513442,0.019766446709434,0.0200008959982532,0.020251565812936,0.0204993723009272,0.0207269156353333,0.0209194462951901,0.0210655117461654,0.0211573336986012,0.0211909691231157,0.0211662978157515,0.0210868638945516,0.0209595832208837,0.0207943162219787,0.0206032980058746,0.0204004172365237,0.0202003445324254,0.020017532134923,0.0198651386105777,0.0197539696779529,0.0196915570197774,0.0196815058527673,0.0197232175012885,0.0198120357693255,0.0199397912675666,0.0200956506842109,0.0202671392682297,0.0204412017746475,0.0206051923677013,0.0207477223379084,0.0208593316712201,0.0209329780348399,0.0209643523393566,0.0209520354519958,0.0208975092025359,0.0208050299031213,0.0206813670443092,0.0205354060464272,0.0203776141595597,0.0202193748672626,0.0200722098615255,0.019946928530617,0.0198527696749171,0.0197966219781157,0.0197824193771323,0.0198107968931197,0.0198790596804881,0.0199814697970552,0.0201098052624993,0.0202541089659242,0.0204035296541656,0.0205471634384279,0.0206748248861787,0.0207777023793984,0.0208488753726744,0.0208836874335549,0.0208799777562785,0.0208381765155254,0.0207612681126003,0.0206546233359348,0.0205256988916073,0.0203836027660096,0.0202385284693218,0.0201010719430532,0.0199814621413223,0.0198887580557656,0.0198300862164848,0.019810005854134,0.0198300862165226,0.0198887580558329,0.0199814621414057,0.0201010719431341,0.0202385284693811,0.0203836027660299,0.0205256988915761,0.0206546233358459,0.0207612681124543,0.0208381765153304,0.0208799777560475,0.0208836874333049,0.0208488753724243,0.0207777023791664,0.0206748248859803,0.0205471634382738,0.0204035296540619,0.0202541089658708,0.0201098052624886,0.0199814697970764,0.0198790596805269,0.0198107968931618,0.0197824193771636,0.0197966219781267,0.0198527696749022,0.0199469285305765,0.020072209861464,0.02021937486719,0.020377614159487,0.0205354060463681,0.020681367044275,0.0208050299031213,0.0208975092025746,0.020952035452076,0.0209643523394745,0.0209329780349896,0.020859331671393,0.0207477223380942,0.0206051923678858,0.0204412017748188,0.0202671392683767,0.0200956506843243,0.0199397912676425,0.0198120357693643,0.0197232175012964,0.0196815058527545,0.0196915570197569,0.0197539696779385,0.019865138610582,0.0200175321349542,0.0202003445324856,0.0204004172366118,0.0206032980059834,0.0207943162220986,0.0209595832210042,0.0210868638946554,0.0211662978158293,0.0211909691231573,0.0211573336986011,0.0210655117461216,0.0209194462951055,0.0207269156352148,0.0204993723007846,0.0202515658127788,0.0200008959980945,0.0197664467092848,0.019567677251212,0.0194228101122465,0.0193470468870221,0.0193508461259351,0.0194385613728484,0.0196077164866115,0.0198490732180297,0.0201474634138204,0.0204831931249158,0.0208337438770358,0.0211755121741091,0.0214854090000733,0.021742238245308,0.0219278518277259,0.0220281274917882,0.0220338362788192,0.0219414690764243,0.0217540816993856,0.0214821956042149,0.0211447483754549,0.0207700073353491,0.0203962181274853,0.0200715463045887,0.0198526293573066,0.0198009655950648,0.0199767524585572,0.020430898858009,0.0211974055245875,0.0222889394702898,0.0236972398378788,0.0253976608932538,0.0273555485775666,0.0295322187608814,0.0318893959983593,0.0343920035403623,0.0370097024332048,0.039717657551106,NA,NA,NA,NA,NA,NA,NA,NA,NA,NA,NA,NA,NA,NA,NA,NA,NA,NA,NA,NA,NA,NA,NA,NA,NA,NA,NA,NA,NA,NA,NA,NA,NA,NA,NA,NA,NA,NA,NA,NA,NA,NA,NA
0.0395517274646517,0.0368665627665809,0.0342703035662124,0.0317873024669637,0.0294473058274994,0.0272847181113362,0.0253371236871179,0.0236426043671672,0.0222354606240233,0.0211404186341263,0.0203663878878859,0.0199019018860628,0.0197145042604549,0.0197548534049255,0.0199640581597016,0.0202815204663149,0.0206510900503023,0.0210247449688467,0.0213641259643495,0.0216406671535432,0.0218349982684229,0.0219360643645949,0.0219401979712175,0.0218502366057246,0.0216746965900069,0.0214269702445042,0.0211244905842728,0.0207877968873559,0.0204394351641085,0.0201026450523228,0.0197998273069802,0.0195508583675488,0.0193714113135277,0.0192715254909471,0.0192546943431712,0.0193176765144226,0.0194510851504804,0.0196406313890277,0.0198687666661176,0.0201164316180758,0.0203646705456339,0.0205959661063416,0.0207952427410293,0.0209505526687477,0.0210534902987338,0.0210993873888858,0.0210873330064615,0.021020047957685,0.0209036282302659,0.0207471591539787,0.0205621934383059,0.0203620840297931,0.0201611692548907,0.0199738251416014,0.0198134283639732,0.0196913088425685,0.01961580371789,0.0195915398745191,0.0196190575884236,0.019694840023017,0.0198117435967629,0.0199597550678057,0.0201269548235973,0.0203005534417657,0.0204678864999029,0.0206172875543797,0.0207387965577952,0.0208246907809402,0.0208698437639708,0.0208719257300428,0.0208314591869656,0.0207517394177868,0.0206386241018725,0.0205001918183002,0.0203462678184879,0.0201878192488176,0.0200362326022055,0.0199025040219115,0.0197963962011214,0.0197256386857877,0.0196952631051976,0.0197071626013653,0.0197599409251307,0.0198490745361945,0.0199673617281798,0.0201055908146293,0.0202533359328229,0.0203997872895341,0.0205345380677454,0.020648274028614,0.0207333357151124,0.0207841417539578,0.0207974731713433,0.0207726234805246,0.0207114193907267,0.0206181144929696,0.0204991553199186,0.0203628177853485,0.0202187141584954,0.0200771781767889,0.0199485496417657,0.019842399171229,0.019766755317986,0.0197274137380788,0.0197274137380903,0.0197667553180193,0.0198423991712765,0.0199485496418174,0.020077178176833,0.0202187141585203,0.020362817785345,0.0204991553198811,0.0206181144928968,0.0207114193906213,0.0207726234803935,0.0207974731711962,0.0207841417538054,0.0207333357149659,0.0206482740284834,0.0205345380676393,0.0203997872894571,0.0202533359327764,0.0201055908146117,0.0199673617281856,0.0198490745362157,0.0197599409251579,0.0197071626013899,0.0196952631052129,0.0197256386857883,0.0197963962011054,0.0199025040218806,0.0200362326021634,0.0201878192487708,0.0203462678184437,0.0205001918182673,0.0206386241018559,0.0207517394177922,0.0208314591869951,0.0208719257300982,0.0208698437640489,0.0208246907810381,0.0207387965579059,0.0206172875544978,0.0204678865000181,0.0203005534418692,0.0201269548236839,0.0199597550678695,0.019811743596803,0.0196948400230336,0.0196190575884225,0.019591539874507,0.0196158037178761,0.0196913088425619,0.0198134283639804,0.0199738251416261,0.0201611692549327,0.0203620840298509,0.0205621934383738,0.0207471591540494,0.0209036282303294,0.0210200479577369,0.021087333006492,0.0210993873888931,0.0210534902987149,0.0209505526687044,0.020795242740964,0.0205959661062621,0.020364670545546,0.0201164316179848,0.0198687666660309,0.0196406313889487,0.0194510851504128,0.019317676514369,0.0192546943431329,0.0192715254909235,0.0193714113135142,0.0195508583675454,0.019799827306979,0.0201026450523234,0.020439435164104,0.0207877968873446,0.0211244905842526,0.0214269702444726,0.0216746965899658,0.0218502366056736,0.0219401979711613,0.0219360643645371,0.0218349982683681,0.0216406671534968,0.021364125964317,0.02102474496883,0.020651090050302,0.0202815204663319,0.0199640581597296,0.0197548534049618,0.0197145042604929,0.0199019018860952,0.0203663878879117,0.0211404186341409,0.022235460624027,0.0236426043671655,0.025337123687113,0.0272847181113353,0.0294473058275049,0.031787302466984,0.0342703035662492,0.0368665627666374,0.0395517274647286,NA,NA,NA,NA,NA,NA,NA,NA,NA,NA,NA,NA,NA,NA,NA,NA,NA,NA,NA,NA,NA,NA,NA,NA,NA,NA,NA,NA,NA,NA,NA,NA,NA,NA,NA,NA,NA,NA,NA,NA,NA,NA
0.0393950580519109,0.0367310914818601,0.0341547540916364,0.0316899489428147,0.0293658722612183,0.0272163069058999,0.0252782013186064,0.0235890866779283,0.0221829451249265,0.0210845864050006,0.0203035282564848,0.0198294225344574,0.0196312506620013,0.0196611319756882,0.0198613948104051,0.0201722820461316,0.0205380974176061,0.0209109501321749,0.0212523700624523,0.0215335064658204,0.0217345781931993,0.021844024857361,0.0218576003160976,0.0217775072903442,0.0216115888106962,0.0213725474633186,0.0210771398856378,0.0207452825008716,0.0203990036017988,0.0200611912765387,0.0197541242785981,0.0194978391585984,0.0193084753793209,0.0191968244417601,0.0191673461499797,0.01921786690287,0.0193400396357826,0.0195204710893383,0.0197422832328078,0.0199868241999054,0.0202352819290348,0.0204700425913219,0.0206757295869602,0.0208399278488539,0.0209536346164859,0.0210114878363731,0.0210118172649699,0.0209565500544139,0.0208509878140633,0.0207034590776112,0.0205248417650221,0.0203279464813899,0.0201267555822032,0.0199355271103763,0.0197677978542491,0.0196353532043205,0.0195472650846274,0.0195091199397365,0.0195225531025636,0.0195851676469027,0.0196908522168355,0.019830442848596,0.0199926211557883,0.0201649198314548,0.0203347165232424,0.0204901277969669,0.0206207516504229,0.0207182386618899,0.0207766930526143,0.0207929154130778,0.0207665010146022,0.0206998046832338,0.0205977780658604,0.0204676801892732,0.0203186596072784,0.0201612081352351,0.0200064939541493,0.0198655966865475,0.0197486879868549,0.0196642243533175,0.0196182371627772,0.0196138097482903,0.0196508162972804,0.0197259624474417,0.0198331207957169,0.0199639095611845,0.0201084320729483,0.0202560849453698,0.020396352003552,0.0205195218795354,0.0206172911044798,0.0206832350032709,0.020713142649075,0.0207052192952915,0.0206601614634507,0.0205811082374143,0.0204734693612954,0.0203446284307295,0.0202035197159016,0.0200600817768682,0.019924601415102,0.0198069778705635,0.0197159575909208,0.0196584096192576,0.0196387236103686,0.0196584096192776,0.0197159575909566,0.0198069778706076,0.0199246014151445,0.0200600817768995,0.0202035197159123,0.020344628430713,0.0204734693612486,0.0205811082373381,0.0206601614633484,0.0207052192951697,0.0207131426489431,0.0206832350031382,0.0206172911043549,0.0205195218794269,0.0203963520034652,0.0202560849453096,0.0201084320729134,0.0199639095611732,0.0198331207957243,0.0197259624474597,0.0196508162973023,0.019613809748308,0.0196182371627852,0.019664224353312,0.0197486879868347,0.0198655966865138,0.0200064939541064,0.0201612081351883,0.0203186596072345,0.0204676801892392,0.0205977780658423,0.0206998046832355,0.020766501014628,0.0207929154131284,0.0207766930526878,0.0207182386619822,0.0206207516505293,0.0204901277970785,0.0203347165233524,0.0201649198315558,0.0199926211558707,0.0198304428486574,0.0196908522168733,0.0195851676469184,0.0195225531025628,0.0195091199397272,0.0195472650846169,0.0196353532043172,0.0197677978542597,0.0199355271104034,0.0201267555822481,0.020327946481448,0.0205248417650887,0.0207034590776779,0.0208509878141232,0.0209565500544595,0.0210118172649942,0.0210114878363728,0.0209536346164614,0.0208399278488079,0.0206757295868941,0.0204700425912441,0.0202352819289491,0.0199868241998179,0.0197422832327265,0.0195204710892667,0.019340039635723,0.0192178669028238,0.0191673461499489,0.0191968244417413,0.0193084753793111,0.0194978391585959,0.0197541242785967,0.0200611912765359,0.0203990036017896,0.0207452825008545,0.0210771398856111,0.0213725474632834,0.0216115888106527,0.0217775072902931,0.0218576003160468,0.0218440248573084,0.0217345781931535,0.0215335064657857,0.0212523700624291,0.0209109501321687,0.0205380974176156,0.0201722820461546,0.0198613948104364,0.0196611319757236,0.0196312506620371,0.019829422534487,0.0203035282565067,0.0210845864050124,0.0221829451249303,0.0235890866779267,0.0252782013186038,0.0272163069059,0.0293658722612277,0.0316899489428306,0.0341547540916653,0.0367310914819041,0.0393950580519712,NA,NA,NA,NA,NA,NA,NA,NA,NA,NA,NA,NA,NA,NA,NA,NA,NA,NA,NA,NA,NA,NA,NA,NA,NA,NA,NA,NA,NA,NA,NA,NA,NA,NA,NA,NA,NA,NA,NA,NA,NA
0.0392757222679144,0.0366327793208166,0.034076195715348,0.0316294031018551,0.0293210136691614,0.0271841402308655,0.0252550313265616,0.0235705911177428,0.0221644054067419,0.0210613085944089,0.0202714140753704,0.0197855472282777,0.0195742500462654,0.0195912663554304,0.0197803081241887,0.0200825912949632,0.0204429600838109,0.0208136985772496,0.021156237580782,0.0214414328886018,0.0216490722535404,0.0217670634143876,0.0217905514593122,0.0217210710296617,0.0215657544718892,0.0213365712860394,0.0210495500557342,0.0207239219567083,0.0203811227700568,0.020043601939667,0.0197334200347201,0.0194706758843784,0.0192718875851641,0.019148535325608,0.0191060189497692,0.0191432505153317,0.019252983347576,0.019422813432651,0.0196366456545985,0.0198763522719586,0.0201233743721024,0.0203600970607084,0.0205709209795765,0.0207430245051598,0.0208668517445246,0.0209363752657709,0.0209491790062971,0.0209063949317614,0.0208125128182874,0.0206750694599244,0.0205042137071637,0.0203121387584526,0.0201123751010764,0.0199189486514663,0.0197454302948913,0.0196039336426868,0.0195041510520799,0.0194525423083575,0.0194517925148958,0.0195006272468892,0.0195940170950655,0.0197237363506988,0.0198791836677206,0.0200483428701133,0.02021876378724,0.0203784680849373,0.0205167199313833,0.0206246339599777,0.0206956166047517,0.0207256499604555,0.0207134315965959,0.0206603821797038,0.0205705282340462,0.0204502623412007,0.0203079796151307,0.0201535893075367,0.0199979056866724,0.0198519341652657,0.0197260869171311,0.0196293843126198,0.0195687186991283,0.0195482673748375,0.0195691347051561,0.0196292765608453,0.0197237184610148,0.0198450333932425,0.0199840093728381,0.0201304192607797,0.0202738074896232,0.0204042248302623,0.0205128649816737,0.0205925783302064,0.0206382544089942,0.0206470741315172,0.0206186365730826,0.0205549646808859,0.0204603917825475,0.0203413280455122,0.0202059049500278,0.0200634981610972,0.0199241364879645,0.0197978177341236,0.0196937703983701,0.0196197201617892,0.0195812360557638,0.0195812360557699,0.019619720161806,0.0196937703983936,0.0197978177341488,0.0199241364879854,0.0200634981611076,0.0202059049500227,0.0203413280454894,0.0204603917825069,0.0205549646808289,0.020618636573013,0.0206470741314403,0.0206382544089155,0.0205925783301312,0.0205128649816071,0.0204042248302091,0.0202738074895851,0.0201304192607572,0.0199840093728309,0.0198450333932474,0.0197237184610278,0.019629276560862,0.0195691347051715,0.0195482673748479,0.0195687186991307,0.0196293843126135,0.0197260869171163,0.019851934165244,0.0199979056866469,0.0201535893075103,0.020307979615109,0.0204502623411871,0.0205705282340433,0.0206603821797144,0.0207134315966209,0.0207256499604948,0.0206956166048043,0.0206246339600386,0.0205167199314501,0.0203784680850054,0.020218763787303,0.0200483428701672,0.0198791836677617,0.0197237363507254,0.019594017095079,0.0195006272468897,0.0194517925148892,0.0194525423083482,0.0195041510520728,0.0196039336426853,0.0197454302949006,0.0199189486514837,0.0201123751011018,0.0203121387584839,0.0205042137071949,0.0206750694599514,0.0208125128183057,0.020906394931767,0.020949179006289,0.0209363752657493,0.0208668517444912,0.0207430245051166,0.0205709209795286,0.02036009706066,0.0201233743720572,0.0198763522719198,0.0196366456545678,0.0194228134326286,0.0192529833475619,0.0191432505153246,0.0191060189497665,0.0191485353256088,0.0192718875851667,0.0194706758843797,0.0197334200347198,0.0200436019396626,0.0203811227700478,0.020723921956695,0.021049550055717,0.0213365712860171,0.0215657544718674,0.0217210710296384,0.0217905514592933,0.0217670634143684,0.0216490722535289,0.0214414328885956,0.021156237580782,0.0208136985772559,0.0204429600838246,0.0200825912949801,0.0197803081242065,0.0195912663554491,0.0195742500462798,0.0197855472282886,0.0202714140753769,0.0210613085944119,0.0221644054067417,0.0235705911177415,0.0252550313265618,0.0271841402308697,0.0293210136691668,0.031629403101861,0.0340761957153559,0.0366327793208275,0.039275722267924,NA,NA,NA,NA,NA,NA,NA,NA,NA,NA,NA,NA,NA,NA,NA,NA,NA,NA,NA,NA,NA,NA,NA,NA,NA,NA,NA,NA,NA,NA,NA,NA,NA,NA,NA,NA,NA,NA,NA,NA
0.0394845921079684,0.0368347080366016,0.0342708720283269,0.0318163700310785,0.0294996441702721,0.0273536344033416,0.0254144506264784,0.0237189502736071,0.0223008401590561,0.0211853162333085,0.020383119726978,0.0198859025235108,0.0196650677502368,0.0196750596381185,0.019859994731735,0.0201611687917065,0.0205232363220647,0.0208981092695545,0.021246742499027,0.0215394666225175,0.0217555267528473,0.0218822869719968,0.0219143562607866,0.021852747010113,0.0217040911040545,0.0214798916896583,0.0211957639087954,0.0208706051008697,0.0205256315707939,0.0201832282650637,0.0198655867970618,0.0195931627294308,0.0193830628317926,0.0192475580647502,0.0191929709582739,0.0192191665478014,0.019319769637489,0.0194830698336955,0.019693426009514,0.0199329036461409,0.0201828895016481,0.0204255016610135,0.0206447048240127,0.0208271161658402,0.0209625323819438,0.0210442259142195,0.0210690570206762,0.021037437472418,0.0209531676864102,0.0208231557635513,0.0206570163152586,0.0204665407715233,0.0202650309680457,0.0200664964201223,0.0198847345008226,0.0197323411889099,0.0196197332388706,0.0195542903941682,0.0195397353871502,0.0195758495974073,0.0196585730520825,0.0197804717190933,0.0199314938650673,0.0200998995784272,0.0202732411686634,0.0204392919204385,0.0205868539207039,0.0207064095369629,0.0207906073556806,0.0208345891985392,0.0208361712584559,0.020795892169436,0.0207169368815927,0.0206049400772652,0.0204676686307546,0.0203145811688487,0.0201562659371344,0.0200037674273257,0.0198678280935125,0.0197580924486388,0.0196823423991718,0.0196458475879382,0.0196509148404172,0.019696701714768,0.0197793224697084,0.0198922296517629,0.0200268139799183,0.0201731402364624,0.0203207317545552,0.0204593277757813,0.0205795589608709,0.0206735088033167,0.0207351471313473,0.0207606339417932,0.0207484976065797,0.0206996924848895,0.020617539062577,0.020507546824423,0.0203771179498334,0.0202351303689203,0.0200914033956496,0.019956059319267,0.019838810109971,0.0197482178639994,0.0196909962275507,0.0196714311397077,0.0196909962275513,0.0197482178639999,0.0198388101099708,0.019956059319263,0.0200914033956424,0.0202351303689091,0.020377117949818,0.0205075468244041,0.0206175390625565,0.0206996924848703,0.0207484976065628,0.0207606339417812,0.0207351471313412,0.0206735088033175,0.0205795589608781,0.0204593277757936,0.0203207317545726,0.0201731402364821,0.0200268139799382,0.019892229651781,0.0197793224697233,0.0196967017147791,0.0196509148404235,0.019645847587941,0.0196823423991716,0.0197580924486376,0.0198678280935118,0.0200037674273273,0.0201562659371396,0.020314581168857,0.0204676686307664,0.0206049400772799,0.0207169368816101,0.0207958921694543,0.0208361712584753,0.0208345891985575,0.0207906073556965,0.0207064095369759,0.0205868539207122,0.0204392919204411,0.020273241168661,0.0200998995784207,0.0199314938650556,0.0197804717190801,0.0196585730520685,0.0195758495973947,0.0195397353871403,0.0195542903941618,0.0196197332388688,0.0197323411889095,0.0198847345008235,0.0200664964201207,0.0202650309680403,0.0204665407715096,0.0206570163152343,0.0208231557635162,0.0209531676863654,0.0210374374723668,0.0210690570206198,0.0210442259141647,0.020962532381894,0.0208271161658016,0.0206447048239899,0.0204255016610079,0.02018288950166,0.019932903646167,0.019693426009552,0.0194830698337398,0.0193197696375337,0.0192191665478424,0.0191929709583083,0.0192475580647744,0.0193830628318065,0.0195931627294357,0.01986558679706,0.0201832282650591,0.020525631570789,0.0208706051008682,0.0211957639087986,0.0214798916896685,0.0217040911040729,0.0218527470101401,0.0219143562608197,0.0218822869720327,0.0217555267528849,0.0215394666225552,0.0212467424990585,0.0208981092695842,0.0205232363220838,0.020161168791718,0.0198599947317354,0.0196750596381116,0.0196650677502254,0.0198859025234981,0.0203831197269659,0.0211853162333002,0.0223008401590532,0.0237189502736093,0.0254144506264837,0.0273536344033471,0.0294996441702721,0.0318163700310683,0.0342708720283011,0.0368347080365584,0.039484592107907,NA,NA,NA,NA,NA,NA,NA,NA,NA,NA,NA,NA,NA,NA,NA,NA,NA,NA,NA,NA,NA,NA,NA,NA,NA,NA,NA,NA,NA,NA,NA,NA,NA,NA,NA,NA,NA,NA,NA
0.0398624833629671,0.0371943793377202,0.0346123786259067,0.0321397210644918,0.0298048000438521,0.0276405224656782,0.0256830114933308,0.0239692306506178,0.0225331442283388,0.0214004074658453,0.0205824256229324,0.0200716362281047,0.0198401843223517,0.0198430312311021,0.020024475538979,0.0203256585456756,0.0206908223337591,0.0210713113417781,0.0214274446390482,0.0217289057123742,0.0219543118450371,0.0220904320753015,0.0221313180385185,0.0220774649516983,0.0219350317558101,0.0217151012204641,0.0214329352024007,0.0211071668107297,0.0207588666931586,0.0204104277824397,0.0200842385440879,0.0198011660693936,0.0195789470404991,0.0194306704496875,0.0193635960027303,0.0193785451470051,0.0194700077038475,0.0196269508974887,0.0198341622477895,0.0200738667628235,0.0203273571052688,0.0205764419002081,0.0208046086572655,0.0209978769037754,0.0211453671056707,0.0212396321603585,0.0212767992671798,0.0212565602033954,0.0211820343295101,0.0210595150728139,0.0208980994262104,0.0207091927323545,0.0205058794553069,0.0203021569237914,0.0201120451131331,0.0199486116511011,0.0198229838217814,0.0197434496395233,0.0197147653174357,0.019737774921265,0.0198094061578064,0.0199230434252586,0.0200692150557334,0.0202364865682235,0.0204124369636515,0.0205846087315411,0.0207413530192854,0.0208725260008389,0.0209700211896055,0.0210281410929712,0.0210438203922474,0.0210167141726655,0.0209491615644145,0.0208460301051981,0.0207144413465878,0.0205633755730018,0.0204031547750502,0.0202448098611703,0.0200993514870589,0.0199769832025014,0.0198863175721409,0.0198336742327512,0.0198225455248325,0.0198533039406533,0.019923195172755,0.0200266175148451,0.0201556448257565,0.0203007185604605,0.0204514216351034,0.0205972527417416,0.0207283379887612,0.0208360393378148,0.0209134396745542,0.0209556989581469,0.0209602840190572,0.0209270772530378,0.0208583684658245,0.0207587313474179,0.0206347832940161,0.0204948262791312,0.0203483688997727,0.0202055370821748,0.0200763939935009,0.019970207668882,0.0198947245217352,0.0198555225277174,0.0198555225277209,0.0198947245217438,0.0199702076688944,0.0200763939935137,0.0202055370821859,0.0203483688997778,0.0204948262791287,0.020634783294004,0.0207587313473962,0.020858368465794,0.0209270772530001,0.0209602840190147,0.0209556989581033,0.0209134396745114,0.0208360393377761,0.0207283379887289,0.0205972527417175,0.0204514216350876,0.0203007185604537,0.0201556448257567,0.0200266175148507,0.019923195172764,0.0198533039406624,0.0198225455248393,0.019833674232754,0.0198863175721383,0.0199769832024936,0.0200993514870462,0.0202448098611547,0.0204031547750338,0.0205633755729873,0.020714441346577,0.0208460301051941,0.0209491615644191,0.021016714172679,0.0210438203922709,0.0210281410930039,0.0209700211896437,0.0208725260008807,0.0207413530193284,0.0205846087315808,0.0204124369636853,0.0202364865682503,0.0200692150557513,0.019923043425268,0.019809406157808,0.0197377749212618,0.0197147653174305,0.019743449639519,0.0198229838217796,0.0199486116511035,0.0201120451131396,0.0203021569238035,0.0205058794553229,0.0207091927323701,0.0208980994262243,0.0210595150728228,0.0211820343295142,0.0212565602033918,0.021276799267168,0.0212396321603407,0.0211453671056472,0.0209978769037478,0.0208046086572386,0.020576441900182,0.0203273571052448,0.020073866762803,0.0198341622477746,0.0196269508974773,0.0194700077038402,0.0193785451470015,0.0193635960027291,0.0194306704496881,0.0195789470404993,0.0198011660693932,0.0200842385440869,0.0204104277824362,0.0207588666931514,0.0211071668107203,0.0214329352023875,0.0217151012204514,0.0219350317557976,0.0220774649516865,0.0221313180385101,0.0220904320752965,0.0219543118450327,0.0217289057123768,0.0214274446390579,0.0210713113417884,0.0206908223337714,0.0203256585456908,0.0200244755389902,0.0198430312311135,0.0198401843223614,0.0200716362281118,0.0205824256229351,0.0214004074658459,0.0225331442283389,0.0239692306506178,0.0256830114933323,0.0276405224656806,0.0298048000438546,0.0321397210644941,0.0346123786259075,0.0371943793377213,0.0398624833629667,NA,NA,NA,NA,NA,NA,NA,NA,NA,NA,NA,NA,NA,NA,NA,NA,NA,NA,NA,NA,NA,NA,NA,NA,NA,NA,NA,NA,NA,NA,NA,NA,NA,NA,NA,NA,NA,NA
0.039775915882862,0.037122554013154,0.0345542813333665,0.0320939841519213,0.0297696260783784,0.0276136325304676,0.0256616398632816,0.0239501985081964,0.0225130487726337,0.0213759441822073,0.020550808629352,0.0200310101426779,0.019789885779471,0.0197836082529343,0.0199574831689441,0.0202533338263382,0.0206157495475164,0.0209961432212818,0.0213546962338817,0.0216608099517453,0.0218927183585433,0.022036733697813,0.022086395178497,0.0220416433570919,0.0219080534353327,0.0216961116139833,0.0214204924981587,0.0210992816454558,0.0207530818997716,0.0204039473017344,0.020074110534532,0.0197845162530406,0.0195532445560171,0.0193939931301166,0.0193148514881423,0.0193176055994502,0.0193977317958229,0.0195450921872865,0.0197451874653246,0.0199807214289646,0.020233216407648,0.0204844756352745,0.0207177767279189,0.0209187613492185,0.0210760400650913,0.0211815564101557,0.0212307579125317,0.0212226135763415,0.0211595042810294,0.0210469990812435,0.0208935188527233,0.0207098806681659,0.0205087132951698,0.0203037382947059,0.0201089244147936,0.0199375461558193,0.0198012081987962,0.0197089286482226,0.0196663940482439,0.0196754955717254,0.019734222489812,0.0198369316507456,0.0199749472889814,0.0201373947811895,0.0203121490436453,0.0204867847094837,0.0206494419387366,0.0207895556037919,0.0208984259011319,0.020969629607292,0.020999282390814,0.0209861657377738,0.0209317299704429,0.0208399801986283,0.0207172470334553,0.0205718403643406,0.0204135841851352,0.020253235020992,0.0201017972230194,0.0199697653499898,0.019866344901871,0.0197987227419379,0.0197714702364955,0.0197861581861913,0.019841239666832,0.0199322184620515,0.020052076966913,0.0201919008534692,0.0203416177919783,0.0204907665911658,0.0206292270795962,0.0207478623185133,0.0208390460697321,0.0208970651839605,0.0209183970234016,0.0209018666326411,0.0208486886458558,0.0207623966880884,0.0206486600642582,0.020514985509785,0.0203703023493575,0.0202244341471904,0.0200874699955188,0.0199690640427315,0.0198777107991716,0.0198200617447049,0.0198003593743489,0.0198200617447128,0.019877710799186,0.0199690640427496,0.0200874699955369,0.020224434147205,0.0203703023493649,0.0205149855097825,0.0206486600642442,0.020762396688063,0.0208486886458192,0.0209018666325945,0.0209183970233488,0.0208970651839048,0.0208390460696763,0.0207478623184616,0.0206292270795508,0.0204907665911299,0.0203416177919534,0.0201919008534545,0.0200520769669082,0.019932218462054,0.0198412396668387,0.0197861581861994,0.0197714702365014,0.0197987227419388,0.0198663449018653,0.0199697653499771,0.0201017972230001,0.0202532350209679,0.0204135841851092,0.0205718403643164,0.0207172470334361,0.0208399801986174,0.0209317299704435,0.0209861657377874,0.0209992823908409,0.0209696296073302,0.0208984259011794,0.0207895556038453,0.0206494419387927,0.020486784709538,0.0203121490436933,0.020137394781228,0.0199749472890094,0.0198369316507621,0.0197342224898197,0.0196754955717254,0.0196663940482398,0.0197089286482179,0.0198012081987947,0.0199375461558237,0.020108924414806,0.0203037382947253,0.0205087132951952,0.0207098806681952,0.0208935188527528,0.0210469990812721,0.0211595042810512,0.0212226135763541,0.0212307579125358,0.0211815564101488,0.0210760400650757,0.0209187613491929,0.0207177767278859,0.0204844756352342,0.020233216407606,0.0199807214289233,0.0197451874652844,0.0195450921872511,0.0193977317957937,0.019317605599429,0.0193148514881281,0.0193939931301094,0.0195532445560145,0.0197845162530408,0.0200741105345321,0.0204039473017317,0.0207530818997656,0.0210992816454431,0.0214204924981424,0.0216961116139605,0.0219080534353078,0.0220416433570659,0.0220863951784715,0.0220367336977914,0.0218927183585275,0.0216608099517363,0.021354696233881,0.02099614322129,0.0206157495475292,0.0202533338263541,0.0199574831689643,0.0197836082529559,0.0197898857794902,0.0200310101426949,0.0205508086293629,0.021375944182212,0.0225130487726339,0.0239501985081956,0.0256616398632791,0.0276136325304674,0.0297696260783838,0.0320939841519276,0.0345542813333799,0.0371225540131721,0.0397759158828875,NA,NA,NA,NA,NA,NA,NA,NA,NA,NA,NA,NA,NA,NA,NA,NA,NA,NA,NA,NA,NA,NA,NA,NA,NA,NA,NA,NA,NA,NA,NA,NA,NA,NA,NA,NA,NA
0.0396343760761325,0.0370002403508205,0.0344500436946243,0.0320062750507211,0.0296964119190222,0.0275523289983472,0.0256090944414017,0.0239027554353073,0.0224667375486263,0.0213268159098962,0.0204953907199553,0.0199667722269134,0.019715563922379,0.0196992773890463,0.0198643812975946,0.0201535381645556,0.0205118233381179,0.0208908297942763,0.0212506851216762,0.0215605680074634,0.0217983683290748,0.0219499641044697,0.0220083906653139,0.021973030039043,0.0218488581640196,0.0216457375935541,0.0213777166736778,0.0210622818681244,0.0207195036936198,0.0203710201376623,0.0200388203242555,0.0197438327589826,0.0195043892573247,0.0193347172979821,0.0192436817510335,0.0192340124439967,0.0193021892525756,0.0194390210347426,0.0196307998423621,0.0198608015650565,0.0201108757836804,0.0203629137877591,0.0206000671783086,0.0208076711946624,0.0209738843396819,0.0210900847287817,0.0211510702247582,0.0211551029362372,0.0211038264735279,0.0210020711330666,0.0208575504661753,0.0206804440127611,0.0204828567960495,0.0202781483192188,0.0200801343300931,0.0199021847868119,0.0197562699738089,0.019652037917472,0.0195960297510342,0.0195911431862919,0.0196364295883381,0.0197272594720675,0.0198558285377161,0.0200119217031596,0.0201838221768497,0.020359251446997,0.0205262476997729,0.0206739223502922,0.0207930655965983,0.0208765953088788,0.0209198571799959,0.020920789175122,0.0208799625378815,0.0208005076059816,0.0206879277016358,0.0205498002375809,0.02039536259144,0.0202349828829262,0.0200795239610004,0.0199396232777254,0.019824930721403,0.0197433670717195,0.0197004810368511,0.0196989853851018,0.0197385374002844,0.0198157964756073,0.0199247497312325,0.0200572569612588,0.0202037398317511,0.0203539322439994,0.020497617381342,0.0206252957005914,0.0207287495251453,0.0208014883117727,0.0208390713499843,0.0208393113209765,0.0208023639435542,0.0207307075624732,0.0206290137269632,0.020503907200446,0.0203636130199994,0.0202174907462593,0.0200754632749145,0.0199473601836355,0.0198422127313246,0.0197675562220214,0.0197288100700297,0.0197288100700302,0.0197675562220232,0.0198422127313273,0.0199473601836385,0.0200754632749171,0.0202174907462614,0.0203636130199995,0.0205039072004444,0.0206290137269595,0.0207307075624682,0.0208023639435475,0.0208393113209693,0.0208390713499759,0.0208014883117646,0.020728749525138,0.0206252957005857,0.0204976173813371,0.0203539322439965,0.0202037398317503,0.0200572569612592,0.0199247497312334,0.0198157964756092,0.0197385374002864,0.0196989853851039,0.0197004810368519,0.0197433670717193,0.0198249307214016,0.0199396232777229,0.0200795239609976,0.0202349828829232,0.0203953625914372,0.020549800237579,0.0206879277016348,0.0208005076059829,0.0208799625378846,0.0209207891751267,0.0209198571800026,0.0208765953088878,0.0207930655966078,0.0206739223503012,0.0205262476997811,0.0203592514470035,0.0201838221768549,0.020011921703162,0.0198558285377176,0.0197272594720667,0.0196364295883363,0.0195911431862902,0.0195960297510324,0.0196520379174707,0.0197562699738088,0.0199021847868132,0.0200801343300949,0.0202781483192228,0.0204828567960527,0.0206804440127626,0.0208575504661762,0.0210020711330665,0.0211038264735265,0.0211551029362341,0.0211510702247539,0.0210900847287758,0.0209738843396754,0.0208076711946591,0.0206000671783044,0.0203629137877575,0.0201108757836776,0.019860801565055,0.0196307998423609,0.0194390210347429,0.0193021892525763,0.019234012443997,0.0192436817510336,0.0193347172979806,0.0195043892573244,0.0197438327589814,0.0200388203242537,0.0203710201376605,0.0207195036936178,0.0210622818681219,0.0213777166736739,0.0216457375935524,0.0218488581640152,0.0219730300390408,0.022008390665311,0.0219499641044666,0.0217983683290743,0.0215605680074611,0.0212506851216726,0.0208908297942776,0.0205118233381187,0.0201535381645573,0.0198643812975942,0.0196992773890485,0.0197155639223785,0.0199667722269132,0.0204953907199558,0.0213268159098969,0.0224667375486271,0.0239027554353077,0.0256090944414039,0.0275523289983481,0.0296964119190258,0.0320062750507225,0.0344500436946296,0.0370002403508215,0.039634376076133,NA,NA,NA,NA,NA,NA,NA,NA,NA,NA,NA,NA,NA,NA,NA,NA,NA,NA,NA,NA,NA,NA,NA,NA,NA,NA,NA,NA,NA,NA,NA,NA,NA,NA,NA,NA
0.0394655679336786,0.0368546923515068,0.034326479392638,0.0319029653835195,0.0296110677851906,0.0274820165922699,0.0255501984686594,0.0238510304674152,0.0224174972273869,0.021275295308969,0.0204372602662278,0.0198986916185907,0.0196356013101213,0.019607052911614,0.0197609176432867,0.0200409193496099,0.0203927976568382,0.020768452955724,0.0211280407906695,0.0214405631551601,0.0216835853681962,0.0218425512888734,0.0219099773686767,0.0218846593706144,0.0217709343286345,0.0215779893985638,0.0213191819825014,0.0210113208113033,0.0206738508432216,0.0203278867623084,0.0199950557445457,0.019696146952323,0.0194496263502971,0.0192701531470244,0.0191673038187705,0.0191447343019093,0.0191999608649643,0.019324818221554,0.0195065032554964,0.019728996149215,0.0199746095329612,0.0202254503955717,0.0204646563939696,0.0206773492163696,0.0208513079399192,0.0209773979823882,0.0210498010849061,0.0210660873893764,0.0210271596375427,0.0209370867714819,0.020802832511383,0.0206338754000252,0.0204417116704623,0.0202392327689113,0.0200399774099838,0.0198572751691036,0.0197033243637822,0.0195882770882444,0.0195194298657216,0.0195006277699215,0.0195319735881263,0.0196098907055073,0.019727529453879,0.0198754501186668,0.0200424790212692,0.0202166251892879,0.020385960681541,0.0205393968583975,0.0206673200858223,0.0207620755113893,0.0208183034869976,0.0208331404239964,0.0208062966130239,0.0207400204279124,0.0206389536361619,0.0205098781145277,0.0203613517385287,0.0202032321453111,0.0200460929253128,0.0199005485195663,0.0197765212844554,0.0196825041558504,0.0196248897466466,0.0196074444814315,0.0196309983982206,0.0196933958335167,0.0197897142082322,0.0199127178151909,0.0200534822207423,0.0202021100451602,0.0203484613242526,0.020482836605727,0.0205965712449686,0.0206825187243662,0.020735415461946,0.02075212834899,0.0207317898003534,0.0206758248902218,0.0205878728491737,0.020473602414088,0.0203404187690044,0.0201970605911779,0.0200530904441698,0.0199182914590456,0.0198019978905704,0.0197124048629715,0.0196559192580997,0.0196366233061693,0.0196559192580948,0.0197124048629633,0.0198019978905592,0.019918291459033,0.0200530904441569,0.0201970605911671,0.0203404187689971,0.0204736024140861,0.0205878728491777,0.0206758248902327,0.0207317898003712,0.0207521283490133,0.0207354154619737,0.0206825187243963,0.0205965712449994,0.0204828366057573,0.0203484613242793,0.020202110045183,0.0200534822207589,0.0199127178152029,0.0197897142082394,0.0196933958335196,0.0196309983982206,0.0196074444814303,0.0196248897466459,0.0196825041558514,0.0197765212844591,0.019900548519573,0.0200460929253228,0.0202032321453228,0.0203613517385418,0.0205098781145414,0.0206389536361744,0.020740020427922,0.0208062966130301,0.0208331404239983,0.0208183034869956,0.0207620755113814,0.0206673200858092,0.0205393968583808,0.0203859606815208,0.0202166251892646,0.0200424790212458,0.0198754501186452,0.0197275294538612,0.0196098907054951,0.0195319735881175,0.0195006277699166,0.0195194298657211,0.0195882770882452,0.0197033243637829,0.0198572751691019,0.0200399774099764,0.0202392327688978,0.0204417116704411,0.0206338753999952,0.020802832511347,0.0209370867714398,0.0210271596374989,0.0210660873893349,0.0210498010848676,0.0209773979823607,0.0208513079399021,0.0206773492163653,0.0204646563939794,0.0202254503955949,0.019974609532994,0.0197289961492559,0.0195065032555422,0.0193248182215985,0.019199960865005,0.0191447343019419,0.0191673038187941,0.0192701531470395,0.0194496263503032,0.0196961469523229,0.0199950557445422,0.0203278867623036,0.0206738508432197,0.0210113208113063,0.0213191819825112,0.021577989398581,0.021770934328659,0.0218846593706451,0.0219099773687125,0.0218425512889126,0.0216835853682358,0.0214405631551952,0.0211280407906989,0.0207684529557437,0.0203927976568486,0.0200409193496099,0.0197609176432775,0.0196070529115993,0.0196356013101042,0.0198986916185745,0.0204372602662147,0.0212752953089613,0.0224174972273854,0.0238510304674185,0.0255501984686658,0.027482016592276,0.0296110677851891,0.0319029653835065,0.0343264793926143,0.0368546923514681,0.0394655679336238,NA,NA,NA,NA,NA,NA,NA,NA,NA,NA,NA,NA,NA,NA,NA,NA,NA,NA,NA,NA,NA,NA,NA,NA,NA,NA,NA,NA,NA,NA,NA,NA,NA,NA,NA
0.0398540603643589,0.0372358818077437,0.0347000338036992,0.0322682903200164,0.0299672249060584,0.027827654017342,0.0258835157489443,0.0241698175158271,0.0227192992371362,0.0215577445699454,0.020698557981094,0.0201381242139608,0.0198539013392106,0.0198064492488791,0.0199448628120474,0.0202136232792353,0.0205587370516979,0.0209319709501922,0.0212930733144764,0.0216104766185799,0.0218610921736143,0.0220296719138016,0.0221080270545749,0.0220942467974984,0.021991966912013,0.0218096851238076,0.0215600917210658,0.0212593684295307,0.0209264012147449,0.020581853426924,0.0202470590315242,0.0199427280104102,0.0196875112904935,0.0194965452112445,0.0193801647040168,0.0193430062902573,0.0193836863550848,0.0194951336159055,0.0196655125302573,0.0198795540370514,0.0201200562805755,0.0203693382044953,0.0206104968114381,0.0208283975241609,0.0210103897042838,0.0211467761865633,0.0212310793929353,0.0212601449577684,0.0212341143508218,0.0211562859820254,0.0210328727533745,0.0208726546934584,0.0206865194590692,0.0204868826034256,0.0202869854000852,0.0201000822698052,0.0199385526015276,0.0198129999423005,0.0197314278316906,0.0196985953421018,0.0197156467135054,0.0197800749130642,0.0198860255739936,0.0200248915007607,0.0201861062435021,0.020358028758465,0.0205288197079381,0.0206872348886837,0.020823291336582,0.0209287879629635,0.020997680732637,0.0210263218981332,0.0210135753907846,0.0209608185735539,0.0208718364669554,0.0207526101564228,0.0206109979779582,0.020456307757688,0.0202987622891702,0.0201488694806671,0.0200167233304818,0.0199112803824429,0.0198396744004786,0.0198066434223157,0.0198141416969339,0.0198611908282012,0.0199439919272628,0.020056281749747,0.0201898814878614,0.020335365975025,0.0204827768930199,0.0206223135504967,0.0207449527479799,0.0208429686189971,0.0209103394921757,0.0209430396625969,0.0209392194563267,0.020899278243887,0.0208258336450509,0.0207235876237296,0.0205990879687706,0.0204603832231057,0.0203165718559956,0.0201772535527094,0.0200519024194491,0.0199491977737314,0.0198763650887503,0.0198385926351845,0.0198385926351825,0.0198763650887447,0.0199491977737224,0.0200519024194381,0.020177253552698,0.0203165718559858,0.0204603832230989,0.020599087968768,0.0207235876237324,0.0208258336450602,0.0208992782439017,0.0209392194563468,0.020943039662621,0.0209103394922026,0.0208429686190252,0.0207449527480072,0.0206223135505218,0.0204827768930412,0.0203353659750417,0.0201898814878732,0.0200562817497537,0.0199439919272664,0.0198611908282015,0.0198141416969331,0.0198066434223146,0.0198396744004789,0.0199112803824451,0.0200167233304862,0.020148869480674,0.0202987622891801,0.0204563077576984,0.0206109979779694,0.0207526101564331,0.0208718364669643,0.0209608185735604,0.0210135753907869,0.0210263218981325,0.0209976807326318,0.0209287879629533,0.0208232913365679,0.0206872348886668,0.0205288197079178,0.0203580287584444,0.0201861062434815,0.0200248915007422,0.0198860255739785,0.0197800749130527,0.0197156467134979,0.019698595342099,0.0197314278316891,0.0198129999423005,0.019938552601527,0.0201000822698007,0.0202869854000771,0.020486882603413,0.02068651945905,0.0208726546934326,0.0210328727533425,0.0211562859819896,0.0212341143507857,0.0212601449577347,0.0212310793929075,0.0211467761865435,0.021010389704274,0.0208283975241601,0.0206104968114502,0.0203693382045169,0.0201200562806044,0.0198795540370864,0.019665512530294,0.0194951336159412,0.0193836863551158,0.0193430062902834,0.019380164704037,0.0194965452112563,0.0196875112904994,0.0199427280104108,0.0202470590315219,0.0205818534269226,0.0209264012147451,0.0212593684295353,0.0215600917210758,0.0218096851238232,0.0219919669120357,0.022094246797524,0.0221080270546054,0.0220296719138342,0.021861092173644,0.021610476618608,0.0212930733145,0.0209319709502085,0.0205587370517048,0.0202136232792335,0.01994486281204,0.0198064492488655,0.0198539013391962,0.0201381242139454,0.0206985579810814,0.0215577445699394,0.0227192992371342,0.02416981751583,0.0258835157489501,0.0278276540173442,0.0299672249060577,0.0322682903200064,0.0347000338036748,0.0372358818077098,0.0398540603643112,NA,NA,NA,NA,NA,NA,NA,NA,NA,NA,NA,NA,NA,NA,NA,NA,NA,NA,NA,NA,NA,NA,NA,NA,NA,NA,NA,NA,NA,NA,NA,NA,NA,NA
0.0399416323309725,0.0373344236835674,0.0348086547464922,0.0323857091464139,0.0300916650777348,0.0279567547514928,0.0260142834850698,0.0242986588637236,0.0228421895655874,0.0216705766990871,0.0207976606311807,0.0202208432447154,0.0199190570436372,0.0198545024318437,0.019977750812473,0.0202343684873284,0.0205709852730699,0.0209395793778577,0.0212997982731575,0.0216197594754154,0.0218759197118518,0.0220524854341985,0.0221406607086011,0.0221378832476003,0.0220471048205238,0.0218761179117121,0.0216369009733957,0.0213449387012154,0.0210184658703026,0.0206775829801563,0.0203432029699612,0.020035816514842,0.0197741131345708,0.0195735628482412,0.0194451308977329,0.019394335650337,0.0194208369045924,0.0195186502233094,0.0196769500990549,0.0198813031448192,0.0201151083862427,0.0203610289039897,0.0206022574394192,0.0208235336420243,0.0210118944821319,0.0211571796156489,0.0212523307973141,0.021293525541401,0.0212801774825644,0.0212148247628931,0.0211029165630974,0.0209524984507277,0.0207737908058483,0.020578652549172,0.0203799263894376,0.0201906734349103,0.0200233248249359,0.0198888039937368,0.019795699391407,0.0197495845254225,0.0197525800876018,0.0198032264101006,0.0198966874530405,0.0200252531253498,0.0201790617926008,0.0203469417350918,0.020517271886921,0.0206787821991026,0.0208212420303386,0.0209360117177541,0.0210164524255512,0.0210582010075518,0.0210593210589104,0.021020340755819,0.0209441847344943,0.0208360030522769,0.0207028967955791,0.0205535385918013,0.0203976885339105,0.0202456130321675,0.0201074263864766,0.0199923914993038,0.0199082340322406,0.0198605381462903,0.0198522955039561,0.0198836678481058,0.0199519971104871,0.0200520612712359,0.0201765387188359,0.0203166181987762,0.0204626810218634,0.0206049867046215,0.0207343078619409,0.0208424786459466,0.0209228380565375,0.0209705620534559,0.0209828857949034,0.0209592201862255,0.0209011665805504,0.0208124314150703,0.0206986402182996,0.0205670491498097,0.0204261533749361,0.0202851963711215,0.0201535935327295,0.0200402970198433,0.0199531448567738,0.0198982520016639,0.0198795092070369,0.0198982520016596,0.0199531448567659,0.0200402970198329,0.0201535935327183,0.0202851963711115,0.0204261533749287,0.0205670491498061,0.0206986402183014,0.0208124314150784,0.0209011665805654,0.0209592201862455,0.0209828857949276,0.0209705620534834,0.0209228380565666,0.0208424786459752,0.0207343078619673,0.0206049867046444,0.0204626810218814,0.0203166181987884,0.0201765387188433,0.0200520612712395,0.0199519971104875,0.0198836678481041,0.0198522955039538,0.0198605381462891,0.019908234032241,0.0199923914993065,0.0201074263864821,0.0202456130321756,0.0203976885339202,0.0205535385918116,0.020702896795589,0.0208360030522857,0.0209441847344998,0.0210203407558222,0.0210593210589093,0.0210582010075465,0.0210164524255419,0.0209360117177396,0.0208212420303214,0.0206787821990823,0.0205172718868987,0.0203469417350705,0.0201790617925811,0.0200252531253328,0.0198966874530276,0.0198032264100921,0.0197525800875976,0.0197495845254208,0.0197956993914074,0.0198888039937373,0.0200233248249351,0.0201906734349058,0.0203799263894275,0.0205786525491574,0.0207737908058262,0.0209524984506998,0.0211029165630648,0.0212148247628595,0.0212801774825299,0.0212935255413689,0.021252330797289,0.0211571796156312,0.0210118944821239,0.0208235336420272,0.020602257439432,0.0203610289040124,0.0201151083862728,0.0198813031448546,0.0196769500990922,0.0195186502233453,0.0194208369046244,0.0193943356503628,0.0194451308977509,0.0195735628482517,0.0197741131345758,0.0200358165148409,0.0203432029699554,0.0206775829801523,0.0210184658702998,0.021344938701217,0.0216369009734044,0.021876117911724,0.0220471048205429,0.0221378832476251,0.0221406607086306,0.0220524854342331,0.021875919711879,0.0216197594754442,0.0212997982731766,0.0209395793778718,0.020570985273075,0.0202343684873267,0.0199777508124624,0.0198545024318293,0.0199190570436181,0.0202208432446994,0.0207976606311691,0.0216705766990803,0.0228421895655861,0.0242986588637282,0.0260142834850756,0.027956754751499,0.0300916650777353,0.0323857091464077,0.0348086547464764,0.0373344236835389,0.0399416323309289,NA,NA,NA,NA,NA,NA,NA,NA,NA,NA,NA,NA,NA,NA,NA,NA,NA,NA,NA,NA,NA,NA,NA,NA,NA,NA,NA,NA,NA,NA,NA,NA,NA
0.0398861864894667,0.0372974546974883,0.0347890590680299,0.0323819589989604,0.0301017009954966,0.0279778960164522,0.0260431797665158,0.0243313218669918,0.0228741553215147,0.0216972403667189,0.020814776220676,0.020225092591867,0.0199085166937953,0.0198288483301785,0.0199381526243852,0.0201831563750542,0.0205112300821613,0.0208747004366032,0.0212332522631838,0.0215548154044665,0.021815502362176,0.0219990657047037,0.0220961756942347,0.0221036752272369,0.0220238739651817,0.0218638880170514,0.0216350011687936,0.0213520072441501,0.0210324848424828,0.0206959544782906,0.0203628771125034,0.020053477670258,0.0197864218319924,0.0195774370112578,0.0194380344507232,0.0193745313439557,0.0193875600847691,0.0194721739924925,0.019618535730125,0.0198130533639073,0.0200397563763735,0.0202816991284432,0.0205222281096778,0.0207460201687947,0.0209398632379721,0.0210931942533354,0.0211984296236358,0.0212511273656283,0.0212500140002466,0.0211968991061821,0.0210964895911499,0.0209561062564525,0.0207852983713192,0.0205953489689588,0.0203986659260692,0.0202080631733373,0.0200359534615476,0.0198934977600117,0.0197897819716573,0.0197311110011239,0.0197205136472948,0.0197575326995755,0.0198383341604426,0.0199561180514859,0.0201017664169608,0.0202646354570618,0.0204333936215704,0.0205968222513846,0.0207445207929763,0.0208674852114204,0.0209585495787054,0.0210126944156745,0.0210272316400399,0.021001876778152,0.0209387165978281,0.0208420764361883,0.0207182878243556,0.0205753549474152,0.020422519355147,0.0202697273798028,0.0201270146967465,0.0200038370651266,0.0199083933610346,0.0198470022471049,0.0198236014187496,0.0198394330929185,0.01989295933573,0.0199800192572548,0.0200942050297504,0.0202274046457415,0.0203704433155748,0.0205137542693093,0.0206480203950582,0.0207647449173538,0.0208567265970659,0.0209184289471208,0.0209462421447403,0.0209386408183952,0.0208962417588336,0.0208217642267028,0.020719893285919,0.0205970447955844,0.0204610306227786,0.0203206255282851,0.0201850440319814,0.0200633467271202,0.0199638100470213,0.0198933086602518,0.0198567710183544,0.0198567710183517,0.0198933086602457,0.0199638100470118,0.0200633467271089,0.0201850440319707,0.0203206255282758,0.0204610306227728,0.020597044795584,0.0207198932859247,0.0208217642267151,0.0208962417588521,0.0209386408184189,0.0209462421447682,0.0209184289471507,0.0208567265970963,0.0207647449173832,0.0206480203950843,0.0205137542693312,0.0203704433155913,0.0202274046457526,0.0200942050297569,0.019980019257257,0.0198929593357297,0.0198394330929167,0.0198236014187477,0.0198470022471046,0.019908393361036,0.0200038370651302,0.0201270146967522,0.0202697273798096,0.0204225193551553,0.0205753549474239,0.0207182878243629,0.0208420764361944,0.0209387165978314,0.0210018767781519,0.0210272316400367,0.0210126944156671,0.0209585495786928,0.0208674852114035,0.0207445207929567,0.0205968222513633,0.0204333936215476,0.0202646354570401,0.0201017664169413,0.0199561180514691,0.01983833416043,0.0197575326995666,0.0197205136472894,0.0197311110011217,0.0197897819716573,0.0198934977600113,0.0200359534615452,0.0202080631733313,0.0203986659260578,0.0205953489689431,0.0207852983712982,0.0209561062564261,0.0210964895911204,0.0211968991061508,0.021250014000216,0.0212511273656012,0.0211984296236138,0.021093194253321,0.0209398632379658,0.0207460201687997,0.0205222281096929,0.0202816991284674,0.0200397563764047,0.0198130533639429,0.0196185357301626,0.0194721739925287,0.0193875600848011,0.0193745313439829,0.0194380344507418,0.0195774370112692,0.0197864218319965,0.0200534776702573,0.0203628771124993,0.020695954478286,0.0210324848424789,0.0213520072441506,0.0216350011688011,0.0218638880170663,0.0220238739652013,0.022103675227264,0.0220961756942637,0.0219990657047354,0.0218155023622079,0.0215548154044927,0.0212332522632041,0.020874700436615,0.0205112300821662,0.0201831563750485,0.0199381526243739,0.0198288483301603,0.019908516693776,0.020225092591849,0.0208147762206631,0.0216972403667119,0.0228741553215142,0.0243313218669958,0.0260431797665214,0.0279778960164566,0.0301017009954966,0.0323819589989523,0.0347890590680127,0.0372974546974578,0.0398861864894211,NA,NA,NA,NA,NA,NA,NA,NA,NA,NA,NA,NA,NA,NA,NA,NA,NA,NA,NA,NA,NA,NA,NA,NA,NA,NA,NA,NA,NA,NA,NA,NA
0.0397765723963496,0.0372058790362957,0.0347144652928484,0.0323229201667704,0.0300563338378102,0.0279437940291557,0.0260173847257795,0.0243103645796323,0.0228542039649301,0.0216743855260249,0.0207854413228266,0.0201864903249741,0.0198590162131673,0.0197681303266805,0.0198671178973178,0.0201036548998484,0.0204257216952988,0.0207859367218203,0.0211440216057902,0.0214677553579307,0.0217329658263738,0.0219230243888579,0.022028147852498,0.0220446696519509,0.0219743466884068,0.0218237117498842,0.021603450430962,0.0213277646541612,0.0210136761395303,0.020680221090538,0.0203474945258013,0.020035524179142,0.0197629943808013,0.0195458989697337,0.0193962669771669,0.0193211506639359,0.0193220632062001,0.0193949874763387,0.019530962652923,0.0197171345110145,0.0199380751989046,0.0201771628859677,0.0204178519694969,0.0206447315458108,0.0208443345813155,0.0210057060716282,0.0211207621832508,0.0211844785741071,0.0211949416231074,0.0211532869217397,0.021063538849821,0.0209323555094509,0.0207686760177083,0.0205832632976321,0.0203881364288166,0.0201958938681501,0.0200189435201094,0.0198686771802632,0.019754651761759,0.0196838608500575,0.0196601882707631,0.0196841229164803,0.0197527798888522,0.0198602247971591,0.0199980500633301,0.0201561185684784,0.02032337863712,0.0204886638893777,0.0206414140852526,0.0207722792597882,0.0208735919941913,0.0209397081211456,0.0209672242334153,0.0209550825539736,0.0209045720961735,0.0208192315309351,0.020704655399152,0.020568202637896,0.0204186061137487,0.0202654852014957,0.0201187713604949,0.0199880692959924,0.0198819922910438,0.0198075262611509,0.0197694878262226,0.0197701417017505,0.0198090286528629,0.0198830283074058,0.019986647468823,0.0201124932451678,0.0202518693883159,0.0203954275635985,0.0205338115858452,0.020658247176775,0.0207610468454918,0.0208360146261061,0.020878746280238,0.0208868267298602,0.0208599286585734,0.0207998156508255,0.0207102512672781,0.0205968133614653,0.0204666119587457,0.020327910350988,0.020189653807913,0.0200609191575592,0.0199503111989592,0.0198653467146725,0.0198118801995698,0.0197936325267839,0.0198118801995654,0.019865346714665,0.0199503111989494,0.0200609191575485,0.020189653807903,0.0203279103509805,0.0204666119587426,0.0205968133614673,0.0207102512672852,0.0207998156508387,0.0208599286585913,0.0208868267298821,0.0208787462802624,0.0208360146261316,0.0207610468455167,0.020658247176798,0.0205338115858653,0.0203954275636142,0.0202518693883267,0.0201124932451748,0.0199866474688258,0.0198830283074055,0.0198090286528613,0.0197701417017484,0.0197694878262213,0.0198075262611511,0.0198819922910462,0.0199880692959976,0.0201187713605018,0.0202654852015039,0.0204186061137582,0.0205682026379057,0.0207046553991606,0.0208192315309426,0.0209045720961786,0.0209550825539758,0.0209672242334134,0.0209397081211401,0.0208735919941813,0.0207722792597751,0.0206414140852354,0.0204886638893588,0.0203233786371007,0.0201561185684595,0.0199980500633148,0.0198602247971469,0.0197527798888431,0.0196841229164741,0.0196601882707592,0.0196838608500564,0.0197546517617585,0.0198686771802623,0.0200189435201054,0.0201958938681421,0.0203881364288039,0.0205832632976133,0.0207686760176843,0.0209323555094213,0.0210635388497877,0.021153286921705,0.0211949416230727,0.0211844785740746,0.0211207621832218,0.0210057060716072,0.0208443345813022,0.0206447315458059,0.0204178519695028,0.0201771628859826,0.0199380751989274,0.0197171345110442,0.0195309626529547,0.0193949874763695,0.0193220632062289,0.0193211506639588,0.0193962669771827,0.0195458989697436,0.0197629943808051,0.0200355241791404,0.0203474945257982,0.0206802210905349,0.021013676139531,0.0213277646541673,0.0216034504309727,0.0218237117499036,0.0219743466884347,0.0220446696519835,0.0220281478525343,0.0219230243888979,0.0217329658264135,0.021467755357968,0.0211440216058219,0.0207859367218403,0.0204257216953121,0.0201036548998512,0.0198671178973133,0.0197681303266684,0.0198590162131551,0.020186490324962,0.020785441322817,0.0216743855260199,0.0228542039649294,0.0243103645796335,0.0260173847257835,0.0279437940291559,0.030056333837805,0.0323229201667564,0.0347144652928249,0.0372058790362596,0.0397765723963015,NA,NA,NA,NA,NA,NA,NA,NA,NA,NA,NA,NA,NA,NA,NA,NA,NA,NA,NA,NA,NA,NA,NA,NA,NA,NA,NA,NA,NA,NA,NA
0.0397027095414207,0.0371467850043627,0.0346692006459816,0.032290216508886,0.030034519005553,0.0279307353662674,0.0260104679028011,0.0243065353418336,0.0228501064844507,0.0216666222853312,0.0207709431248394,0.0201629243431864,0.0198251104878166,0.0197238044475134,0.019813389602304,0.0200423843166969,0.020359295328971,0.0207169735376721,0.0210751395283094,0.0214014013906571,0.0216712966536276,0.0218678216538368,0.0219807557546982,0.0220059472995935,0.0219446318795369,0.0218027962113478,0.0215905692474237,0.0213216049217843,0.021012411796108,0.0206815820324375,0.0203488776867636,0.0200341510324135,0.0197561122911331,0.0195310130228322,0.0193713765896752,0.0192849560703607,0.0192741061825886,0.0193357010820549,0.0194616236814685,0.0196397324755529,0.019855125422195,0.0200914949950909,0.0203324002854065,0.0205623448615269,0.0207676138595393,0.0209368720642641,0.0210615514292105,0.0211360651335876,0.0211578824054399,0.021127489817213,0.0210482545623971,0.0209261956473145,0.0207696613133685,0.0205889064113434,0.0203955631293022,0.0202020039101667,0.0200206078323033,0.0198629611600293,0.0197390466198291,0.0196564982221025,0.0196200104836369,0.0196309845369581,0.0196874656992527,0.0197843827866911,0.0199140513437547,0.0200668654651245,0.0202320856401479,0.0203986341521417,0.0205558288186351,0.0206940111133407,0.020805048128698,0.0208827050144292,0.0209228944054039,0.0209238130035704,0.0208859748212041,0.0208121475645328,0.0207071948828403,0.0205778241021147,0.0204322378498899,0.020279689863383,0.0201299513042445,0.0199927045740356,0.0198768962308057,0.0197900966188597,0.0197379267780873,0.0197236176568568,0.0197477583117061,0.0198082679480606,0.0199005955643936,0.0200181186478246,0.0201526874242925,0.0202952491369966,0.0204364883680809,0.0205674309833922,0.0206799754431735,0.0207673310506457,0.0208243551012957,0.0208477887292855,0.0208363948411642,0.0207910019359244,0.0207144561124184,0.0206114814168535,0.02048844707832,0.0203530402864991,0.0202138461069803,0.020079842802666,0.0199598314946091,0.0198618328089779,0.0197924973147061,0.0197565869910219,0.01975658699102,0.0197924973147001,0.0198618328089685,0.0199598314945978,0.0200798428026552,0.020213846106971,0.0203530402864931,0.0204884470783188,0.0206114814168575,0.0207144561124281,0.0207910019359398,0.0208363948411839,0.0208477887293089,0.0208243551013213,0.0207673310506721,0.0206799754431988,0.0205674309834149,0.0204364883681008,0.020295249137012,0.0201526874243035,0.0200181186478312,0.0199005955643971,0.0198082679480616,0.0197477583117055,0.0197236176568555,0.0197379267780865,0.0197900966188604,0.0198768962308087,0.0199927045740401,0.0201299513042519,0.0202796898633913,0.0204322378498995,0.0205778241021251,0.0207071948828502,0.0208121475645409,0.0208859748212114,0.0209238130035732,0.0209228944054035,0.0208827050144247,0.0208050481286897,0.0206940111133284,0.0205558288186202,0.020398634152126,0.0202320856401315,0.0200668654651088,0.0199140513437401,0.01978438278668,0.0196874656992448,0.0196309845369526,0.0196200104836341,0.0196564982221019,0.0197390466198286,0.0198629611600282,0.0200206078323005,0.0202020039101588,0.0203955631292909,0.0205889064113266,0.0207696613133473,0.0209261956472901,0.0210482545623683,0.0211274898171824,0.0211578824054086,0.0211360651335578,0.0210615514291866,0.0209368720642449,0.020767613859528,0.0205623448615251,0.0203324002854144,0.0200914949951063,0.0198551254222174,0.0196397324755804,0.019461623681498,0.0193357010820847,0.019274106182615,0.0192849560703823,0.0193713765896913,0.0195310130228423,0.0197561122911366,0.0200341510324127,0.0203488776867611,0.0206815820324347,0.0210124117961097,0.0213216049217911,0.0215905692474365,0.0218027962113686,0.0219446318795664,0.0220059472996268,0.0219807557547383,0.0218678216538775,0.0216712966536646,0.0214014013906913,0.0210751395283375,0.0207169735376892,0.0203592953289803,0.0200423843166951,0.0198133896022938,0.0197238044475005,0.0198251104878013,0.0201629243431722,0.0207709431248294,0.0216666222853255,0.0228501064844501,0.0243065353418367,0.0260104679028037,0.0279307353662684,0.0300345190055505,0.0322902165088742,0.0346692006459581,0.0371467850043276,0.0397027095413696,NA,NA,NA,NA,NA,NA,NA,NA,NA,NA,NA,NA,NA,NA,NA,NA,NA,NA,NA,NA,NA,NA,NA,NA,NA,NA,NA,NA,NA,NA
0.0396450093865594,0.0371075716010525,0.0346474082839565,0.0322843741533572,0.030042647292987,0.0279502592247576,0.0260381655802895,0.024338558798516,0.0228821198249884,0.0216940997269246,0.0207896273518275,0.0201693680170105,0.0198171483041244,0.0197007984621451,0.0197761815384581,0.0199930128255661,0.0203006051958711,0.0206522319794767,0.0210077214299716,0.0213345565376312,0.0216079859556847,0.021810602379353,0.0219316985018776,0.0219665730292162,0.021915862723302,0.0217849181456549,0.0215832082358436,0.0213237211237315,0.0210223190735152,0.0206970020204653,0.0203670383545421,0.0200519376569018,0.0197702726849246,0.0195384080882308,0.0193692533167723,0.0192712073196813,0.0192474761191542,0.0192959015202857,0.0194093442356274,0.0195765498337481,0.0197833355683926,0.0200139009483809,0.0202520864967907,0.0204824615264081,0.0206911847769394,0.0208666316274014,0.0209998111904348,0.0210846080286731,0.0211178824052381,0.0210994557038513,0.0210319980893313,0.020920826108967,0.0207736101774401,0.0205999867763507,0.020411068861808,0.0202188517739452,0.020035522164908,0.0198726944745121,0.0197406215300076,0.019647448071791,0.019598590714375,0.0195963268615588,0.0196396538285714,0.0197244405620914,0.0198438481652405,0.0199889556818336,0.0201495051375685,0.0203146781046351,0.0204738308965887,0.0206171386667372,0.020736122110353,0.0208240489380152,0.020876213895421,0.0208901063566808,0.0208654750646993,0.0208042973058176,0.020710656341841,0.0205905276559406,0.0204514727076969,0.020302239590257,0.0201522743041202,0.0200111550061119,0.0198879743552449,0.0197907102237356,0.0197256389735242,0.0196968532532096,0.0197059431346758,0.0197518832408012,0.0198311415358725,0.0199379941250629,0.0200650030501858,0.0202035973526958,0.0203446941084841,0.0204793037814416,0.0205990784204657,0.0206967768858359,0.0207666347134989,0.0208046355935623,0.0208086865454445,0.0207787004776215,0.0207165890785836,0.0206261671070949,0.0205129672881613,0.0203839642893177,0.0202472077405432,0.0201113689457842,0.0199852143885467,0.0198770310517236,0.0197940422514248,0.0197418648277504,0.0197240647814029,0.0197418648277462,0.0197940422514178,0.0198770310517148,0.0199852143885371,0.0201113689457755,0.0202472077405373,0.0203839642893153,0.0205129672881634,0.0206261671071018,0.0207165890785956,0.0207787004776378,0.0208086865454637,0.0208046355935841,0.0207666347135218,0.0206967768858591,0.0205990784204871,0.0204793037814612,0.0203446941085001,0.0202035973527082,0.0200650030501945,0.0199379941250681,0.0198311415358749,0.0197518832408022,0.0197059431346753,0.0196968532532092,0.0197256389735241,0.019790710223737,0.0198879743552479,0.0200111550061167,0.0201522743041274,0.0203022395902651,0.0204514727077063,0.0205905276559511,0.0207106563418507,0.0208042973058257,0.0208654750647059,0.0208901063566847,0.0208762138954207,0.0208240489380117,0.0207361221103448,0.0206171386667269,0.0204738308965762,0.0203146781046204,0.0201495051375543,0.0199889556818202,0.0198438481652284,0.019724440562081,0.019639653828564,0.0195963268615543,0.0195985907143725,0.0196474480717899,0.0197406215300065,0.0198726944745096,0.0200355221649046,0.0202188517739384,0.0204110688617963,0.0205999867763348,0.0207736101774192,0.0209208261089425,0.0210319980893046,0.0210994557038221,0.0211178824052091,0.0210846080286447,0.0209998111904109,0.0208666316273847,0.0206911847769285,0.020482461526406,0.0202520864967955,0.0200139009483956,0.0197833355684125,0.0195765498337742,0.0194093442356549,0.0192959015203143,0.0192474761191797,0.0192712073197019,0.0193692533167873,0.0195384080882385,0.0197702726849271,0.0200519376569007,0.0203670383545391,0.0206970020204626,0.0210223190735163,0.0213237211237368,0.0215832082358558,0.021784918145677,0.0219158627233304,0.0219665730292494,0.0219316985019122,0.0218106023793918,0.0216079859557183,0.021334556537663,0.0210077214299946,0.0206522319794914,0.0203006051958775,0.0199930128255646,0.0197761815384493,0.0197007984621317,0.0198171483041109,0.0201693680169983,0.0207896273518194,0.0216940997269209,0.02288211982499,0.0243385587985194,0.0260381655802923,0.0279502592247606,0.0300426472929873,0.0322843741533466,0.0346474082839382,0.0371075716010216,0.039645009386519,NA,NA,NA,NA,NA,NA,NA,NA,NA,NA,NA,NA,NA,NA,NA,NA,NA,NA,NA,NA,NA,NA,NA,NA,NA,NA,NA,NA,NA
0.0396358181511398,0.0371149578045622,0.0346703705836793,0.0323215143609557,0.030092066714761,0.0280094690205963,0.0261040315005201,0.0244073150486765,0.0229494992933573,0.0217556242199763,0.0208410628523071,0.0202072724519556,0.0198393605019554,0.0197067054536327,0.019766687746614,0.0199702616981525,0.0202675805113878,0.0206123599016852,0.0209645416092549,0.0212914790670803,0.0215681220366363,0.0217766478885519,0.0219058518155936,0.0219504741293872,0.0219105462635348,0.0217907777733099,0.0215999731374208,0.0213504488435811,0.0210574113680358,0.0207382527034631,0.0204117231030042,0.0200969543895396,0.0198123359776934,0.0195742913179469,0.0193960588212857,0.0192866315777952,0.0192500296269822,0.0192850467327202,0.0193855302501542,0.0195411441622612,0.019738472971479,0.0199622802905071,0.0201967473274313,0.0204265655134362,0.0206378177840014,0.0208186337832342,0.0209596364882248,0.0210542119932243,0.021098635561047,0.0210920811889724,0.0210365331435719,0.0209366088624553,0.0207992948297994,0.0206335915364082,0.0204500614635251,0.0202602764226596,0.0200761688039697,0.0199093059529398,0.0197701269213712,0.0196672024058498,0.0196065951263009,0.0195914013620066,0.0196215393223023,0.019693817007121,0.0198022691129814,0.0199387118890549,0.0200934381365815,0.020255967199839,0.0204157748048722,0.0205629479728466,0.0206887330174391,0.0207859639734323,0.020849371972165,0.0208757829393667,0.0208642128431479,0.0208158683145397,0.0207340574455487,0.0206240123218862,0.020492622553707,0.0203480788306387,0.0201994283933148,0.0200560510949783,0.0199270755813038,0.0198207689662889,0.0197439474621116,0.0197014654226292,0.0196958414598662,0.0197270695555975,0.0197926408663983,0.0198877729088729,0.0200058144891523,0.0201387743239643,0.0202779128513167,0.0204143400101201,0.0205395731986875,0.0206460243779442,0.0207273992293542,0.020779001938219,0.0207979457623354,0.0207832724495733,0.0207359837552063,0.0206589869179495,0.0205569540980434,0.0204360945266455,0.0203038385046686,0.0201684354072034,0.0200384742468621,0.0199223452686981,0.0198276735376809,0.0197607681231257,0.0197261395472227,0.0197261395472206,0.0197607681231202,0.0198276735376725,0.0199223452686879,0.0200384742468521,0.0201684354071951,0.0203038385046632,0.0204360945266444,0.0205569540980472,0.0206589869179578,0.0207359837552195,0.0207832724495903,0.0207979457623546,0.0207790019382405,0.0207273992293762,0.0206460243779649,0.0205395731987063,0.0204143400101362,0.0202779128513293,0.0201387743239733,0.0200058144891578,0.0198877729088755,0.0197926408663993,0.0197270695555968,0.0196958414598651,0.0197014654226285,0.0197439474621117,0.0198207689662906,0.0199270755813077,0.0200560510949844,0.0201994283933225,0.0203480788306483,0.0204926225537174,0.020624012321896,0.0207340574455579,0.0208158683145476,0.0208642128431525,0.0208757829393689,0.0208493719721629,0.0207859639734266,0.0206887330174311,0.0205629479728348,0.0204157748048589,0.0202559671998254,0.0200934381365673,0.0199387118890426,0.0198022691129715,0.0196938170071131,0.0196215393222967,0.0195914013620043,0.0196065951263004,0.0196672024058501,0.019770126921371,0.0199093059529385,0.0200761688039655,0.0202602764226521,0.0204500614635138,0.0206335915363922,0.0207992948297794,0.02093660886243,0.0210365331435449,0.0210920811889446,0.0210986355610186,0.0210542119931982,0.0209596364882021,0.0208186337832178,0.0206378177839915,0.0204265655134343,0.0201967473274384,0.0199622802905215,0.0197384729715003,0.0195411441622874,0.0193855302501823,0.0192850467327471,0.0192500296270047,0.0192866315778124,0.0193960588212968,0.0195742913179527,0.0198123359776941,0.0200969543895367,0.0204117231029999,0.0207382527034606,0.0210574113680374,0.021350448843589,0.0215999731374366,0.0217907777733322,0.0219105462635648,0.0219504741294216,0.0219058518156284,0.0217766478885881,0.0215681220366676,0.0212914790671086,0.0209645416092756,0.0206123599016949,0.0202675805113894,0.0199702616981506,0.0197666877466051,0.01970670545362,0.0198393605019427,0.0202072724519431,0.0208410628523001,0.0217556242199722,0.0229494992933578,0.0244073150486795,0.0261040315005236,0.0280094690205971,0.0300920667147562,0.0323215143609453,0.0346703705836623,0.0371149578045354,0.0396358181510986,NA,NA,NA,NA,NA,NA,NA,NA,NA,NA,NA,NA,NA,NA,NA,NA,NA,NA,NA,NA,NA,NA,NA,NA,NA,NA,NA,NA
0.0395302771288222,0.0370297460222385,0.034604397259116,0.0322732944857221,0.0300596237045164,0.0279902525773456,0.0260948693524372,0.0244044296498155,0.0229486310011826,0.0217522987862111,0.020831007242874,0.020186915800497,0.0198062879945408,0.0196599205044545,0.019706609958898,0.0198984984656552,0.020186580541082,0.0205250561205537,0.0208740472927321,0.0212008559810917,0.0214802127988388,0.0216939558695165,0.0218304529161073,0.0218839492806501,0.0218539282727067,0.0217445101533875,0.0215638818091933,0.0213237303441835,0.0210386436123245,0.0207254362815629,0.0204023619861735,0.0200881837272938,0.0198011001624593,0.0195575669003701,0.019371104942237,0.0192512384836632,0.0192027286416595,0.0192252474489046,0.0193135636830158,0.0194582099814375,0.0196465072973241,0.0198637716134824,0.0200945298730878,0.0203236140510517,0.0205370595304541,0.0207227851630704,0.0208710668847865,0.0209748335811349,0.0210298173538667,0.0210345858596599,0.0209904763683984,0.020901442460037,0.020773816487543,0.0206159851208793,0.020437972406174,0.0202509259539585,0.0200665083342957,0.0198962083043303,0.0197506045743461,0.0196386355061598,0.0195669457320062,0.0195393878049963,0.019556747498081,0.0196167339959142,0.0197142366568384,0.0198418093521962,0.0199903133004059,0.0201496368587484,0.0203094159407997,0.0204596960006769,0.0205914982605113,0.0206972727338343,0.0207712351288905,0.0208095931068393,0.0208106705280241,0.0207749378365401,0.0207049542283049,0.0206052241125999,0.0204819677851022,0.0203428052451504,0.020196353727592,0.0200517446551781,0.0199180747680597,0.0198038186004446,0.0197162432242175,0.0196608776499498,0.0196410939665758,0.0196578514583314,0.0197096375583145,0.0197926135507543,0.0199009447551265,0.020027271793982,0.0201632667134028,0.0203002165816032,0.0204295854296675,0.0205435186943388,0.0206352683321503,0.0206995284550977,0.0207326793098363,0.0207329416418759,0.0207004446888127,0.0206372102708903,0.0205470537683586,0.0204354012217341,0.02030902135864,0.0201756730073499,0.0200436729440432,0.0199213971859674,0.0198167397163643,0.0197365649898601,0.0196862013159123,0.0196690274818406,0.0196862013159094,0.0197365649898553,0.0198167397163577,0.0199213971859605,0.0200436729440367,0.0201756730073457,0.0203090213586382,0.0204354012217355,0.0205470537683637,0.0206372102708984,0.0207004446888236,0.0207329416418894,0.0207326793098516,0.020699528455114,0.020635268332166,0.0205435186943544,0.0204295854296809,0.0203002165816155,0.0201632667134126,0.0200272717939889,0.0199009447551317,0.0197926135507575,0.0197096375583155,0.0196578514583315,0.0196410939665754,0.0196608776499495,0.0197162432242181,0.0198038186004461,0.0199180747680616,0.020051744655182,0.0201963537275976,0.0203428052451567,0.0204819677851094,0.0206052241126082,0.020704954228313,0.0207749378365463,0.0208106705280286,0.0208095931068413,0.0207712351288898,0.02069727273383,0.0205914982605039,0.0204596960006678,0.0203094159407888,0.0201496368587363,0.0199903133003935,0.0198418093521846,0.0197142366568283,0.0196167339959065,0.0195567474980755,0.0195393878049927,0.0195669457320059,0.0196386355061592,0.0197506045743457,0.0198962083043298,0.0200665083342936,0.0202509259539531,0.0204379724061659,0.0206159851208692,0.0207738164875279,0.0209014424600199,0.0209904763683782,0.0210345858596392,0.0210298173538453,0.0209748335811159,0.0208710668847707,0.0207227851630593,0.0205370595304491,0.0203236140510533,0.0200945298730974,0.0198637716134989,0.0196465072973452,0.0194582099814614,0.0193135636830424,0.0192252474489294,0.019202728641681,0.0192512384836789,0.0193711049422474,0.019557566900375,0.0198011001624589,0.0200881837272911,0.0204023619861702,0.0207254362815596,0.0210386436123247,0.0213237303441889,0.0215638818092027,0.021744510153403,0.0218539282727253,0.0218839492806766,0.0218304529161312,0.0216939558695443,0.0214802127988621,0.0212008559811105,0.0208740472927451,0.0205250561205558,0.0201865805410804,0.0198984984656473,0.0197066099588843,0.0196599205044384,0.019806287994527,0.0201869158004846,0.0208310072428662,0.0217522987862074,0.022948631001183,0.0244044296498195,0.0260948693524424,0.0279902525773495,0.0300596237045145,0.0322732944857181,0.0346043972591039,0.0370297460222179,0.0395302771287952,NA,NA,NA,NA,NA,NA,NA,NA,NA,NA,NA,NA,NA,NA,NA,NA,NA,NA,NA,NA,NA,NA,NA,NA,NA,NA,NA
0.0394447451537378,0.0369641295744731,0.0345576262458383,0.0322439046972134,0.0300456576897685,0.0279891745895258,0.0261035127379348,0.0244190076495432,0.0229648529866114,0.0217656315848812,0.0208370891521904,0.0201820644150851,0.0197879714354313,0.0196270433250312,0.0196595322660035,0.0198388182151744,0.0201167855560023,0.0204481572766405,0.0207932623412714,0.0211193668312477,0.0214009901089511,0.0216196342324549,0.0217632401909921,0.0218255579869125,0.0218055218432492,0.0217066610114874,0.0215365415966629,0.0213062154453669,0.0210296415903412,0.0207230408976176,0.0204041456244409,0.0200913153550976,0.0198025132021054,0.019554173668947,0.0193600430245307,0.0192301221626827,0.0191698700473784,0.0191798122765436,0.0192556370652323,0.0193887662748477,0.0195672963294113,0.0197771466813979,0.020003246540894,0.0202306249334044,0.0204453225141905,0.0206350945243841,0.0207899106559848,0.0209022769203074,0.0209674102445949,0.020983293558241,0.0209506320018839,0.020872722594025,0.0207552419891212,0.0206059509370949,0.0204343106051487,0.0202510060726727,0.0200673772139914,0.0198947677426416,0.0197438192654084,0.0196237566316344,0.0195417289125085,0.0195022802774082,0.0195070204584983,0.0195545427446702,0.0196406021069044,0.0197585265130863,0.0198998020943983,0.0200547558208109,0.0202132596766254,0.0203653940039708,0.0205020277552166,0.0206152933183664,0.0206989491975224,0.0207486336690263,0.0207620170384294,0.0207388606634737,0.0206809890413657,0.0205921783781496,0.0204779623352114,0.0203453541152357,0.0202024846841396,0.0200581606177359,0.0199213523948717,0.0198006347822952,0.0197036138854485,0.0196363875734553,0.0196030932621947,0.0196055954576528,0.0196433529276883,0.0197134832329417,0.0198110155433799,0.0199292980296647,0.0200605096241551,0.0201962204377852,0.0203279497041593,0.0204476812814324,0.020548310203143,0.0206240060658189,0.0206704882175344,0.0206852132414969,0.020667477545395,0.0206184378642393,0.0205410511784655,0.0204399339339279,0.0203211394789454,0.0201918532361326,0.0200600081702604,0.0199338292263636,0.0198213246479164,0.0197297534972854,0.0196651100523351,0.0196316736803987,0.0196316736803972,0.0196651100523305,0.0197297534972789,0.0198213246479089,0.0199338292263563,0.0200600081702549,0.0201918532361298,0.0203211394789464,0.020439933933933,0.0205410511784742,0.0206184378642511,0.0206674775454104,0.0206852132415141,0.0206704882175533,0.0206240060658374,0.0205483102031611,0.0204476812814491,0.0203279497041737,0.020196220437797,0.0200605096241641,0.0199292980296704,0.0198110155433832,0.0197134832329431,0.0196433529276889,0.0196055954576524,0.0196030932621944,0.0196363875734557,0.0197036138854497,0.0198006347822981,0.0199213523948756,0.0200581606177416,0.0202024846841465,0.0203453541152443,0.0204779623352192,0.0205921783781574,0.0206809890413722,0.020738860663478,0.0207620170384309,0.0207486336690257,0.0206989491975186,0.020615293318359,0.0205020277552067,0.0203653940039585,0.0202132596766121,0.0200547558207971,0.0198998020943844,0.019758526513074,0.0196406021068942,0.019554542744662,0.0195070204584928,0.0195022802774045,0.0195417289125074,0.0196237566316339,0.0197438192654084,0.0198947677426406,0.0200673772139881,0.0202510060726654,0.0204343106051383,0.0206059509370815,0.0207552419891044,0.0208727225940036,0.0209506320018608,0.0209832935582172,0.0209674102445699,0.0209022769202851,0.0207899106559673,0.0206350945243733,0.0204453225141847,0.020230624933407,0.0200032465409037,0.0197771466814141,0.0195672963294327,0.0193887662748719,0.0192556370652589,0.0191798122765677,0.0191698700473991,0.0192301221626985,0.0193600430245402,0.0195541736689509,0.0198025132021062,0.020091315355096,0.0204041456244378,0.0207230408976197,0.0210296415903438,0.0213062154453752,0.0215365415966776,0.0217066610115076,0.0218055218432741,0.0218255579869404,0.0217632401910231,0.0216196342324818,0.0214009901089746,0.021119366831267,0.020793262341285,0.0204481572766467,0.0201167855560036,0.0198388182151687,0.019659532265992,0.0196270433250166,0.0197879714354176,0.020182064415076,0.0208370891521828,0.0217656315848783,0.0229648529866116,0.0244190076495462,0.0261035127379377,0.0279891745895254,0.0300456576897651,0.0322439046972044,0.0345576262458231,0.0369641295744493,0.0394447451537022,NA,NA,NA,NA,NA,NA,NA,NA,NA,NA,NA,NA,NA,NA,NA,NA,NA,NA,NA,NA,NA,NA,NA,NA,NA,NA
0.0393291062891946,0.0368680149506923,0.0344800007687228,0.0321833714111299,0.0300003707652362,0.0279567667498922,0.0260810534001806,0.0244030185479634,0.0229514168823518,0.0217506268641774,0.0208165553140696,0.0201526470482797,0.0197473348819863,0.0195741234400658,0.0195945581075744,0.0197631263911209,0.0200325177625811,0.0203579376027904,0.0206999158743964,0.0210257008898814,0.0213096338740799,0.0215329228785155,0.0216831295160853,0.0217535591758866,0.0217426501931834,0.0216533960774956,0.0214927991603516,0.0212713341721071,0.0210023893878483,0.0207016477484245,0.0203863706195959,0.0200745549976987,0.0197839547309231,0.0195309903776319,0.0193296186115905,0.0191902802370597,0.0191190771089331,0.019117322160179,0.0191815539302723,0.0193040193382368,0.0194735367546381,0.0196765892178027,0.0198984826197276,0.0201244308776936,0.0203404795851076,0.0205342300895442,0.020695363942094,0.0208159892899107,0.0208908384704299,0.0209173445608341,0.0208956183773814,0.020828339541765,0.0207205676296303,0.0205794732166351,0.0204139847012667,0.0202343460462732,0.020051584127289,0.0198768931711541,0.0197209579898445,0.0195932558622993,0.019501395086267,0.0194505603587316,0.0194431348123512,0.019478551983471,0.0195533999450989,0.0196617619684526,0.0197957441249316,0.0199461192828782,0.0201030126495511,0.0202565639785583,0.0203975196811398,0.0205177277481058,0.0206105248816358,0.0206710164172336,0.0206962554421966,0.0206853291007904,0.0206393588916591,0.0205614192005831,0.0204563755491549,0.0203306420920664,0.0201918577048241,0.0200484824574418,0.0199093220574949,0.0197829971206493,0.0196773860341055,0.0195990824790932,0.0195529178251203,0.0195416005998701,0.0195655172079269,0.0196227199664477,0.0197091038357074,0.0198187480225073,0.0199443792285039,0.0200779037439768,0.0202109563699099,0.0203354227560272,0.0204439041929807,0.0205301064573358,0.0205891444967429,0.020617761528345,0.0206144645900054,0.0205795794404757,0.0205152268923761,0.0204252211419257,0.0203148893524837,0.0201908115485948,0.0200604816454943,0.0199318949056841,0.0198130746271705,0.0197115610157136,0.0196338964390863,0.0195851508573036,0.0195685357052454,0.0195851508573001,0.019633896439081,0.0197115610157065,0.0198130746271626,0.0199318949056778,0.0200604816454896,0.0201908115485933,0.0203148893524858,0.0204252211419318,0.0205152268923856,0.0205795794404883,0.0206144645900207,0.0206177615283611,0.0205891444967602,0.0205301064573528,0.0204439041929966,0.0203354227560416,0.0202109563699217,0.0200779037439864,0.0199443792285105,0.0198187480225117,0.0197091038357101,0.0196227199664482,0.0195655172079271,0.0195416005998698,0.0195529178251199,0.0195990824790934,0.0196773860341072,0.0197829971206529,0.0199093220574999,0.0200484824574481,0.0201918577048315,0.0203306420920744,0.0204563755491638,0.0205614192005912,0.0206393588916659,0.0206853291007944,0.0206962554421979,0.020671016417232,0.0206105248816317,0.0205177277480991,0.0203975196811307,0.0202565639785478,0.0201030126495384,0.0199461192828657,0.01979574412492,0.0196617619684415,0.0195533999450907,0.0194785519834648,0.0194431348123479,0.0194505603587296,0.0195013950862659,0.019593255862299,0.0197209579898435,0.0198768931711528,0.0200515841272845,0.0202343460462667,0.0204139847012555,0.0205794732166218,0.0207205676296141,0.0208283395417448,0.0208956183773581,0.0209173445608103,0.0208908384704063,0.02081598928989,0.0206953639420766,0.0205342300895336,0.0203404795851013,0.0201244308776965,0.0198984826197371,0.0196765892178197,0.0194735367546599,0.0193040193382615,0.0191815539302967,0.0191173221602014,0.0191190771089507,0.0191902802370724,0.0193296186115972,0.0195309903776339,0.0197839547309222,0.0200745549976961,0.020386370619594,0.0207016477484245,0.0210023893878515,0.021271334172118,0.0214927991603662,0.021653396077516,0.0217426501932082,0.0217535591759114,0.0216831295161111,0.0215329228785405,0.021309633874103,0.0210257008898995,0.0206999158744094,0.0203579376027965,0.0200325177625802,0.0197631263911165,0.0195945581075656,0.0195741234400548,0.0197473348819753,0.0201526470482706,0.0208165553140644,0.0217506268641747,0.0229514168823522,0.0244030185479656,0.0260810534001828,0.0279567667498938,0.0300003707652334,0.032183371411121,0.0344800007687093,0.0368680149506685,0.0393291062891675,NA,NA,NA,NA,NA,NA,NA,NA,NA,NA,NA,NA,NA,NA,NA,NA,NA,NA,NA,NA,NA,NA,NA,NA,NA
0.0392852548153155,0.0368363810175826,0.0344597901689888,0.032173515613784,0.0299994647655389,0.0279630208436489,0.0260922718989031,0.024416625981304,0.0229645578299264,0.0217603615635312,0.0208201499941194,0.0201479141776412,0.0197329343732645,0.0195497283050139,0.0195608359354375,0.0197215627319605,0.0199851571506555,0.0203071189629925,0.0206480487976728,0.0209750966281141,0.0212623850860458,0.0214908193904079,0.02164759813651,0.0217256191073076,0.0217228792907134,0.0216419062930335,0.0214892219490562,0.0212748186317425,0.0210116175919337,0.0207148730558765,0.0204014853353468,0.0200891929439345,0.019795631209702,0.0195372760367088,0.0193283351669426,0.0191796967610085,0.0190980791468991,0.0190855260307199,0.0191393468696483,0.0192525205886172,0.0194144900491454,0.0196122079142677,0.0198312722036837,0.0200570104876446,0.0202754176052765,0.0204739018422623,0.0206418340694882,0.0207709181747844,0.020855410758406,0.0208922179229548,0.0208808915210792,0.0208235397081826,0.0207246591067057,0.0205908895079348,0.0204306876562928,0.0202539151412781,0.0200713377846007,0.0198940411567953,0.0197327794267869,0.0195972916741467,0.019495637925021,0.019433621098913,0.0194143644131389,0.0194381019807604,0.0195022134582134,0.0196014976517024,0.0197286449589523,0.0198748440557493,0.0200304495213497,0.0201856433446546,0.0203310392609362,0.0204581981079988,0.0205600396374526,0.0206311486887724,0.0206679807778332,0.0206689747986555,0.0206345800626316,0.0205672026917053,0.0204710736363978,0.0203520383187011,0.0202172670221544,0.0200748865431428,0.0199335380362487,0.0198018738114187,0.0196880166506587,0.0195990173560004,0.0195403567095547,0.0195155429766743,0.0195258521376924,0.0195702439656083,0.0196454649577048,0.0197463240952081,0.0198661057510223,0.0199970707702273,0.0201309936820567,0.0202596897445699,0.020375496584243,0.0204716877133336,0.0205428062401049,0.0205849150821382,0.020595764643327,0.0205748807071567,0.02052357507915,0.0204448802092882,0.0203434075415644,0.0202251285381486,0.0200970780557294,0.0199669827922032,0.0198428234184499,0.0197323477597605,0.0196425630620996,0.0195792458600893,0.0195465151475561,0.0195465151475546,0.0195792458600856,0.0196425630620942,0.0197323477597542,0.0198428234184436,0.0199669827921982,0.0200970780557268,0.020225128538149,0.020343407541568,0.0204448802092944,0.0205235750791593,0.0205748807071688,0.0205957646433404,0.0205849150821529,0.0205428062401197,0.0204716877133474,0.0203754965842557,0.0202596897445811,0.0201309936820662,0.0199970707702349,0.0198661057510278,0.0197463240952118,0.0196454649577065,0.0195702439656086,0.0195258521376921,0.019515542976674,0.0195403567095544,0.0195990173560008,0.0196880166506604,0.0198018738114223,0.0199335380362536,0.0200748865431503,0.0202172670221627,0.0203520383187101,0.0204710736364076,0.0205672026917139,0.0206345800626384,0.0206689747986604,0.020667980777836,0.020631148688772,0.0205600396374487,0.0204581981079928,0.0203310392609276,0.0201856433446442,0.0200304495213384,0.0198748440557381,0.0197286449589408,0.0196014976516928,0.0195022134582063,0.0194381019807553,0.0194143644131358,0.0194336210989121,0.0194956379250207,0.0195972916741468,0.0197327794267857,0.0198940411567927,0.0200713377845959,0.0202539151412691,0.0204306876562821,0.0205908895079206,0.0207246591066876,0.0208235397081607,0.0208808915210551,0.0208922179229306,0.0208554107583826,0.0207709181747614,0.0206418340694722,0.0204739018422504,0.0202754176052724,0.0200570104876472,0.0198312722036939,0.0196122079142831,0.0194144900491649,0.019252520588639,0.0191393468696701,0.0190855260307396,0.0190980791469148,0.0191796967610189,0.0193283351669486,0.0195372760367107,0.0197956312097003,0.0200891929439331,0.0204014853353451,0.0207148730558776,0.0210116175919395,0.0212748186317524,0.0214892219490702,0.0216419062930518,0.0217228792907355,0.0217256191073308,0.0216475981365337,0.0214908193904316,0.0212623850860659,0.0209750966281298,0.02064804879768,0.0203071189629975,0.0199851571506558,0.0197215627319563,0.0195608359354297,0.0195497283050069,0.0197329343732547,0.0201479141776335,0.0208201499941138,0.0217603615635289,0.0229645578299262,0.0244166259813054,0.0260922718989051,0.0279630208436478,0.0299994647655361,0.0321735156137755,0.034459790168975,0.0368363810175624,0.0392852548152858,NA,NA,NA,NA,NA,NA,NA,NA,NA,NA,NA,NA,NA,NA,NA,NA,NA,NA,NA,NA,NA,NA,NA,NA
0.0392176653939312,0.03678259799276,0.0344189808050125,0.0321445636164517,0.0299809057316426,0.0279529912932904,0.0260884847899531,0.0244163932084599,0.0229648861181675,0.0217581449072811,0.0208124597035654,0.0201323445493862,0.0197079167868746,0.0195147156518896,0.0195163035853378,0.0196688463115534,0.0199261999239867,0.0202442063376087,0.0205835792367019,0.0209114055838486,0.021201617752576,0.0214348403045145,0.0215979257936477,0.0216833769564053,0.021688758072803,0.0216161357544517,0.0214715524028704,0.0212645148429546,0.0210074691727483,0.020715226941084,0.0204043066516551,0.0200921600659555,0.0197962681750951,0.0195331200840492,0.0193171290624207,0.0191595863794895,0.0190677896749454,0.0190444889162674,0.0190877563866866,0.0191913122466206,0.0193452483595402,0.0195370227201369,0.0197525675825294,0.019977368327304,0.020197411978951,0.0203999534008744,0.020574087997878,0.0207111456689267,0.0208049323641075,0.0208518469035287,0.0208508961248413,0.0208036243426531,0.0207139656852796,0.0205880213784357,0.0204337593049534,0.0202606309816898,0.0200791024074018,0.0199001010520959,0.0197343922013606,0.0195919134240676,0.0194811136373557,0.0194083583821815,0.0193774694011254,0.0193894592575867,0.0194424992398516,0.0195321254670845,0.0196516528829089,0.0197927395238789,0.0199460305523691,0.0201018138606992,0.0202506325038084,0.0203838175724802,0.0204939228003731,0.0205750558101185,0.0206231093470677,0.0206358996166065,0.0206132191660374,0.0205568099997998,0.020470259998875,0.0203588232496423,0.0202291634732915,0.0200890202380529,0.0199468008187489,0.0198111069743089,0.019690215466009,0.0195915427129732,0.0195211351385733,0.0194832339895472,0.0194799631065726,0.019511178153185,0.0195744969102293,0.0196655063622868,0.019778119349938,0.0199050370973033,0.0200382670353156,0.0201696478318757,0.0202913426518448,0.0203962736455729,0.0204784822100793,0.0205334086302313,0.0205580905432694,0.0205512824844345,0.0205134992749108,0.0204469850858431,0.020355608534299,0.0202446829801154,0.0201207111155683,0.0199910547622489,0.0198635351696004,0.0197459763358391,0.0196457135130565,0.0195690996333592,0.0195210513128794,0.0195046801347622,0.0195210513128773,0.019569099633355,0.0196457135130512,0.0197459763358334,0.0198635351695945,0.0199910547622445,0.0201207111155655,0.0202446829801153,0.0203556085343011,0.0204469850858473,0.0205134992749175,0.0205512824844428,0.0205580905432797,0.0205334086302426,0.0204784822100916,0.0203962736455855,0.0202913426518568,0.0201696478318868,0.0200382670353252,0.0199050370973112,0.0197781193499445,0.0196655063622914,0.0195744969102317,0.0195111781531858,0.0194799631065728,0.019483233989547,0.0195211351385737,0.0195915427129742,0.0196902154660115,0.0198111069743132,0.0199468008187557,0.0200890202380615,0.0202291634733011,0.0203588232496536,0.0204702599988854,0.0205568099998091,0.0206132191660453,0.0206358996166116,0.020623109347069,0.0205750558101164,0.0204939228003669,0.0203838175724709,0.0202506325037974,0.0201018138606856,0.0199460305523551,0.0197927395238654,0.0196516528828961,0.0195321254670738,0.019442499239844,0.0193894592575821,0.0193774694011231,0.0194083583821812,0.0194811136373558,0.019591913424068,0.019734392201359,0.019900101052093,0.0200791024073949,0.0202606309816795,0.0204337593049394,0.0205880213784189,0.0207139656852586,0.0208036243426304,0.0208508961248174,0.0208518469035047,0.0208049323640863,0.0207111456689103,0.0205740879978673,0.0203999534008702,0.0201974119789544,0.0199773683273134,0.0197525675825443,0.019537022720157,0.0193452483595628,0.0191913122466447,0.0190877563867079,0.0190444889162854,0.0190677896749596,0.0191595863794981,0.0193171290624246,0.0195331200840502,0.0197962681750955,0.0200921600659539,0.0204043066516537,0.0207152269410862,0.0210074691727538,0.021264514842965,0.0214715524028839,0.02161613575447,0.0216887580728221,0.0216833769564266,0.0215979257936674,0.0214348403045318,0.0212016177525903,0.0209114055838619,0.0205835792367079,0.0202442063376106,0.0199261999239861,0.0196688463115463,0.0195163035853312,0.0195147156518805,0.0197079167868658,0.0201323445493795,0.0208124597035611,0.0217581449072803,0.0229648861181692,0.0244163932084626,0.0260884847899552,0.0279529912932921,0.0299809057316397,0.0321445636164441,0.0344189808050015,0.0367825979927414,0.0392176653939088,NA,NA,NA,NA,NA,NA,NA,NA,NA,NA,NA,NA,NA,NA,NA,NA,NA,NA,NA,NA,NA,NA,NA
0.0391051275552028,0.0366879572551549,0.0343412881258926,0.0320825475122083,0.0299328964726015,0.0279168581679414,0.0260616001769807,0.0243956458671396,0.0229467735404551,0.0217389728410853,0.0207886551100324,0.0201008422972045,0.0196665283499291,0.0194623693412707,0.0194530872579669,0.0195958630159418,0.0198453095327804,0.0201577385280213,0.0204940765668752,0.0208214201396769,0.0211135604487613,0.02135087155011,0.0215198750614168,0.0216126815828604,0.021626415249885,0.0215626649228393,0.0214269679001329,0.0212283108435388,0.0209786208471906,0.0206922133658915,0.0203851620585531,0.0200745599457986,0.019777654701798,0.019510866489101,0.0192887348060043,0.0191228854540567,0.0190211460856154,0.018986950184481,0.0190191405979957,0.0191122162661773,0.019256980303786,0.0194414749847657,0.0196520536275499,0.019874446309526,0.0200947133397826,0.0203000277774218,0.0204792697822399,0.0206234433732044,0.020725939778725,0.0207826744400027,0.020792121161282,0.0207552603769787,0.0206754513138027,0.0205582313081847,0.0204110405411694,0.0202428677184566,0.0200638126212576,0.019884565953931,0.0197158162523217,0.0195676076378112,0.0194486890695557,0.0193659114714495,0.0193237380488311,0.0193239298328848,0.0193654505385489,0.0194446048518539,0.0195553898702234,0.0196900101895513,0.01983949047173,0.0199943175869335,0.0201450548316867,0.0202828876206088,0.0204000777112906,0.0204903175181088,0.0205489857361289,0.0205733104229096,0.0205624469072605,0.0205174767157581,0.0204413313457124,0.0203386421933631,0.0202155161532292,0.0200792361637302,0.0199378880680626,0.0197999202104896,0.019673650372991,0.0195667453007009,0.019485709295403,0.0194354271252884,0.0194188092466156,0.0194365813152041,0.0194872447476801,0.0195672133372732,0.0196711077849017,0.0197921711897263,0.0199227581043632,0.0200548487460372,0.0201805465584006,0.0202925281480138,0.0203844262171897,0.0204511359906391,0.0204890425813149,0.0204961706273039,0.0204722588766945,0.0204187619998644,0.0203387806185962,0.0202369191769471,0.0201190706281911,0.0199921277460791,0.0198636238919461,0.0197413117556367,0.0196326968895477,0.0195445528562999,0.0194824545202247,0.0194503725492529,0.0194503725492515,0.0194824545202205,0.0195445528562935,0.01963269688954,0.0197413117556288,0.01986362389194,0.0199921277460746,0.0201190706281893,0.0202369191769488,0.0203387806186014,0.0204187619998733,0.0204722588767063,0.0204961706273189,0.0204890425813318,0.0204511359906566,0.0203844262172079,0.0202925281480309,0.0201805465584163,0.0200548487460506,0.0199227581043737,0.0197921711897344,0.0196711077849063,0.0195672133372754,0.019487244747681,0.0194365813152036,0.0194188092466147,0.019435427125288,0.0194857092954041,0.0195667453007039,0.0196736503729966,0.0197999202104973,0.0199378880680724,0.0200792361637412,0.0202155161532405,0.0203386421933735,0.0204413313457209,0.0205174767157643,0.0205624469072629,0.020573310422908,0.0205489857361229,0.0204903175180989,0.0204000777112773,0.0202828876205932,0.0201450548316697,0.0199943175869162,0.0198394904717131,0.0196900101895359,0.0195553898702109,0.0194446048518438,0.0193654505385429,0.0193239298328813,0.0193237380488298,0.0193659114714492,0.0194486890695551,0.0195676076378091,0.0197158162523182,0.019884565953923,0.0200638126212471,0.0202428677184446,0.0204110405411527,0.0205582313081645,0.0206754513137811,0.0207552603769579,0.0207921211612598,0.0207826744399847,0.0207259397787097,0.0206234433731954,0.0204792697822368,0.0203000277774261,0.020094713339792,0.0198744463095414,0.01965205362757,0.0194414749847866,0.0192569803038091,0.0191122162662004,0.0190191405980154,0.0189869501844964,0.0190211460856274,0.0191228854540632,0.0192887348060084,0.0195108664891017,0.0197776547017981,0.0200745599457997,0.0203851620585548,0.0206922133658953,0.0209786208471997,0.0212283108435517,0.021426967900147,0.0215626649228575,0.0216264152499047,0.0216126815828821,0.021519875061438,0.021350871550129,0.0211135604487771,0.0208214201396879,0.0204940765668824,0.0201577385280233,0.0198453095327794,0.0195958630159368,0.019453087257959,0.0194623693412631,0.0196665283499236,0.0201008422971984,0.020788655110028,0.0217389728410845,0.0229467735404561,0.0243956458671411,0.026061600176982,0.0279168581679391,0.0299328964725973,0.0320825475121995,0.034341288125878,0.0366879572551355,0.0391051275551767,NA,NA,NA,NA,NA,NA,NA,NA,NA,NA,NA,NA,NA,NA,NA,NA,NA,NA,NA,NA,NA,NA
0.0389952125554554,0.0365974928206627,0.0342692827962103,0.0320276638225369,0.0298933664847692,0.0278904109728899,0.0260454156833479,0.0243863588482834,0.0229405608333354,0.021731756466348,0.0207764327592507,0.0200801082025314,0.0196346890747791,0.0194180324775212,0.0193961392209094,0.0195273368507313,0.0197671163919114,0.020072356510618,0.0204042654792772,0.0207299924552174,0.0210232104126435,0.0212640512360222,0.0214387037407202,0.0215388772745724,0.0215612411271596,0.0215068867937146,0.0213808218921746,0.0211914828193239,0.0209502411514068,0.0206708723138679,0.0203689529225408,0.0200611565503514,0.0197644292678813,0.0194950491691006,0.0192676090222232,0.0190940035464803,0.0189825405079638,0.0189373104420873,0.0189579286230269,0.0190397034621492,0.019174204769106,0.0193501319087207,0.0195543408262616,0.01977288870992,0.0199919864319556,0.0201987936312354,0.0203820328645729,0.0205324286382603,0.0206429927266175,0.0207091817608069,0.0207289506857879,0.0207027198589738,0.0206332667097354,0.0205255464342653,0.0203864410425986,0.0202244329114063,0.0200491986181496,0.0198711221509893,0.0197007343923219,0.0195480981771161,0.0194221739328174,0.0193302166420824,0.0192772655764528,0.0192657885163138,0.0192955286994986,0.019363576665023,0.0194646565746641,0.0195915864301075,0.0197358517997379,0.0198882269419705,0.02003938419881,0.0201804474092552,0.020303462223631,0.0204017712492316,0.0204702927047434,0.0205057073470652,0.0205065606297799,0.0204732865598202,0.0204081577369031,0.0203151636216253,0.0201998170591491,0.0200688882829305,0.0199300667974729,0.019791555353213,0.0196616070301704,0.0195480259243287,0.0194576627320023,0.0193959461305176,0.0193664959520934,0.0193708616956181,0.0194084185547692,0.0194764342631277,0.0195702977960915,0.019683880781681,0.0198099890229637,0.0199408570054934,0.0200686419316136,0.020185882916019,0.0202859020970998,0.0203631347557608,0.0204133834356946,0.0204339960090617,0.0204239699020451,0.0203839849613073,0.0203163665051707,0.0202249787548188,0.0201150478394609,0.019992913654852,0.0198657117342953,0.0197409905393138,0.0196262764117374,0.0195286073981948,0.019454066857805,0.0194073558100601,0.0193914464615308,0.0194073558100598,0.0194540668578049,0.0195286073981947,0.0196262764117374,0.0197409905393144,0.0198657117342963,0.019992913654853,0.0201150478394626,0.0202249787548205,0.0203163665051728,0.0203839849613089,0.020423969902046,0.0204339960090628,0.0204133834356951,0.0203631347557611,0.0202859020970998,0.0201858829160184,0.0200686419316131,0.0199408570054929,0.0198099890229633,0.0196838807816805,0.0195702977960914,0.0194764342631277,0.0194084185547693,0.0193708616956186,0.0193664959520932,0.0193959461305174,0.0194576627320023,0.0195480259243288,0.0196616070301692,0.0197915553532116,0.0199300667974717,0.020068888282929,0.0201998170591472,0.0203151636216232,0.0204081577369014,0.0204732865598178,0.0205065606297786,0.0205057073470634,0.0204702927047419,0.0204017712492308,0.0203034622236307,0.020180447409255,0.0200393841988106,0.019888226941972,0.0197358517997391,0.0195915864301084,0.019464656574665,0.0193635766650234,0.0192955286994992,0.0192657885163131,0.0192772655764521,0.0193302166420812,0.0194221739328165,0.0195480981771151,0.0197007343923215,0.01987112215099,0.0200491986181507,0.020224432911406,0.0203864410426002,0.0205255464342671,0.0206332667097374,0.0207027198589758,0.0207289506857893,0.0207091817608079,0.0206429927266172,0.020532428638263,0.020382032864572,0.020198793631235,0.019991986431955,0.0197728887099183,0.0195543408262607,0.0193501319087204,0.0191742047691056,0.019039703462149,0.0189579286230273,0.018937310442086,0.0189825405079637,0.0190940035464798,0.0192676090222238,0.0194950491691006,0.0197644292678823,0.0200611565503519,0.0203689529225405,0.0206708723138676,0.0209502411514073,0.0211914828193218,0.0213808218921728,0.0215068867937118,0.0215612411271569,0.0215388772745695,0.0214387037407164,0.0212640512360174,0.0210232104126411,0.0207299924552144,0.0204042654792737,0.0200723565106159,0.0197671163919117,0.01952733685073,0.019396139220908,0.0194180324775233,0.0196346890747791,0.0200801082025317,0.0207764327592506,0.0217317564663484,0.0229405608333349,0.0243863588482825,0.026045415683349,0.0278904109728897,0.0298933664847719,0.0320276638225375,0.0342692827962125,0.0365974928206677,0.0389952125554598,NA,NA,NA,NA,NA,NA,NA,NA,NA,NA,NA,NA,NA,NA,NA,NA,NA,NA,NA,NA,NA
0.0388761123371111,0.0364970188341276,0.0341864845915499,0.0319612690324008,0.0298417043672126,0.0278513478985831,0.0260163155798601,0.0243640900591566,0.0229215784909277,0.0217122890460196,0.0207527824499562,0.0200490319951885,0.0195937757714718,0.0193659666936752,0.0193327762154711,0.0194535868858848,0.0196847031848626,0.0199835340031523,0.0203115558223098,0.0206359738846666,0.0209303577463247,0.0211746193558592,0.0213546418740013,0.0214617639983942,0.0214922334234743,0.0214466796965742,0.0213296179250139,0.0211489726043176,0.0209155984528149,0.0206427684090161,0.020345596409733,0.0200403650429217,0.0197437381521937,0.0194718589109631,0.0192393659802999,0.0190584005620196,0.0189377149263831,0.0188820121495366,0.0188916323106029,0.0189626484358004,0.0190873595353684,0.0192550945141765,0.0194531949570067,0.0196680379871955,0.0198859862691974,0.0200941941422444,0.0202812402398971,0.0204375877140192,0.0205558906395495,0.0206311714015498,0.0206608926530439,0.020644942314085,0.0205855435770713,0.0204870955306801,0.0203559447335079,0.0202000845429537,0.0200287779592577,0.0198521020298715,0.0196804182875647,0.019523784587261,0.019391338213766,0.0192906956232961,0.0192274261931224,0.0192046606286664,0.0192228853113571,0.0192799516891588,0.0193712994438499,0.0194903616983558,0.0196290981427024,0.0197785925222269,0.0199296544607197,0.0200733782032159,0.0202016271730021,0.0203074286100846,0.0203852742581752,0.0204313302709167,0.0204435626909742,0.0204217850885595,0.0203676333985073,0.0202844707062189,0.0201772225793694,0.0200521423007568,0.0199165057639815,0.0197782385252597,0.0196454830289288,0.0195261223043946,0.0194272865641215,0.0193548791048823,0.019313164770432,0.0193044648357792,0.0193289944743982,0.0193848632491439,0.0194682383570625,0.0195736495849733,0.0196943990658004,0.0198230310959466,0.0199518178562376,0.0200732238701482,0.0201803222794639,0.0202671465124643,0.0203289696077293,0.0203625094197379,0.020366061157396,0.0203395597111932,0.0202845737418454,0.0202042322981532,0.0201030835399145,0.0199868846737156,0.0198623231583682,0.0197366722252005,0.0196173891819358,0.0195116727307697,0.0194260047415532,0.0193657107288211,0.0193345790681642,0.0193345790681665,0.0193657107288281,0.0194260047415644,0.0195116727307835,0.0196173891819489,0.0197366722252112,0.0198623231583743,0.0199868846737152,0.0201030835399066,0.0202042322981369,0.0202845737418207,0.0203395597111617,0.0203660611573589,0.0203625094196973,0.0203289696076884,0.0202671465124246,0.0201803222794282,0.0200732238701186,0.0199518178562151,0.0198230310959325,0.0196943990657931,0.0195736495849729,0.0194682383570672,0.0193848632491511,0.0193289944744057,0.0193044648357852,0.0193131647704351,0.0193548791048812,0.0194272865641167,0.0195261223043869,0.0196454830289184,0.0197782385252479,0.019916505763971,0.0200521423007489,0.0201772225793657,0.0202844707062208,0.0203676333985146,0.0204217850885723,0.0204435626909938,0.0204313302709411,0.020385274258203,0.0203074286101137,0.0202016271730308,0.020073378203242,0.019929654460742,0.0197785925222447,0.0196290981427153,0.019490361698363,0.0193712994438521,0.0192799516891561,0.0192228853113522,0.0192046606286611,0.0192274261931177,0.0192906956232927,0.0193913382137657,0.0195237845872641,0.0196804182875715,0.019852102029882,0.0200287779592702,0.0202000845429666,0.0203559447335209,0.0204870955306919,0.0205855435770789,0.0206449423140886,0.0206608926530418,0.0206311714015435,0.0205558906395377,0.0204375877140043,0.0202812402398785,0.0200941941422239,0.0198859862691757,0.0196680379871731,0.0194531949569858,0.019255094514157,0.0190873595353533,0.0189626484357887,0.0188916323105943,0.0188820121495301,0.0189377149263812,0.0190584005620185,0.0192393659803002,0.0194718589109655,0.0197437381521951,0.020040365042921,0.0203455964097307,0.0206427684090104,0.0209155984528069,0.0211489726043065,0.0213296179250014,0.0214466796965582,0.0214922334234585,0.0214617639983814,0.0213546418739881,0.0211746193558499,0.0209303577463195,0.0206359738846658,0.0203115558223115,0.0199835340031571,0.0196847031848706,0.0194535868858961,0.0193327762154829,0.0193659666936859,0.0195937757714808,0.0200490319951948,0.0207527824499592,0.0217122890460197,0.0229215784909267,0.0243640900591565,0.0260163155798586,0.0278513478985842,0.0298417043672163,0.0319612690324091,0.0341864845915601,0.0364970188341457,0.0388761123371337,NA,NA,NA,NA,NA,NA,NA,NA,NA,NA,NA,NA,NA,NA,NA,NA,NA,NA,NA,NA
0.0387640574814249,0.0364020456292168,0.034107702184781,0.0318974903723028,0.0297913774033843,0.0278124984835095,0.0259865139183352,0.0243404599821049,0.0229008754206703,0.0216910718505693,0.0207276872393625,0.0200171178572118,0.0195528663900473,0.0193148899250574,0.0192714323795154,0.019382843485294,0.0196061737356247,0.0198993175321976,0.0202239949762734,0.0205474585468136,0.0208431771101349,0.0210908537966965,0.0212760834463316,0.0213898562597173,0.0214280244099236,0.02139078484633,0.0212821922007654,0.0211096930758663,0.0208836603192779,0.0206168989250414,0.0203240922913118,0.0200211592639327,0.0197245009490354,0.0194501345497594,0.0192127409929779,0.0190246912379727,0.0188951537800978,0.0188294079890932,0.0188284794237769,0.0188891682991908,0.0190044711971181,0.0191643229201209,0.0193565355739275,0.0195677990256149,0.0197846273599316,0.0199941749095746,0.0201848863673106,0.0203469774407812,0.0204727617272798,0.0205568473241598,0.02059622665067,0.0205902785570732,0.0205406956547663,0.0204513435585335,0.0203280533581018,0.0201783448049644,0.0200110760794541,0.0198360173824363,0.0196633507896375,0.0195031082867879,0.0193645731943351,0.0192556852303645,0.0191825023736868,0.0191487784809395,0.0191557099792178,0.01920188661687,0.0192834534353378,0.0193944609236399,0.0195273559055771,0.0196735528769966,0.0198240255833768,0.0199698687588174,0.0201027951494294,0.020215548402815,0.0203022249184607,0.020358506026257,0.020381806041266,0.0203713427419694,0.0203281357599979,0.0202549362947195,0.0201560893595818,0.0200373281934086,0.0199055002415024,0.0197682259037756,0.019633495601884,0.0195092178072633,0.0194027399647365,0.0193203742071477,0.0192669678337446,0.0192455616587949,0.0192571750270052,0.0193007438652273,0.0193732195240004,0.0194698155486781,0.0195843718821446,0.0197097951934313,0.0198385314723753,0.019963031610695,0.0200761796703473,0.020171663860961,0.0202442795164424,0.0202901602570117,0.0203069377125569,0.0202938319891501,0.0202516751244041,0.0201828688299762,0.0200912765775049,0.0199820492344371,0.019861383669577,0.0197362156619277,0.0196138525640118,0.0195015576542479,0.0194061064985338,0.0193333445956818,0.0192877828973897,0.0192722708196432,0.0192877828973947,0.0193333445956911,0.0194061064985459,0.0195015576542606,0.0196138525640232,0.0197362156619357,0.019861383669579,0.019982049234432,0.0200912765774912,0.0201828688299546,0.0202516751243747,0.0202938319891149,0.0203069377125171,0.0202901602569706,0.0202442795164021,0.0201716638609236,0.0200761796703165,0.0199630316106712,0.019838531472359,0.0197097951934231,0.0195843718821433,0.0194698155486825,0.0193732195240078,0.0193007438652356,0.019257175027013,0.0192455616587998,0.0192669678337457,0.0193203742071446,0.0194027399647292,0.0195092178072536,0.0196334956018724,0.0197682259037653,0.0199055002414939,0.0200373281934047,0.0201560893595821,0.0202549362947266,0.020328135760012,0.0203713427419899,0.0203818060412919,0.020358506026287,0.0203022249184917,0.0202155484028477,0.02010279514946,0.0199698687588445,0.0198240255833987,0.0196735528770129,0.0195273559055871,0.0193944609236442,0.0192834534353371,0.0192018866168662,0.0191557099792122,0.0191487784809342,0.0191825023736819,0.019255685230363,0.0193645731943366,0.0195031082867932,0.0196633507896464,0.0198360173824486,0.0200110760794679,0.0201783448049785,0.0203280533581137,0.0204513435585443,0.0205406956547749,0.0205902785570758,0.0205962266506673,0.020556847324152,0.020472761727268,0.0203469774407658,0.0201848863672915,0.0199941749095524,0.0197846273599078,0.0195677990255909,0.0193565355739061,0.0191643229201008,0.0190044711971016,0.0188891682991773,0.0188284794237662,0.0188294079890867,0.0188951537800931,0.0190246912379707,0.0192127409929775,0.0194501345497599,0.0197245009490352,0.0200211592639314,0.0203240922913081,0.0206168989250332,0.0208836603192689,0.0211096930758549,0.0212821922007488,0.0213907848463132,0.021428024409906,0.0213898562597022,0.0212760834463172,0.021090853796685,0.0208431771101298,0.0205474585468134,0.0202239949762769,0.0198993175322047,0.0196061737356353,0.0193828434853043,0.0192714323795278,0.0193148899250698,0.0195528663900583,0.0200171178572192,0.0207276872393668,0.0216910718505707,0.0229008754206699,0.0243404599821025,0.0259865139183324,0.0278124984835103,0.0297913774033857,0.0318974903723084,0.0341077021847913,0.0364020456292312,0.0387640574814472,NA,NA,NA,NA,NA,NA,NA,NA,NA,NA,NA,NA,NA,NA,NA,NA,NA,NA,NA
0.038664037378396,0.0363175158876128,0.0340378306298223,0.0318411715351924,0.0297471701801379,0.0277785751629534,0.0259606314500571,0.024319970985993,0.0228828022218052,0.0216722660115745,0.0207050814572582,0.0199880427466548,0.0195153630549909,0.0192679291218525,0.0192149765698511,0.0193177488422522,0.0195339844946786,0.0198220232686452,0.0201438048338276,0.0204666178286476,0.0207638292403795,0.0210149396557462,0.021205267621581,0.0213254714663419,0.0213710282610678,0.0213417259440632,0.0212411848219114,0.0210764016006841,0.0208572961421006,0.0205962339570786,0.0203074942012626,0.0200066539493608,0.0197098668034478,0.0194330302031149,0.0191908629307718,0.0189959504251217,0.0188578527874944,0.0187823949661062,0.0187712554766711,0.0188219316433585,0.0189280931779248,0.019080263596098,0.0192667157432946,0.0194744490442833,0.0196901312448945,0.0199009232345797,0.020095145795633,0.0202627800824807,0.0203958145153622,0.0204884602004092,0.020537258131931,0.020541097771085,0.0205011608356973,0.0204207980229388,0.0203053409490925,0.0201618475029455,0.0199987766929737,0.0198255896530993,0.0196522775556925,0.0194888253435237,0.0193446322612841,0.0192279245851175,0.0191452094098426,0.0191008262074988,0.0190966505973962,0.019131990174906,0.0192036872436666,0.0193064138971809,0.0194331190133418,0.0195755708420108,0.0197249355277218,0.0198723393673803,0.0200093764111905,0.020128538307531,0.0202235564615066,0.0202896558566605,0.0203237250734954,0.0203244088436713,0.020292128961808,0.0202290375785973,0.0201389047137672,0.0200269400163848,0.0198995480556111,0.019764017410541,0.0196281471258448,0.0194998200350544,0.0193865407945904,0.0192949661136271,0.019230463486203,0.0191967398789297,0.0191955805546587,0.0192267290856073,0.0192879235071366,0.0193750837979087,0.0194826271482144,0.0196038741180114,0.0197315031553528,0.0198580128747431,0.0199761588312913,0.0200793413156085,0.0201619302965374,0.0202195213511472,0.0202491215617761,0.0202492670169379,0.0202200742473287,0.020163227343051,0.0200819013314281,0.01998062131496,0.0198650565239977,0.0197417494598975,0.0196177832518515,0.0195003955631232,0.0193965547316388,0.0193125224501515,0.0192534354400336,0.0192229438261429,0.0192229438261454,0.0192534354400408,0.0193125224501623,0.0193965547316509,0.0195003955631348,0.0196177832518604,0.0197417494599015,0.0198650565239959,0.01998062131495,0.0200819013314109,0.020163227343026,0.0202200742472972,0.0202492670169018,0.0202491215617374,0.0202195213511082,0.0201619302965005,0.0200793413155766,0.0199761588312658,0.0198580128747253,0.0197315031553425,0.0196038741180086,0.0194826271482175,0.0193750837979159,0.0192879235071461,0.0192267290856165,0.0191955805546657,0.0191967398789333,0.0192304634862026,0.0192949661136225,0.0193865407945829,0.0194998200350447,0.0196281471258346,0.0197640174105329,0.0198995480556065,0.0200269400163845,0.0201389047137736,0.0202290375786095,0.0202921289618278,0.0203244088436963,0.0203237250735251,0.0202896558566921,0.020223556461539,0.0201285383075625,0.0200093764112184,0.0198723393674036,0.0197249355277392,0.0195755708420224,0.0194331190133467,0.0193064138971816,0.0192036872436632,0.0191319901749002,0.0190966505973895,0.0191008262074933,0.0191452094098384,0.019227924585117,0.0193446322612864,0.0194888253435293,0.0196522775557002,0.0198255896531107,0.0199987766929862,0.0201618475029572,0.0203053409491043,0.0204207980229482,0.0205011608357042,0.0205410977710873,0.0205372581319297,0.0204884602004044,0.0203958145153521,0.0202627800824686,0.0200951457956168,0.0199009232345593,0.0196901312448743,0.0194744490442619,0.019266715743275,0.0190802635960785,0.0189280931779075,0.0188219316433429,0.0187712554766588,0.0187823949660972,0.0188578527874881,0.0189959504251187,0.0191908629307707,0.019433030203115,0.0197098668034478,0.0200066539493607,0.0203074942012593,0.0205962339570723,0.0208572961420906,0.0210764016006692,0.0212411848218942,0.0213417259440443,0.0213710282610481,0.0213254714663215,0.0212052676215656,0.0210149396557336,0.0207638292403713,0.0204666178286448,0.020143804833828,0.0198220232686509,0.0195339844946874,0.0193177488422673,0.0192149765698645,0.0192679291218669,0.019515363055002,0.0199880427466643,0.0207050814572633,0.0216722660115762,0.0228828022218052,0.0243199709859921,0.0259606314500548,0.0277785751629546,0.0297471701801425,0.0318411715351989,0.0340378306298332,0.0363175158876321,0.0386640373784208,NA,NA,NA,NA,NA,NA,NA,NA,NA,NA,NA,NA,NA,NA,NA,NA,NA,NA
0.0385958975408755,0.0362619148984802,0.0339940331086416,0.0318082019176248,0.0297237592602195,0.0277631175936142,0.0259511639305884,0.0243141865491031,0.022878120808146,0.0216659803538726,0.0206945831360627,0.0199711029095105,0.0194904059533703,0.0192342195702729,0.0191726656882878,0.0192677767936433,0.0194778882513932,0.0197617134076289,0.0200813600339104,0.020404119578959,0.0207032388606655,0.0209580098097634,0.0211534784293099,0.0212799830493635,0.0213326443492127,0.0213108657962192,0.0212178628515836,0.0210602158143597,0.0208474279395403,0.020591463074062,0.0203062335017899,0.0200070090868589,0.0197097249455826,0.0194301794300815,0.0191831391588959,0.0189814020611148,0.0188349062174577,0.0187499989710536,0.0187289824752753,0.0187700196197171,0.0188674229491022,0.0190122780623103,0.0191932968382069,0.0193977718458371,0.019612513260692,0.0198246822156624,0.0200224739358274,0.0201956378318724,0.0203358441984749,0.0204369181581325,0.0204949638212499,0.0205083987193534,0.0204779131995207,0.0204063634936251,0.0202986016919047,0.0201612415421712,0.0200023564483689,0.0198311059278796,0.0196572898771755,0.0194908369427465,0.0193412441699755,0.0192169987888682,0.0191250267260437,0.0190702219506426,0.0190551114744488,0.0190796998160203,0.019141514710016,0.0192358476746455,0.0193561562000303,0.0194945757441802,0.0196424830707807,0.0197910571126657,0.0199317957139794,0.0200569614961475,0.0201599437632921,0.020235533584831,0.0202801153804958,0.0202917809791067,0.0202703721957738,0.0202174565039966,0.0201362382774425,0.0200314061062772,0.0199089155338765,0.0197757068580393,0.0196393599976051,0.0195076932700247,0.0193883202651305,0.0192881881038595,0.019213129542228,0.0191674680581367,0.0191537164237813,0.0191724033190979,0.0192220492135763,0.0192992943985377,0.0193991629007801,0.0195154305844911,0.0196410572061489,0.0197686413174251,0.0198908622748606,0.0200008825202277,0.0200926929646077,0.0201613926936381,0.0202034002656514,0.0202165974166357,0.0202004073830721,0.0201558099227418,0.0200852941305956,0.019992748966866,0.0198832906666218,0.0197630264997694,0.0196387562808141,0.0195176170394209,0.0194066824781475,0.0193125367938951,0.0192408508473264,0.0191959954543417,0.0191807292834882,0.019195995454346,0.0192408508473346,0.0193125367939058,0.0194066824781591,0.0195176170394308,0.0196387562808208,0.0197630264997705,0.0198832906666164,0.0199927489668537,0.0200852941305757,0.0201558099227149,0.0202004073830403,0.0202165974166006,0.0202034002656143,0.0201613926936028,0.0200926929645751,0.0200008825202004,0.0198908622748395,0.0197686413174121,0.019641057206143,0.0195154305844914,0.0193991629007854,0.019299294398546,0.0192220492135853,0.0191724033191058,0.0191537164237869,0.019167468058139,0.0192131295422268,0.0192881881038549,0.0193883202651235,0.0195076932700164,0.0196393599975974,0.0197757068580347,0.0199089155338761,0.0200314061062816,0.0201362382774541,0.0202174565040139,0.0202703721957965,0.0202917809791355,0.0202801153805272,0.0202355335848635,0.0201599437633238,0.0200569614961761,0.0199317957140044,0.0197910571126841,0.0196424830707934,0.0194945757441874,0.0193561562000318,0.0192358476746425,0.0191415147100102,0.0190796998160128,0.0190551114744416,0.0190702219506368,0.0191250267260404,0.0192169987888675,0.0193412441699779,0.0194908369427513,0.0196572898771828,0.0198311059278883,0.020002356448378,0.0201612415421806,0.0202986016919133,0.0204063634936313,0.0204779131995248,0.0205083987193543,0.0204949638212477,0.0204369181581268,0.0203358441984651,0.0201956378318605,0.020022473935813,0.0198246822156455,0.0196125132606734,0.0193977718458169,0.0191932968381864,0.0190122780622908,0.0188674229490841,0.0187700196197009,0.0187289824752636,0.0187499989710443,0.0188349062174514,0.0189814020611112,0.0191831391588947,0.0194301794300824,0.0197097249455834,0.0200070090868574,0.0203062335017868,0.0205914630740556,0.0208474279395295,0.0210602158143455,0.0212178628515668,0.0213108657961988,0.0213326443491913,0.0212799830493425,0.0211534784292931,0.0209580098097479,0.0207032388606546,0.0204041195789547,0.0200813600339097,0.0197617134076318,0.0194778882514036,0.0192677767936556,0.0191726656883033,0.0192342195702873,0.0194904059533798,0.0199711029095198,0.0206945831360679,0.021665980353874,0.0228781208081444,0.0243141865491007,0.0259511639305874,0.0277631175936152,0.0297237592602231,0.0318082019176342,0.0339940331086578,0.0362619148985018,0.0385958975409023,NA,NA,NA,NA,NA,NA,NA,NA,NA,NA,NA,NA,NA,NA,NA,NA,NA
0.0384953672007612,0.0361792722929097,0.0339283856719877,0.0317583523468362,0.02968813170673,0.0277396936209217,0.0259374396784474,0.0243071703351115,0.0228743980273642,0.0216618739498678,0.0206864236228557,0.0199555855805479,0.0194649640518548,0.0191973115335467,0.019123893262567,0.0192078151630462,0.0194082769479591,0.0196845869500202,0.0199991853657711,0.0203194763986735,0.0206186514594908,0.020875823761882,0.0210757706619043,0.0212084947243271,0.0212687289325134,0.0212554478029866,0.0211714054075128,0.0210226973370623,0.0208183300691673,0.0205697735894633,0.0202904693131091,0.0199952652347703,0.0196997553363624,0.0194195130789083,0.0191692313650548,0.0189618131439099,0.0188074923032291,0.0187130923038698,0.018681535971156,0.0187116941233013,0.0187986055617966,0.0189340328157195,0.0191072604033321,0.0193060134853886,0.0195173789905206,0.0197286395992027,0.019927968516806,0.0201049669973896,0.0202510503985524,0.0203597011581257,0.0204266107866402,0.0204497310143276,0.0204292494358466,0.0203674993038827,0.0202688077092368,0.0201392819645936,0.0199865311424021,0.0198193190182445,0.0196471468588825,0.0194797702418014,0.0193266636437337,0.019196459147993,0.0190963990694374,0.0190318528384047,0.0190059516954864,0.0190193872558452,0.0190704014459558,0.0191549693212254,0.0192671494909237,0.0193995563381535,0.0195438984542725,0.0196915292535105,0.0198339656978751,0.0199633449725174,0.0200728026937818,0.0201567671693024,0.0202111713649951,0.0202335877750313,0.020223292163064,0.0201812611326828,0.0201101066007164,0.02001394825745,0.0198982236696101,0.01976943543782,0.0196348363527759,0.0195020572865353,0.0193786887835363,0.0192718355628379,0.0191876721344343,0.0191310352955589,0.0191050927277242,0.019111123949804,0.0191484396507576,0.0192144493022254,0.0193048683887962,0.019414039970015,0.0195353342680394,0.0196615862418721,0.0197855340722418,0.0199002289369787,0.0199993956876905,0.0200777327554959,0.0201311464228692,0.0201569190099279,0.0201538126978378,0.020122111159637,0.0200636005212623,0.0199814900676289,0.0198802721478176,0.0197655205100311,0.0196436273848696,0.0195214825358612,0.019406102494416,0.0193042251358276,0.0192218927940114,0.0191640546203778,0.0191342236314004,0.0191342236314027,0.0191640546203836,0.0192218927940202,0.019304225135838,0.0194061024944259,0.0195214825358688,0.0196436273848735,0.0197655205100296,0.0198802721478097,0.0199814900676141,0.0200636005212415,0.0201221111596109,0.0201538126978076,0.0201569190098959,0.0201311464228364,0.0200777327554653,0.0199993956876641,0.0199002289369574,0.0197855340722272,0.0196615862418647,0.0195353342680382,0.0194140399700185,0.0193048683888035,0.0192144493022345,0.0191484396507662,0.0191111239498112,0.0191050927277284,0.0191310352955595,0.0191876721344314,0.0192718355628324,0.0193786887835288,0.0195020572865286,0.0196348363527705,0.0197694354378178,0.0198982236696122,0.0200139482574582,0.0201101066007296,0.0201812611327023,0.0202232921630883,0.0202335877750585,0.0202111713650254,0.0201567671693329,0.0200728026938092,0.0199633449725411,0.0198339656978934,0.0196915292535237,0.0195438984542793,0.0193995563381551,0.0192671494909205,0.0191549693212193,0.0190704014459475,0.0190193872558361,0.0190059516954787,0.0190318528383992,0.0190963990694352,0.0191964591479943,0.0193266636437372,0.0194797702418072,0.0196471468588911,0.0198193190182525,0.019986531142411,0.0201392819646018,0.0202688077092435,0.0203674993038878,0.0204292494358506,0.0204497310143287,0.0204266107866382,0.0203597011581209,0.0202510503985454,0.0201049669973804,0.0199279685167961,0.0197286395991877,0.0195173789905056,0.0193060134853711,0.0191072604033153,0.018934032815702,0.01879860556178,0.018711694123287,0.0186815359711446,0.0187130923038612,0.0188074923032229,0.018961813143907,0.0191692313650544,0.0194195130789093,0.0196997553363626,0.0199952652347693,0.0202904693131071,0.0205697735894571,0.0208183300691563,0.0210226973370478,0.0211714054074937,0.0212554478029659,0.0212687289324919,0.0212084947243046,0.0210757706618858,0.0208758237618676,0.0206186514594798,0.0203194763986682,0.0199991853657719,0.0196845869500244,0.0194082769479672,0.0192078151630585,0.0191238932625802,0.0191973115335579,0.0194649640518664,0.0199555855805559,0.0206864236228601,0.0216618739498692,0.0228743980273626,0.0243071703351093,0.0259374396784467,0.0277396936209225,0.0296881317067348,0.0317583523468429,0.0339283856720048,0.0361792722929299,0.038495367200791,NA,NA,NA,NA,NA,NA,NA,NA,NA,NA,NA,NA,NA,NA,NA,NA
0.0385201980321317,0.0362166883754509,0.0339776432397359,0.0318184225228993,0.0297576267952998,0.0278168011445613,0.0260198754224367,0.0243921699218145,0.0229587750671107,0.0217421754577354,0.0207592000535546,0.0200177559068464,0.0195142041782002,0.0192323585542809,0.0191446735040726,0.0192153705579148,0.0194045387207451,0.0196720819379143,0.019980749993262,0.02029801983522,0.0205969783357186,0.0208565088795179,0.0210610721707964,0.0212002930671309,0.021268482201735,0.0212641577512551,0.0211895914009175,0.0210503779761503,0.0208550142021071,0.0206144641768976,0.0203416851020762,0.0200510862608097,0.0197578984261146,0.0194774420664546,0.0192243029521511,0.019011452971978,0.018849387663738,0.0187453801921429,0.0187029610299274,0.0187217130713809,0.0187974233565548,0.0189225684860406,0.019087052818425,0.0192790854022545,0.0194860799814114,0.0196954858449134,0.0198954922627397,0.020075582968464,0.0202269420780599,0.0203427270503511,0.0204182294800594,0.0204509436583222,0.0204405587368807,0.0203888850169374,0.0202997196142757,0.0201786522893844,0.0200328091281465,0.019870530579686,0.0197009817631787,0.0195336976063665,0.0193780736301958,0.0192428246066173,0.0191354461545302,0.0190617253990599,0.0190253519889204,0.0190276764529829,0.0190676478648047,0.0191419394809972,0.0192452450824715,0.0193707069610454,0.0195104239924863,0.0196559866504963,0.0197989932445205,0.0199315141564187,0.0200464842904307,0.0201380153707392,0.0202016277144506,0.0202344055562251,0.0202350815391249,0.0202040555240814,0.0201433513018756,0.0200565128885482,0.0199484405080036,0.0198251657152899,0.0196935659642265,0.019561021777112,0.0194350248198102,0.0193227524490421,0.0192306327782299,0.0191639322410315,0.0191264026005517,0.0191200239478521,0.019144873045891,0.0191991328789772,0.0192792420424459,0.0193801655976271,0.0194957561016542,0.0196191671111292,0.019743281831869,0.0198611251848239,0.0199662359077753,0.0200529840142084,0.0201168262931101,0.0201544977455755,0.0201641398321059,0.020145367512634,0.0200992768621315,0.0200283941435896,0.0199365662045018,0.01982879149816,0.019710991469709,0.0195897240030208,0.0194718444779574,0.0193641258049037,0.019272856108741,0.0192034403318737,0.0191600380318642,0.0191452718763089,0.0191600380318679,0.0192034403318805,0.0192728561087498,0.019364125804913,0.0194718444779657,0.0195897240030267,0.0197109914697104,0.0198287914981565,0.0199365662044925,0.0200283941435747,0.0200992768621114,0.0201453675126097,0.0201641398320784,0.0201544977455475,0.0201168262930823,0.0200529840141833,0.0199662359077547,0.0198611251848083,0.019743281831859,0.0196191671111251,0.0194957561016552,0.0193801655976324,0.0192792420424531,0.019199132878985,0.0191448730458986,0.0191200239478573,0.0191264026005538,0.01916393224103,0.0192306327782263,0.019322752449036,0.0194350248198035,0.0195610217771066,0.0196935659642232,0.0198251657152906,0.0199484405080087,0.0200565128885588,0.0201433513018914,0.0202040555241027,0.0202350815391496,0.020234405556252,0.0202016277144777,0.0201380153707652,0.0200464842904535,0.0199315141564373,0.0197989932445342,0.0196559866505041,0.0195104239924876,0.0193707069610422,0.019245245082465,0.0191419394809879,0.019067647864795,0.0190276764529744,0.0190253519889125,0.0190617253990556,0.0191354461545295,0.0192428246066191,0.0193780736302002,0.0195336976063732,0.0197009817631872,0.0198705305796945,0.0200328091281546,0.0201786522893922,0.0202997196142828,0.0203888850169424,0.0204405587368861,0.0204509436583247,0.02041822948006,0.0203427270503506,0.020226942078058,0.0200755829684596,0.0198954922627327,0.0196954858449043,0.0194860799814005,0.019279085402241,0.0190870528184113,0.018922568486027,0.0187974233565416,0.0187217130713686,0.0187029610299167,0.0187453801921355,0.0188493876637331,0.0190114529719748,0.0192243029521491,0.0194774420664547,0.0197578984261142,0.0200510862608087,0.020341685102072,0.0206144641768901,0.0208550142020925,0.0210503779761332,0.0211895914008983,0.0212641577512326,0.0212684822017092,0.0212002930671054,0.0210610721707739,0.0208565088794996,0.0205969783357061,0.0202980198352088,0.0199807499932585,0.0196720819379146,0.0194045387207515,0.019215370557923,0.0191446735040824,0.0192323585542903,0.0195142041782084,0.020017755906854,0.0207592000535577,0.0217421754577363,0.0229587750671093,0.0243921699218139,0.026019875422436,0.027816801144563,0.0297576267953062,0.0318184225229096,0.0339776432397537,0.0362166883754748,0.0385201980321628,NA,NA,NA,NA,NA,NA,NA,NA,NA,NA,NA,NA,NA,NA,NA
0.0384031679214885,0.0361169874718554,0.0338944194653933,0.031750545117109,0.0297036211165024,0.0277747930368557,0.0259875550940972,0.0243667917445105,0.0229372159507338,0.0217210755662844,0.020735197913174,0.0199878000686343,0.0194758826347674,0.0191841595597098,0.019086103841576,0.0191469094714354,0.0193274644627201,0.0195882376077133,0.0198923087134289,0.0202072839076142,0.0205062226486858,0.0207678643432615,0.0209764397484343,0.021121279182565,0.0211963486488513,0.0211997819064019,0.0211334348868542,0.0210024638511811,0.020814914362178,0.0205813000654966,0.0203141460136572,0.0200274703072366,0.0197361812050655,0.0194553766445928,0.0191995513864822,0.0189817440677895,0.0188126887122624,0.018700063901731,0.018647945395458,0.0186565537481194,0.0187223455853096,0.0188384366215969,0.0189952863059168,0.0191815372341055,0.0193848958039583,0.0195929597085201,0.019793930498883,0.0199771828296966,0.0201336878777649,0.0202563040552656,0.0203399546446579,0.0203817121083736,0.0203808053484597,0.0203385612068342,0.0202582863473542,0.0201450911510609,0.0200056539363303,0.0198479222101575,0.0196807483757836,0.0195134610135904,0.0193553799608076,0.0192152937500689,0.0191009302071333,0.0190184624300824,0.0189720991749397,0.0189638071361073,0.018993200824581,0.0190576150518828,0.0191523501222954,0.0192710571608257,0.0194062161345583,0.0195496546411449,0.0196930604953581,0.0198284521542292,0.01994858403721,0.0200472755830509,0.0201196616511171,0.0201623671797731,0.0201736112946675,0.0201532461384641,0.0201027344467227,0.0200250680990886,0.01992462819072,0.0198069861828847,0.0196786459600185,0.0195467286564229,0.0194186062867848,0.0193014965389943,0.0192020389758786,0.0191258809553932,0.0190773076878957,0.0190589526048267,0.0190716198019632,0.0191142394516191,0.0191839614827668,0.0192763759063613,0.0193858338164397,0.0195058342994643,0.0196294403220838,0.0197496902731151,0.01985997908186,0.0199543913074597,0.0200279763563728,0.0200769619172646,0.0200989054614663,0.0200927854406629,0.0200590341003526,0.0199995131893836,0.0199174328528719,0.0198172131953374,0.0197042879256612,0.0195848506589329,0.0194655472893569,0.0193531225892942,0.0192540356450591,0.0191740661033018,0.0191179399632464,0.019089007792359,0.0190890077923606,0.0191179399632509,0.0191740661033083,0.0192540356450666,0.0193531225893013,0.0194655472893622,0.0195848506589347,0.019704287925659,0.0198172131953304,0.01991743285286,0.0199995131893673,0.0200590341003325,0.0200927854406397,0.0200989054614414,0.0200769619172401,0.0200279763563505,0.0199543913074402,0.0198599790818453,0.0197496902731057,0.0196294403220792,0.0195058342994647,0.0193858338164448,0.0192763759063684,0.0191839614827751,0.0191142394516273,0.0190716198019698,0.0190589526048305,0.0190773076878971,0.0191258809553916,0.0192020389758755,0.0193014965389902,0.0194186062867814,0.0195467286564214,0.0196786459600204,0.019806986182891,0.0199246281907314,0.020025068099105,0.020102734446744,0.0201532461384889,0.0201736112946943,0.0201623671798004,0.0201196616511431,0.0200472755830744,0.0199485840372286,0.0198284521542435,0.0196930604953662,0.0195496546411471,0.0194062161345555,0.0192710571608185,0.0191523501222864,0.0190576150518726,0.018993200824571,0.0189638071360986,0.0189720991749333,0.0190184624300796,0.0191009302071333,0.0192152937500714,0.0193553799608116,0.0195134610135958,0.0196807483757902,0.0198479222101637,0.0200056539363355,0.0201450911510656,0.0202582863473587,0.0203385612068376,0.0203808053484616,0.0203817121083741,0.0203399546446566,0.0202563040552616,0.0201336878777592,0.019977182829688,0.0197939304988731,0.0195929597085089,0.0193848958039461,0.019181537234092,0.018995286305901,0.0188384366215811,0.0187223455852953,0.0186565537481077,0.0186479453954484,0.0187000639017237,0.0188126887122587,0.0189817440677872,0.0191995513864823,0.0194553766445918,0.0197361812050652,0.0200274703072356,0.0203141460136539,0.0205813000654889,0.0208149143621679,0.0210024638511659,0.0211334348868359,0.0211997819063844,0.0211963486488326,0.0211212791825454,0.0209764397484189,0.0207678643432498,0.0205062226486748,0.020207283907611,0.0198923087134287,0.0195882376077183,0.019327464462727,0.0191469094714454,0.0190861038415874,0.0191841595597229,0.0194758826347768,0.0199878000686412,0.0207351979131778,0.021721075566285,0.0229372159507334,0.0243667917445082,0.0259875550940956,0.027774793036855,0.0297036211165056,0.0317505451171205,0.0338944194654069,0.0361169874718745,0.0384031679215145,NA,NA,NA,NA,NA,NA,NA,NA,NA,NA,NA,NA,NA,NA
0.038279936525407,0.0360112879269864,0.033805403776452,0.0316770903460361,0.0296442652340463,0.0277276800295553,0.0259503988947268,0.0243368747753871,0.0229114441504689,0.0216961130809515,0.0207076938455558,0.0199546914517033,0.0194347183071961,0.0191333617598319,0.0190250940335156,0.0190760737627013,0.0192479913671245,0.0195018919062561,0.0198012008099145,0.0201136702232406,0.0204123486306682,0.0206758468811893,0.0208881801338159,0.0210383976113604,0.0211201334030434,0.0211311489226423,0.0210728957123973,0.0209501018766824,0.0207703708014918,0.0205437725289782,0.0202824036997468,0.0199998906568486,0.019710812960506,0.0194300330881422,0.0191719345434125,0.0189495956028253,0.0187739566611102,0.0186530678796805,0.0185915189736447,0.0185901435653509,0.0186460531689826,0.0187529991506154,0.0189020032307353,0.0190821573499392,0.0192814822961916,0.0194877492348819,0.0196891983029023,0.019875121166233,0.0200363010517293,0.0201653207120575,0.0202567565960971,0.0203072786355232,0.020315672242739,0.0202827944998403,0.0202114715229756,0.0201063394659146,0.0199736281384116,0.0198208842511273,0.0196566314209015,0.0194899669011902,0.0193301010423718,0.0191858547412405,0.0190651416486049,0.0189744734007447,0.0189185341853966,0.0188998718332479,0.0189187439095948,0.0189731393497034,0.0190589727438083,0.0191704253535464,0.0193003901264331,0.0194409707603317,0.0195839872652249,0.0197214497520942,0.0198459745003721,0.0199511282970146,0.0200316964618761,0.0200838760991836,0.0201053991527487,0.0200955905047912,0.0200553654873895,0.0199871695498618,0.019894861107863,0.0197835373682711,0.019659302716087,0.0195289805753493,0.0193997729307002,0.0192788770799594,0.0191730763500154,0.0190883294055622,0.0190293896078718,0.0189994893664724,0.0190001225248454,0.0190309496229965,0.0190898372982887,0.019173026852431,0.0192754118271097,0.0193908936226464,0.0195127795684228,0.0196341892799484,0.0197484409624308,0.0198493972463137,0.0199317580684815,0.0199912946388103,0.0200250230374374,0.0200313184750703,0.0200099720854342,0.019962191828323,0.0198905482139674,0.0197988646460515,0.0196920517350017,0.0195758854560966,0.019456730979467,0.0193412177094157,0.0192358765684237,0.0191467573728302,0.0190790511440886,0.0190367476430284,0.0190223603169378,0.0190367476430307,0.0190790511440936,0.0191467573728364,0.0192358765684302,0.0193412177094214,0.0194567309794702,0.0195758854560968,0.0196920517349977,0.0197988646460429,0.0198905482139544,0.0199621918283064,0.0200099720854146,0.0200313184750487,0.0200250230374154,0.0199912946387889,0.0199317580684626,0.0198493972462979,0.0197484409624203,0.0196341892799419,0.0195127795684207,0.0193908936226481,0.019275411827115,0.0191730268524382,0.0190898372982956,0.0190309496230027,0.0190001225248501,0.0189994893664748,0.0190293896078712,0.0190883294055597,0.0191730763500115,0.0192788770799546,0.0193997729306972,0.0195289805753483,0.01965930271609,0.0197835373682793,0.0198948611078753,0.0199871695498786,0.0200553654874108,0.0200955905048146,0.0201053991527734,0.0200838760992081,0.0200316964618985,0.0199511282970336,0.0198459745003867,0.0197214497521036,0.0195839872652286,0.01944097076033,0.0193003901264273,0.019170425353538,0.0190589727437987,0.0189731393496927,0.0189187439095858,0.0188998718332406,0.0189185341853917,0.0189744734007433,0.0190651416486054,0.0191858547412433,0.0193301010423757,0.0194899669011949,0.0196566314209055,0.0198208842511312,0.0199736281384146,0.0201063394659181,0.0202114715229788,0.0202827944998419,0.0203156722427416,0.0203072786355244,0.0202567565960966,0.020165320712056,0.0200363010517266,0.0198751211662274,0.019689198302896,0.0194877492348726,0.01928148229618,0.0190821573499285,0.0189020032307239,0.0187529991506023,0.0186460531689711,0.0185901435653391,0.0185915189736365,0.018653067879673,0.0187739566611066,0.0189495956028225,0.0191719345434122,0.0194300330881442,0.0197108129605066,0.0199998906568468,0.020282403699744,0.0205437725289729,0.0207703708014818,0.020950101876668,0.0210728957123829,0.0211311489226251,0.0211201334030245,0.0210383976113417,0.0208881801338008,0.0206758468811763,0.0204123486306587,0.0201136702232358,0.0198012008099145,0.0195018919062592,0.0192479913671315,0.0190760737627085,0.0190250940335247,0.0191333617598396,0.0194347183072045,0.0199546914517093,0.0207076938455583,0.0216961130809522,0.0229114441504675,0.0243368747753837,0.0259503988947241,0.027727680029555,0.0296442652340489,0.0316770903460457,0.0338054037764642,0.0360112879270059,0.0382799365254309,NA,NA,NA,NA,NA,NA,NA,NA,NA,NA,NA,NA,NA
0.0381584704828452,0.0359057132012648,0.0337149326462515,0.0316006877356726,0.0295805930604131,0.0276750508409822,0.0259067473400541,0.0242997606804506,0.0228781059141277,0.0216635907534329,0.0206730314744712,0.0199152037770272,0.0193882731689473,0.0190786061731511,0.0189615607217374,0.0190041472816344,0.0191687626424928,0.0194169569577228,0.019712455707568,0.0200231335015982,0.0203220213548751,0.0205876075465997,0.0208037065949745,0.0209591081323276,0.0210471408284582,0.0210652242596921,0.0210144394524042,0.0208991230615212,0.0207264752373309,0.0205061627594354,0.020249894377186,0.0199709436524841,0.0196835966109694,0.019402508912318,0.0191419720805694,0.0189151114928896,0.0187330681533742,0.0186042450235701,0.0185337160064693,0.0185228905768806,0.0185694947582597,0.0186678761251677,0.0188095833657259,0.0189841286103993,0.019179824945775,0.019384602110058,0.0195867307947172,0.0197754179861714,0.0199412630174175,0.0200765821791267,0.0201756188082558,0.02023465789527,0.0202520620836411,0.0202282416817094,0.0201655664639612,0.0200682225145984,0.0199420137319235,0.0197941053352683,0.0196327063147005,0.0194666898315161,0.0193051556504308,0.0191569469245027,0.0190301444088603,0.0189315725951637,0.018866361263701,0.0188376089163908,0.0188461886625809,0.0188907219288253,0.0189677236037287,0.0190718992182052,0.0191965563541344,0.0193340827365457,0.0194764433175676,0.0196156560962948,0.0197442178756573,0.0198554631069244,0.0199438489568967,0.0200051666401716,0.0200366828544555,0.0200372164226687,0.0200071547801279,0.0199484135252845,0.0198643405486811,0.0197595648409189,0.0196397894807028,0.0195115290187135,0.0193817939451648,0.0192577294219055,0.0191462218519401,0.0190534944123484,0.0189847199099115,0.0189436841545494,0.0189325333382064,0.0189516332735454,0.0189995569606047,0.0190732018249998,0.0191680224471593,0.0192783521748171,0.0193977800835254,0.0195195489239091,0.0196369438760075,0.0197436490508212,0.0198340565620289,0.0199035199829855,0.019948549208885,0.0199669469435248,0.0199578884593857,0.0199219463979489,0.0198610617102641,0.0197784609046271,0.0196785190667756,0.0195665681339895,0.0194486511042105,0.0193312256343634,0.0192208250143395,0.0191236905906924,0.0190453965802633,0.0189904944446131,0.0189622077312506,0.0189622077312495,0.018990494444611,0.0190453965802602,0.0191236905906877,0.0192208250143337,0.0193312256343576,0.0194486511042039,0.0195665681339836,0.0196785190667701,0.0197784609046233,0.0198610617102624,0.01992194639795,0.0199578884593894,0.0199669469435316,0.0199485492088954,0.0199035199829995,0.0198340565620457,0.0197436490508398,0.0196369438760275,0.0195195489239293,0.0193977800835452,0.019278352174835,0.0191680224471743,0.0190732018250117,0.018999556960613,0.0189516332735497,0.0189325333382085,0.0189436841545497,0.0189847199099115,0.0190534944123494,0.0191462218519441,0.0192577294219131,0.019381793945178,0.0195115290187321,0.0196397894807276,0.0197595648409485,0.0198643405487153,0.0199484135253217,0.0200071547801659,0.0200372164227065,0.0200366828544882,0.0200051666402006,0.0199438489569191,0.0198554631069389,0.0197442178756625,0.0196156560962915,0.019476443317558,0.0193340827365288,0.019196556354114,0.0190718992181818,0.0189677236037044,0.0188907219288035,0.0188461886625628,0.0188376089163779,0.0188663612636931,0.0189315725951614,0.0190301444088622,0.0191569469245085,0.0193051556504391,0.0194666898315247,0.0196327063147083,0.0197941053352746,0.0199420137319262,0.0200682225145989,0.0201655664639561,0.0202282416816985,0.0202520620836251,0.0202346578952499,0.0201756188082295,0.0200765821790964,0.0199412630173841,0.0197754179861366,0.0195867307946795,0.0193846021100221,0.0191798249457407,0.0189841286103675,0.0188095833656999,0.018667876125146,0.0185694947582454,0.0185228905768705,0.0185337160064639,0.0186042450235673,0.0187330681533744,0.0189151114928902,0.019141972080569,0.0194025089123143,0.019683596610963,0.0199709436524736,0.0202498943771716,0.0205061627594167,0.0207264752373111,0.0208991230614991,0.0210144394523798,0.0210652242596737,0.0210471408284397,0.0209591081323156,0.0208037065949662,0.0205876075465995,0.0203220213548804,0.0200231335016066,0.0197124557075849,0.0194169569577423,0.019168762642513,0.0190041472816571,0.0189615607217599,0.0190786061731676,0.019388273168961,0.0199152037770374,0.0206730314744761,0.0216635907534337,0.022878105914126,0.0242997606804475,0.0259067473400525,0.0276750508409837,0.0295805930604181,0.0316006877356836,0.0337149326462698,0.0359057132012917,0.0381584704828799,NA,NA,NA,NA,NA,NA,NA,NA,NA,NA,NA,NA
0.0380756236496123,0.0358351881073571,0.0336560524568267,0.0315525653263645,0.0295420853089483,0.0276447219467235,0.0258828486450255,0.0242802387730348,0.022860654652811,0.0216457628490038,0.0206524163214149,0.0198896570022595,0.019356154942593,0.0190389664272942,0.0189142183688535,0.0189496477622848,0.0191082408656481,0.0193519551713757,0.0196447416077955,0.0199545450877195,0.0202543464668743,0.0205224947620577,0.0207426000629933,0.0209031990971067,0.0209973304708395,0.0210220946246458,0.0209782310912366,0.0208697195224457,0.0207033957742406,0.0204885656853626,0.020236594373957,0.0199604469376342,0.0196741578751577,0.0193922129538083,0.0191288406332071,0.0188972316556997,0.0187087334565902,0.0185720947425404,0.0184928548321074,0.018472971127868,0.0185107504804437,0.0186011007267796,0.0187360623066435,0.0189055352608156,0.0190980970606315,0.0193018132975853,0.0195049681226836,0.019696672552079,0.0198673365484507,0.0200090101489973,0.0201156092071822,0.0201830444095872,0.020209270701735,0.0201942703585602,0.0201399782401447,0.0200501532483059,0.0199301962348223,0.0197869120586264,0.0196282126253346,0.0194627591309863,0.019299545927875,0.0191474357193549,0.0190146657805929,0.0189083561135886,0.0188340601703531,0.0187954035365018,0.0187938526676987,0.0188286432453321,0.01889687779979,0.01899377956926,0.0191130698878757,0.019247424338067,0.0193889602403305,0.0195297135344918,0.0196620735365656,0.0197791558693773,0.019875104323529,0.0199453200614446,0.0199866211353293,0.0199973371834713,0.0199773441405387,0.0199280426188488,0.0198522819691015,0.0197542304880375,0.0196391913210297,0.0195133637991114,0.0193835517078553,0.0192568236459713,0.0191401362375454,0.0190399380389846,0.0189617793605111,0.0189099590637177,0.0188872415634543,0.0188946740347562,0.018931524732775,0.0189953496633464,0.0190821794461068,0.0191868045747179,0.0193031282618895,0.0194245529584783,0.0195443689842524,0.019656119769243,0.0197539258197681,0.0198327568374105,0.0198886472618303,0.0199188544218273,0.0199219605397998,0.0198979204200391,0.019848056255271,0.0197750001158605,0.0196825838293366,0.0195756755858593,0.0194599631790664,0.0193416857328539,0.019227319365148,0.0191232275054632,0.0190352930446878,0.0189685560750121,0.0189268860392497,0.0189127188020559,0.0189268860392503,0.0189685560750132,0.0190352930446888,0.0191232275054637,0.0192273193651479,0.0193416857328523,0.0194599631790639,0.019575675585855,0.0196825838293308,0.0197750001158541,0.019848056255264,0.0198979204200319,0.0199219605397936,0.0199188544218217,0.0198886472618266,0.0198327568374091,0.0197539258197697,0.0196561197692474,0.0195443689842588,0.0194245529584867,0.019303128261899,0.019186804574728,0.0190821794461167,0.0189953496633546,0.0189315247327813,0.01889467403476,0.0188872415634564,0.018909959063718,0.0189617793605108,0.0190399380389843,0.0191401362375463,0.0192568236459748,0.0193835517078619,0.0195133637991216,0.0196391913210441,0.0197542304880558,0.0198522819691228,0.0199280426188727,0.0199773441405646,0.0199973371834963,0.0199866211353528,0.0199453200614643,0.0198751043235444,0.019779155869387,0.0196620735365703,0.0195297135344897,0.0193889602403243,0.0192474243380565,0.0191130698878618,0.0189937795692457,0.0188968777997757,0.0188286432453195,0.018793852667688,0.0187954035364943,0.0188340601703483,0.0189083561135869,0.0190146657805947,0.0191474357193583,0.0192995459278799,0.019462759130991,0.0196282126253387,0.0197869120586307,0.0199301962348251,0.0200501532483062,0.0201399782401435,0.020194270358556,0.0202092707017298,0.0201830444095788,0.0201156092071717,0.020009010148984,0.0198673365484359,0.0196966725520611,0.0195049681226647,0.0193018132975669,0.0190980970606132,0.0189055352607978,0.0187360623066288,0.0186011007267661,0.0185107504804328,0.0184729711278603,0.0184928548321026,0.0185720947425397,0.0187087334565886,0.0188972316557007,0.0191288406332065,0.0193922129538063,0.0196741578751542,0.0199604469376284,0.0202365943739475,0.0204885656853503,0.0207033957742256,0.0208697195224321,0.0209782310912185,0.0210220946246305,0.0209973304708251,0.0209031990970977,0.0207426000629868,0.0205224947620544,0.0202543464668729,0.0199545450877229,0.0196447416077997,0.0193519551713857,0.0191082408656603,0.0189496477622947,0.018914218368864,0.0190389664273043,0.0193561549426017,0.0198896570022654,0.0206524163214169,0.0216457628490043,0.0228606546528097,0.024280238773033,0.0258828486450244,0.0276447219467238,0.029542085308951,0.031552565326373,0.0336560524568397,0.0358351881073733,0.0380756236496391,NA,NA,NA,NA,NA,NA,NA,NA,NA,NA,NA
0.0379897510680661,0.0357639631565404,0.0335987334840064,0.0315081696153963,0.0295093330248459,0.0276219881685093,0.0258681316644632,0.0242711581456814,0.0228544977824973,0.0216396003870462,0.0206432982208917,0.0198748777526472,0.0193335424379634,0.0190071225233677,0.0188726435550073,0.0188987222246526,0.0190490857314369,0.0192862292315232,0.0195744287455545,0.0198817676923157,0.0201812178845145,0.0204510091307949,0.0206745516684145,0.0208401227007606,0.020940455833757,0.0209723108065098,0.0209360582611282,0.0208352877895131,0.0206764320035374,0.0204683905146034,0.0202221327337797,0.0199502562157169,0.0196664781984414,0.019385043469286,0.0191200436411137,0.0188846626343227,0.0186903895771045,0.0185462684374984,0.0184582742748323,0.0184289083071147,0.018457081252233,0.0185383092390324,0.0186651920363767,0.0188280973405196,0.0190159512404404,0.0192170372693076,0.0194197281239566,0.0196131039562308,0.0197874390718557,0.0199345592428666,0.0200480833727401,0.020123567419549,0.0201585677183891,0.0201526374118414,0.0201072652382838,0.0200257614732074,0.0199130919895729,0.0197756586432627,0.0196210229414461,0.0194575707370055,0.0192941190600113,0.0191394725129222,0.0190019457398888,0.0188888791992868,0.0188061855109134,0.0187579697920213,0.018746266449558,0.0187709251278547,0.0188296608735678,0.0189182618872273,0.0190309279195617,0.0191606983650747,0.0192999239571437,0.019440739242292,0.0195755020354835,0.0196971773810605,0.0197996542300517,0.0198779913303795,0.0199285941292331,0.0199493270521089,0.0199395660039449,0.0199001950832665,0.0198335499941894,0.0197433090645968,0.0196343316384342,0.019512443379476,0.0193841691549566,0.0192564170353411,0.0191361217134961,0.0190298620578564,0.0189434746992468,0.0188816919606615,0.018847836068505,0.0188436005455722,0.0188689430003704,0.0189221017713068,0.018999734286841,0.0190971608022835,0.0192086864769656,0.0193279694598527,0.0194484029536126,0.0195634838642766,0.019667147617785,0.0197540560768723,0.0198198318109199,0.019861236547801,0.0198762943548619,0.019864361219672,0.0198261426712284,0.0197636603858507,0.0196801678341414,0.0195800144022478,0.0194684575082845,0.019351423460126,0.0192352205146371,0.0191262119544573,0.019030462780949,0.0189533800807361,0.0188993729238687,0.0188715610619687,0.0188715610619696,0.0188993729238713,0.01895338008074,0.0190304627809537,0.0191262119544622,0.0192352205146415,0.019351423460129,0.0194684575082863,0.0195800144022474,0.0196801678341389,0.0197636603858458,0.0198261426712214,0.0198643612196631,0.0198762943548514,0.019861236547789,0.0198198318109075,0.0197540560768596,0.019667147617773,0.0195634838642659,0.0194484029536035,0.0193279694598454,0.0192086864769601,0.0190971608022803,0.0189997342868398,0.0189221017713066,0.0188689430003716,0.0188436005455735,0.0188478360685067,0.0188816919606622,0.0189434746992471,0.0190298620578551,0.0191361217134936,0.0192564170353377,0.0193841691549523,0.0195124433794707,0.0196343316384287,0.0197433090645904,0.0198335499941823,0.0199001950832595,0.0199395660039377,0.0199493270521025,0.019928594129228,0.0198779913303746,0.0197996542300485,0.0196971773810589,0.0195755020354837,0.0194407392422934,0.0192999239571473,0.0191606983650784,0.0190309279195668,0.0189182618872332,0.0188296608735739,0.0187709251278604,0.0187462664495627,0.0187579697920244,0.0188061855109143,0.0188888791992859,0.0190019457398865,0.019139472512918,0.0192941190600066,0.0194575707370002,0.0196210229414425,0.0197756586432614,0.0199130919895757,0.0200257614732143,0.020107265238294,0.0201526374118553,0.0201585677184044,0.0201235674195663,0.0200480833727585,0.0199345592428838,0.0197874390718714,0.0196131039562431,0.019419728123968,0.0192170372693148,0.0190159512404431,0.0188280973405206,0.018665192036375,0.0185383092390289,0.0184570812522283,0.0184289083071091,0.0184582742748277,0.0185462684374948,0.0186903895771042,0.0188846626343235,0.0191200436411159,0.0193850434692891,0.0196664781984466,0.0199502562157219,0.0202221327337851,0.0204683905146079,0.0206764320035414,0.0208352877895144,0.02093605826113,0.0209723108065129,0.0209404558337573,0.0208401227007631,0.0206745516684127,0.0204510091307969,0.0201812178845142,0.0198817676923162,0.0195744287455525,0.0192862292315215,0.0190490857314368,0.0188987222246531,0.0188726435550073,0.0190071225233678,0.0193335424379629,0.0198748777526475,0.0206432982208908,0.0216396003870451,0.0228544977824946,0.0242711581456781,0.0258681316644582,0.0276219881685069,0.0295093330248405,0.0315081696153891,0.0335987334840001,0.0357639631565342,0.0379897510680617,NA,NA,NA,NA,NA,NA,NA,NA,NA,NA
0.0378707944397851,0.0356603618015324,0.0335097389676381,0.0314328014163647,0.0294463264318358,0.027569750500358,0.0258247144070672,0.0242342572977976,0.022821499277931,0.0216076885491567,0.0206096374275476,0.0198368565994267,0.0192890393637819,0.018954728280012,0.0188117794321566,0.0188296280856718,0.0189726980317471,0.0192039981172459,0.0194881241622482,0.0197933070592594,0.0200925279707451,0.0203639213247087,0.0205907239805505,0.0207609810250113,0.0208671484714136,0.0209056723280041,0.0208765807039061,0.020783098787454,0.0206312807634835,0.0204296436916006,0.020188783244658,0.0199209487939173,0.0196395558038299,0.0193586181450169,0.0190920935959424,0.0188531538843067,0.0186534155137196,0.0185021950833333,0.0184058744574438,0.0183674665705461,0.0183864543859828,0.0184589345085624,0.0185780443881574,0.0187346050201031,0.0189178840600228,0.0191163825065632,0.0193185666262112,0.0195134951104856,0.0196913193868612,0.0198436562705656,0.0199638448465437,0.020047104678739,0.0200906124352848,0.0200935110527686,0.02005686134541,0.0199835415896528,0.019878096737967,0.0197465359795765,0.0195960757832034,0.0194348258100675,0.0192714177088405,0.0191145822196247,0.0189726882143756,0.018853267455955,0.0187625590272885,0.0187051146275701,0.0186835070548579,0.0186981770234595,0.0187474381624727,0.0188276396041104,0.018933464990901,0.0190583310961133,0.0191948417732688,0.0193352539936282,0.0194719202067766,0.0195976819147868,0.0197062001190186,0.0197922171262819,0.0198517502144624,0.0198822208970633,0.0198825245385583,0.0198530445726391,0.0197956142483765,0.0197134272627443,0.0196108973355188,0.0194934662051297,0.0193673601140278,0.0192392970064011,0.0191161506276396,0.0190045834161375,0.0189106669069506,0.0188395150629314,0.0187949606977054,0.0187793060155583,0.0187931739071277,0.0188354769495543,0.0189035076401244,0.0189931390999893,0.0190991134973329,0.0192153881330858,0.0193355073505194,0.019452971449421,0.0195615798715149,0.0196557330985543,0.0197306843591949,0.0197827374166697,0.0198093900807899,0.0198094247819866,0.0197829479339645,0.0197313793543362,0.0196573921731196,0.0195648028812729,0.0194584108867186,0.0193437875747555,0.0192270167945575,0.0191143921676238,0.0190120816187473,0.0189257756024075,0.0188603416154296,0.0188195122272365,0.0188056353220064,0.0188195122272376,0.0188603416154316,0.0189257756024102,0.0190120816187505,0.0191143921676272,0.0192270167945604,0.0193437875747576,0.0194584108867203,0.0195648028812735,0.0196573921731189,0.0197313793543343,0.0197829479339608,0.0198094247819821,0.0198093900807842,0.0197827374166631,0.0197306843591874,0.0196557330985464,0.0195615798715071,0.0194529714494133,0.0193355073505124,0.0192153881330795,0.0190991134973274,0.018993139099985,0.0189035076401212,0.0188354769495524,0.0187931739071271,0.0187793060155585,0.0187949606977055,0.0188395150629315,0.0189106669069508,0.0190045834161366,0.0191161506276378,0.0192392970063983,0.0193673601140241,0.0194934662051254,0.0196108973355127,0.0197134272627371,0.0197956142483686,0.0198530445726305,0.0198825245385497,0.0198822208970542,0.0198517502144537,0.0197922171262747,0.0197062001190122,0.0195976819147814,0.0194719202067735,0.0193352539936274,0.0191948417732704,0.0190583310961163,0.0189334649909059,0.0188276396041164,0.0187474381624787,0.0186981770234651,0.0186835070548631,0.0187051146275741,0.0187625590272908,0.0188532674559563,0.0189726882143741,0.0191145822196221,0.0192714177088382,0.0194348258100656,0.0195960757832028,0.0197465359795776,0.0198780967379722,0.019983541589663,0.0200568613454228,0.0200935110527861,0.0200906124353037,0.0200471046787604,0.0199638448465639,0.0198436562705869,0.0196913193868772,0.0195134951104996,0.0193185666262206,0.0191163825065686,0.0189178840600242,0.0187346050201011,0.018578044388152,0.018458934508555,0.0183864543859748,0.0183674665705379,0.0184058744574368,0.0185021950833276,0.0186534155137161,0.018853153884305,0.0190920935959424,0.0193586181450175,0.0196395558038303,0.0199209487939177,0.0201887832446589,0.0204296436915988,0.0206312807634818,0.020783098787451,0.020876580703903,0.020905672327999,0.0208671484714056,0.0207609810250033,0.0205907239805433,0.020363921324702,0.0200925279707387,0.0197933070592549,0.0194881241622441,0.0192039981172413,0.0189726980317425,0.0188296280856688,0.0188117794321544,0.018954728280011,0.0192890393637804,0.019836856599426,0.0206096374275482,0.0216076885491574,0.0228214992779322,0.0242342572977978,0.0258247144070664,0.0275697505003584,0.029446326431834,0.0314328014163652,0.0335097389676373,0.0356603618015344,0.037870794439788,NA,NA,NA,NA,NA,NA,NA,NA,NA
0.0377842952017859,0.0355875650461935,0.0334499474538573,0.0313850968724451,0.0294095192583712,0.0275423371932227,0.0258048499719854,0.024219754515985,0.0228098712368557,0.021596252164136,0.0205956885157422,0.0198179070955729,0.0192630776131662,0.018920439387429,0.0187686646138186,0.0187779954551903,0.0189135429837714,0.0191388214064942,0.0194187378939975,0.0197216620324644,0.0200205757488146,0.020293510521205,0.0205235240262533,0.0206984256870316,0.0208103928370094,0.0208555590661174,0.0208336133838212,0.0207474216602357,0.0206026657423745,0.0204074864005954,0.0201721109914522,0.0199084441096873,0.0196295995806143,0.0193493560420419,0.0190815278353062,0.0188392594488393,0.0186342751109383,0.0184761417762978,0.0183716261400347,0.0183242344727019,0.0183340100318694,0.0183976260099817,0.0185087617999367,0.0186587028315052,0.0188370742620246,0.0190326130826282,0.0192338984060329,0.0194299862400945,0.0196109227420963,0.0197681319707439,0.0198946879819877,0.0199854873836968,0.0200373392541513,0.0200489868750212,0.0200210717894784,0.0199560464296627,0.0198580376625648,0.0197326605290611,0.0195867795859376,0.0194282150498676,0.0192653928956832,0.0191069426328604,0.0189612538012584,0.0188360117199649,0.0187377431028573,0.0186714101981436,0.0186400950031145,0.0186448103729734,0.0186844619569332,0.01875596603095,0.0188545078870749,0.0189739085573209,0.0191070580317116,0.019246371911892,0.019384234184072,0.0195133985476864,0.0196273313881675,0.0197204887289857,0.0197885261744507,0.0198284447738048,0.0198386773155097,0.0198191194619055,0.0197711090373654,0.0196973552824648,0.0196018184874298,0.0194895395710078,0.0193664193057069,0.0192389484103197,0.0191138929397385,0.0189979443591634,0.0188973500137365,0.0188175464143213,0.0187628232758477,0.0187360486777135,0.0187384834641227,0.0187697054753059,0.0188276523184898,0.0189087775079004,0.0190083019930497,0.0191205340528826,0.0192392266928128,0.0193579429059559,0.0194704040845607,0.0195708036009627,0.0196540743767265,0.019716104933932,0.0197539024237022,0.0197657034192722,0.0197510341241812,0.0197107214996179,0.0196468561071206,0.0195627066279536,0.0194625854759217,0.0193516650752662,0.0192357456196006,0.0191209777758572,0.0190135479731092,0.018919339394609,0.0188435878505797,0.018790557093146,0.0187632612351463,0.0187632612351465,0.0187905570931453,0.0188435878505785,0.0189193393946079,0.0190135479731083,0.0191209777758572,0.0192357456196016,0.0193516650752691,0.0194625854759258,0.0195627066279591,0.0196468561071274,0.0197107214996249,0.0197510341241886,0.019765703419279,0.019753902423708,0.019716104933936,0.0196540743767288,0.0195708036009626,0.0194704040845583,0.0193579429059515,0.019239226692808,0.0191205340528762,0.0190083019930431,0.0189087775078937,0.0188276523184846,0.0187697054753023,0.0187384834641203,0.0187360486777124,0.0187628232758481,0.0188175464143221,0.0188973500137375,0.0189979443591648,0.0191138929397392,0.0192389484103192,0.0193664193057056,0.0194895395710044,0.019601818487425,0.0196973552824578,0.0197711090373576,0.0198191194618957,0.0198386773154995,0.0198284447737946,0.0197885261744415,0.0197204887289779,0.0196273313881611,0.0195133985476825,0.0193842341840705,0.0192463719118937,0.0191070580317169,0.0189739085573281,0.0188545078870842,0.0187559660309596,0.0186844619569424,0.0186448103729822,0.0186400950031203,0.018671410198148,0.0187377431028592,0.0188360117199636,0.0189612538012561,0.0191069426328573,0.0192653928956812,0.0194282150498681,0.0195867795859416,0.0197326605290696,0.0198580376625795,0.0199560464296825,0.0200210717895027,0.0200489868750496,0.0200373392541818,0.0199854873837252,0.0198946879820145,0.0197681319707687,0.0196109227421144,0.019429986240106,0.0192338984060378,0.0190326130826239,0.0188370742620142,0.0186587028314889,0.0185087617999175,0.0183976260099608,0.0183340100318495,0.018324234472684,0.0183716261400219,0.0184761417762879,0.0186342751109332,0.0188392594488391,0.0190815278353091,0.0193493560420467,0.0196295995806197,0.0199084441096923,0.0201721109914553,0.0204074864005958,0.0206026657423717,0.0207474216602278,0.0208336133838112,0.0208555590661071,0.0208103928369969,0.0206984256870171,0.0205235240262398,0.0202935105211961,0.020020575748808,0.0197216620324584,0.0194187378939934,0.0191388214064915,0.018913542983775,0.0187779954551935,0.0187686646138238,0.0189204393874344,0.0192630776131702,0.0198179070955761,0.0205956885157439,0.021596252164136,0.0228098712368542,0.0242197545159812,0.0258048499719832,0.0275423371932205,0.0294095192583687,0.0313850968724471,0.0334499474538612,0.0355875650462051,0.0377842952017995,NA,NA,NA,NA,NA,NA,NA,NA
0.0376648237622969,0.0354821502474578,0.0333578953626199,0.0313055059134053,0.0293412352525741,0.0274839164583641,0.025754537108918,0.0241754853890011,0.0227693153388942,0.0215569092538326,0.0205550477230138,0.0197736591541241,0.0192133454509478,0.0188639721992916,0.0187049427921871,0.0187072228531101,0.0188365423977569,0.0190568749704854,0.0193334159750016,0.0196346698092872,0.0199336293341657,0.0202082424486016,0.0204414124946643,0.0206207410525924,0.0207381560593255,0.0207895086171839,0.0207741788230877,0.0206947034895546,0.0205564223152109,0.0203671296528149,0.0201367136254866,0.0198767615466177,0.0196001103164176,0.0193203236922006,0.0190510867294843,0.0188055228142896,0.0185954606607968,0.0184307045280898,0.0183183839105148,0.0182624695369695,0.0182635323181731,0.0183187890227526,0.0184224306322532,0.0185661815088886,0.0187400048805286,0.0189328607378336,0.0191334342594036,0.0193307776432379,0.0195148356062816,0.0196768475115975,0.019809633975314,0.0199077830942045,0.0199677529991901,0.019987905483198,0.0199684817816348,0.0199115274236808,0.0198207691642408,0.0197014438099026,0.0195600766383875,0.0194042064887496,0.0192420559534489,0.0190821489057454,0.0189328840810717,0.0188020822518609,0.0186965344210384,0.0186215870992895,0.0185808051453287,0.0185757501485529,0.0186059018030931,0.0186687325604064,0.018759925877936,0.0188737105474272,0.0190032720327548,0.0191411983244314,0.0192799217559175,0.019412126942893,0.0195311054098511,0.0196310470410244,0.019707265785734,0.019756361637228,0.0197763230598019,0.0197665743625112,0.0197279716763937,0.0196627497886476,0.0195744206316154,0.0194676231620555,0.0193479241146296,0.0192215700747819,0.0190951938303315,0.0189754821908476,0.0188688182168634,0.0187809173507129,0.0187164829553408,0.0186789104752945,0.0186700690980476,0.0186901843952825,0.0187378352718706,0.0188100654484039,0.01890259647362,0.0190101187829224,0.0191266315265832,0.0192458012422414,0.0193613130190079,0.0194671938781533,0.0195580948672883,0.0196295244365482,0.0196780302581267,0.0197013295488739,0.0196983893284444,0.0196694582586245,0.0196160511924731,0.0195408867407858,0.0194477774454255,0.0193414719307254,0.0192274490732757,0.0191116661346926,0.0190002661653254,0.018899254772165,0.0188141620960449,0.0187497115875222,0.0187095214766514,0.0186958661196158,0.0187095214766515,0.0187497115875228,0.0188141620960459,0.0188992547721666,0.0190002661653283,0.0191116661346956,0.0192274490732798,0.0193414719307305,0.0194477774454315,0.0195408867407925,0.0196160511924797,0.0196694582586306,0.0196983893284496,0.0197013295488778,0.0196780302581278,0.0196295244365474,0.0195580948672851,0.0194671938781476,0.0193613130189999,0.0192458012422318,0.0191266315265729,0.0190101187829121,0.0189025964736112,0.0188100654483964,0.0187378352718644,0.0186901843952782,0.0186700690980455,0.0186789104752938,0.018716482955341,0.0187809173507134,0.0188688182168638,0.0189754821908477,0.0190951938303293,0.0192215700747792,0.0193479241146246,0.0194676231620486,0.0195744206316064,0.0196627497886367,0.0197279716763819,0.0197665743624976,0.019776323059788,0.0197563616372145,0.0197072657857211,0.0196310470410128,0.0195311054098418,0.0194121269428866,0.0192799217559146,0.0191411983244313,0.0190032720327575,0.018873710547432,0.0187599258779437,0.0186687325604147,0.0186059018031004,0.0185757501485599,0.0185808051453338,0.0186215870992922,0.0186965344210402,0.0188020822518596,0.0189328840810691,0.0190821489057424,0.0192420559534467,0.0194042064887507,0.0195600766383901,0.0197014438099112,0.0198207691642543,0.0199115274237011,0.0199684817816594,0.0199879054832274,0.0199677529992207,0.0199077830942343,0.0198096339753418,0.0196768475116229,0.019514835606301,0.0193307776432488,0.0191334342594093,0.0189328607378321,0.0187400048805208,0.0185661815088771,0.018422430632237,0.0183187890227348,0.0182635323181562,0.0182624695369536,0.0183183839105028,0.0184307045280815,0.0185954606607921,0.0188055228142898,0.0190510867294873,0.0193203236922046,0.0196001103164211,0.019876761546619,0.0201367136254853,0.0203671296528097,0.0205564223152026,0.0206947034895433,0.0207741788230732,0.0207895086171683,0.0207381560593088,0.0206207410525739,0.0204414124946455,0.0202082424485862,0.0199336293341532,0.0196346698092781,0.0193334159749954,0.0190568749704826,0.0188365423977552,0.0187072228531108,0.0187049427921908,0.0188639721992961,0.0192133454509528,0.0197736591541275,0.0205550477230166,0.0215569092538337,0.0227693153388941,0.024175485389,0.0257545371089174,0.0274839164583657,0.0293412352525764,0.0313055059134107,0.0333578953626315,0.0354821502474706,0.0376648237623134,NA,NA,NA,NA,NA,NA,NA
0.0376780207058568,0.0355012822962719,0.0333824932352073,0.0313349483286609,0.0293747161865593,0.0275204195139732,0.0257928225854704,0.0242140988002422,0.0228066290033344,0.0215912087616579,0.0205846688470175,0.019797165336486,0.0192297142578126,0.0188727428296398,0.0187062805765852,0.0187018839250371,0.0188257569581194,0.0190421893186338,0.0193165331273063,0.0196173137682037,0.019917441520089,0.0201947078626927,0.0204318087166341,0.020616102955559,0.0207392507515226,0.020796817125492,0.0207878827977696,0.0207146766051247,0.0205822271390627,0.0203980216543416,0.0201716547604992,0.0199144464409076,0.0196390083374203,0.0193587398637568,0.0190872431551001,0.0188376597216302,0.0186219523423493,0.0184501808702963,0.0183298441115457,0.0182653726860238,0.0182578511313087,0.0183050184060034,0.0184015504793361,0.0185395807649064,0.0187093790764711,0.0189000968109191,0.0191004949089413,0.019299594070191,0.019487213711466,0.0196543894990577,0.0197936752464606,0.0198993432989663,0.0199674998888932,0.0199961305007739,0.0199850868915587,0.019936023358286,0.0198522859266957,0.0197387548274966,0.0196016382913529,0.0194482147076748,0.0192865210117935,0.0191249882692388,0.0189720311297661,0.0188356059675684,0.0187227621223098,0.0186392197045326,0.0185890131244164,0.0185742390328608,0.0185949391198661,0.0186491328673092,0.0187329960763655,0.0188411624858519,0.0189671125002102,0.0191036074606701,0.0192431299377016,0.019378298051206,0.0195022318366685,0.0196088594811273,0.0196931591262777,0.019751337200836,0.0197809470057034,0.0197809520565638,0.0197517381386188,0.0196950767578059,0.019614041202301,0.0195128752023831,0.0193968136043889,0.0192718549511863,0.019144487748049,0.0190213757268994,0.0189090125638069,0.0188133627541822,0.0187395116233374,0.0186913521424761,0.0186713375552581,0.0186803254601801,0.0187175307007147,0.0187805924104656,0.018865747306347,0.0189680897268543,0.0190818913136654,0.0192009506644882,0.0193189453237654,0.0194297636756426,0.0195278008579936,0.019608209165643,0.0196670985498237,0.0197016863340635,0.0197103971888399,0.0196929150350525,0.0196501882823821,0.0195843890713989,0.0194988263789567,0.0193978123512203,0.0192864814277082,0.0191705630749911,0.0190561115480493,0.0189492001444159,0.0188555926804504,0.0187804106996565,0.0187278200199593,0.0187007631187118,0.0187007631187133,0.0187278200199629,0.0187804106996623,0.0188555926804586,0.0189492001444254,0.0190561115480597,0.0191705630750023,0.0192864814277195,0.0193978123512302,0.019498826378964,0.019584389071403,0.019650188282382,0.019692915035047,0.0197103971888285,0.0197016863340467,0.0196670985498016,0.0196082091656157,0.0195278008579627,0.0194297636756101,0.0193189453237327,0.0192009506644572,0.019081891313638,0.0189680897268317,0.0188657473063305,0.0187805924104547,0.0187175307007091,0.0186803254601778,0.0186713375552584,0.0186913521424756,0.0187395116233355,0.0188133627541775,0.0189090125637984,0.0190213757268872,0.0191444877480325,0.0192718549511664,0.0193968136043669,0.0195128752023595,0.0196140412022782,0.0196950767577846,0.0197517381386002,0.0197809520565505,0.0197809470056956,0.0197513372008346,0.0196931591262817,0.0196088594811384,0.0195022318366849,0.0193782980512266,0.0192431299377256,0.019103607460696,0.0189671125002367,0.0188411624858765,0.0187329960763881,0.0186491328673288,0.0185949391198807,0.0185742390328703,0.0185890131244222,0.0186392197045347,0.01872276212231,0.0188356059675686,0.0189720311297678,0.0191249882692434,0.0192865210118046,0.0194482147076921,0.0196016382913779,0.0197387548275289,0.0198522859267358,0.0199360233583301,0.0199850868916076,0.0199961305008245,0.0199674998889382,0.0198993432990057,0.0197936752464926,0.0196543894990797,0.0194872137114728,0.0192995940701876,0.0191004949089251,0.0189000968108928,0.0187093790764375,0.0185395807648679,0.0184015504792955,0.0183050184059649,0.0182578511312748,0.0182653726859959,0.0183298441115258,0.0184501808702838,0.0186219523423432,0.0188376597216297,0.0190872431551027,0.019358739863761,0.0196390083374205,0.0199144464409051,0.0201716547604888,0.0203980216543262,0.0205822271390412,0.0207146766050994,0.0207878827977382,0.0207968171254586,0.0207392507514872,0.0206161029555269,0.020431808716606,0.0201947078626715,0.0199174415200718,0.0196173137681923,0.0193165331273022,0.0190421893186362,0.0188257569581258,0.0187018839250471,0.0187062805765971,0.0188727428296513,0.019229714257823,0.0197971653364932,0.0205846688470219,0.0215912087616573,0.0228066290033318,0.0242140988002374,0.0257928225854686,0.0275204195139707,0.0293747161865609,0.0313349483286691,0.0333824932352223,0.0355012822962977,0.0376780207058956,NA,NA,NA,NA,NA,NA
0.0375558379400172,0.0353932726709359,0.0332879723270183,0.0312530279797041,0.029304260160107,0.027460006663589,0.0257407237998989,0.0241682777247542,0.0227647801923645,0.0215508479256365,0.020543284057856,0.0197524219100618,0.0191796817000017,0.0188160916300473,0.0186423963267788,0.0186308722221405,0.018748350690348,0.0189595970430852,0.0192302715676983,0.0195290547652871,0.0198288868808305,0.0201074931334292,0.0203474309003632,0.0205358658479805,0.0206642225399034,0.0207277965835053,0.0207253720624273,0.0206588599125793,0.0205329560384454,0.0203548081920275,0.0201336749828065,0.0198805572751549,0.0196077813408122,0.0193285152100723,0.0190562061938632,0.0188039401388238,0.0185837422552844,0.0184058635041561,0.0182781201434692,0.0182053685669559,0.0181891942707987,0.0182278685858439,0.0183165842196897,0.0184479332944747,0.0186125545832988,0.0187998603137287,0.0189987584221367,0.0191983068766155,0.0193882629553067,0.0195595140891125,0.0197043937738909,0.0198168954036824,0.0198928000697474,0.0199297334934157,0.0199271641980236,0.0198863511292102,0.0198102450465847,0.0197033446358337,0.0195715057803473,0.0194217011355073,0.019261727489282,0.0190998608399562,0.0189444640449121,0.0188035592863793,0.0186843867362372,0.0185929799927875,0.0185337955404453,0.0185094348239452,0.0185204915490879,0.0185655435207808,0.0186412901775954,0.0187428182880979,0.0188639635872929,0.0189977285083807,0.0191367162158444,0.0192735472497689,0.0194012344477657,0.0195135016382409,0.0196050399257401,0.0196717012811404,0.0197106325224134,0.0197203540464219,0.0197007874624964,0.0196532351954204,0.0195803136975653,0.0194858405843909,0.0193746751836837,0.0192525120513662,0.0191256283210348,0.0190005886068724,0.0188839156488048,0.0187817406717335,0.0186994536903541,0.018641379336777,0.0186105065039848,0.01860829865099,0.0186346053087195,0.0186876847961419,0.0187643353933648,0.0188601199865608,0.0189696600864411,0.0190869706719643,0.019205807647324,0.0193200037414564,0.0194237747366353,0.0195119843270584,0.0195803614710717,0.0196256681871414,0.0196458182305467,0.0196399481783601,0.0196084425053504,0.0195529136568049,0.0194761373104191,0.0193819423443871,0.0192750548605305,0.0191608963100967,0.0190453376569897,0.0189344147891593,0.0188340150028088,0.0187495498876733,0.0186856353984889,0.018645803949055,0.0186322745236077,0.0186458039490613,0.0186856353985013,0.0187495498876903,0.0188340150028299,0.0189344147891828,0.0190453376570136,0.0191608963101179,0.019275054860548,0.0193819423443976,0.0194761373104208,0.0195529136567964,0.0196084425053306,0.0196399481783292,0.0196458182305043,0.0196256681870891,0.0195803614710107,0.0195119843269924,0.0194237747365666,0.0193200037413885,0.0192058076472618,0.0190869706719099,0.0189696600863967,0.0188601199865283,0.0187643353933442,0.0186876847961315,0.018634605308717,0.0186082986509919,0.0186105065039866,0.0186413793367754,0.0186994536903467,0.0187817406717183,0.0188839156487809,0.0190005886068406,0.0191256283209957,0.0192525120513228,0.0193746751836389,0.0194858405843476,0.0195803136975271,0.0196532351953904,0.0197007874624775,0.0197203540464145,0.0197106325224205,0.0196717012811603,0.0196050399257734,0.0195135016382851,0.0194012344478188,0.0192735472498271,0.0191367162159035,0.0189977285084387,0.0188639635873463,0.0187428182881433,0.0186412901776331,0.0185655435208078,0.0185204915491053,0.0185094348239547,0.0185337955404487,0.0185929799927888,0.0186843867362376,0.0188035592863839,0.0189444640449231,0.0190998608399761,0.0192617274893135,0.0194217011355503,0.0195715057804015,0.0197033446358976,0.0198102450466566,0.0198863511292867,0.0199271641980998,0.0199297334934844,0.01989280006981,0.0198168954037314,0.0197043937739219,0.0195595140891239,0.0193882629552979,0.0191983068765882,0.0189987584220921,0.01879986031367,0.0186125545832311,0.0184479332944014,0.0183165842196191,0.0182278685857795,0.0181891942707458,0.0182053685669162,0.0182781201434409,0.0184058635041406,0.0185837422552781,0.0188039401388251,0.0190562061938672,0.0193285152100734,0.0196077813408095,0.0198805572751443,0.0201336749827856,0.0203548081919968,0.0205329560384037,0.0206588599125287,0.0207253720623718,0.020727796583446,0.0206642225398443,0.0205358658479292,0.0203474309003184,0.0201074931333935,0.0198288868808023,0.0195290547652729,0.0192302715676981,0.0189595970430946,0.0187483506903655,0.018630872222164,0.0186423963268046,0.018816091630071,0.019179681700021,0.0197524219100767,0.0205432840578638,0.0215508479256376,0.0227647801923608,0.0241682777247487,0.0257407237998958,0.0274600066635907,0.0293042601601181,0.0312530279797254,0.0332879723270521,0.0353932726709853,0.0375558379400869,NA,NA,NA,NA,NA
0.0374271341559019,0.0352792282861792,0.0331878964354855,0.0311660243763626,0.0292291823550292,0.0273954201210213,0.0256848815524441,0.0241191192477681,0.0227199671527429,0.0215078516627273,0.0204995343072314,0.0197055106832573,0.0191275921204179,0.0187574002647795,0.0185763956938167,0.0185575846343714,0.0186684424766664,0.0188742304536166,0.0191409375546982,0.0194374180922102,0.0197366582370855,0.0200163301391472,0.0202588634344543,0.0204512394681729,0.0205846545639021,0.0206541410232283,0.0206581912411731,0.0205984019882646,0.0204791388026184,0.0203072104896154,0.0200915379584526,0.01984279838497,0.0195730245540019,0.0192951408188548,0.0190224228016305,0.0187678793428514,0.0185435731085581,0.0183599193257469,0.0182250256258811,0.0181441519737501,0.0181193694365531,0.0181494751882345,0.0182301816535041,0.0183545513407881,0.0185136104575303,0.0186970549365507,0.0188939646626651,0.0190934600301963,0.0192852602476641,0.0194601267240416,0.019610192610319,0.0197291899139688,0.0198125896511805,0.01985767022966,0.0198635265587925,0.0198310286734784,0.0197627348294417,0.0196627606127532,0.0195366029559563,0.0193909163931511,0.0192332388049883,0.0190716657539047,0.018914476691814,0.018769722950817,0.0186447960054742,0.0185460036337775,0.0184781890027409,0.0184444306075607,0.018445857154151,0.018481600302136,0.0185488914437888,0.0186432901960865,0.0187590165442536,0.0188893490868502,0.0190270498692283,0.0191647808118014,0.0192954852322855,0.0194127176289531,0.019510913556304,0.0195855978943985,0.0196335337972592,0.0196528164011359,0.0196429155428109,0.0196046708848957,0.0195402415059647,0.0194530106400383,0.0193474452361183,0.0192289097264633,0.0191034342035231,0.0189774394243006,0.018857424852619,0.0187496311750407,0.0186596947754324,0.0185923173676567,0.0185509777791759,0.0185377131309561,0.0185529923213891,0.0185956958889492,0.0186632044605675,0.0187515855726901,0.018855858362425,0.0189703094291674,0.0190888317263127,0.0192052610171989,0.0193136897415472,0.0194087444084966,0.0194858184848893,0.0195412573494022,0.0195724949345653,0.0195781432674728,0.0195580365478133,0.0195132310501615,0.0194459613927554,0.0193595529456291,0.0192582897125622,0.0191472372651086,0.0190320215666015,0.0189185670604814,0.0188128012939061,0.0187203383698862,0.0186461589934872,0.0185943096621411,0.0185676462189306,0.0185676462189357,0.0185943096621556,0.0186461589935097,0.0187203383699153,0.0188128012939393,0.0189185670605149,0.0190320215666322,0.0191472372651331,0.0192582897125766,0.0193595529456309,0.0194459613927423,0.0195132310501319,0.0195580365477672,0.0195781432674102,0.0195724949344887,0.0195412573493144,0.0194858184847936,0.0194087444083968,0.0193136897414493,0.0192052610171069,0.0190888317262318,0.0189703094291017,0.0188558583623759,0.0187515855726582,0.0186632044605508,0.0185956958889452,0.018552992321393,0.0185377131309621,0.0185509777791795,0.0185923173676529,0.018659694775418,0.0187496311750148,0.0188574248525806,0.0189774394242515,0.0191034342034667,0.0192289097264029,0.0193474452360601,0.019453010639986,0.0195402415059241,0.0196046708848682,0.0196429155428012,0.0196528164011446,0.0196335337972885,0.0195855978944458,0.0195109135563663,0.0194127176290285,0.0192954852323689,0.0191647808118884,0.0190270498693132,0.0188893490869291,0.0187590165443228,0.0186432901961439,0.0185488914438311,0.0184816003021647,0.0184458571541676,0.0184444306075676,0.0184781890027417,0.0185460036337766,0.0186447960054745,0.0187697229508251,0.0189144766918317,0.0190716657539361,0.0192332388050335,0.0193909163932106,0.0195366029560284,0.0196627606128365,0.0197627348295319,0.0198310286735706,0.0198635265588829,0.0198576702297421,0.0198125896512484,0.0197291899140173,0.0196101926103451,0.0194601267240421,0.0192852602476389,0.0190934600301486,0.0188939646625947,0.0186970549364659,0.0185136104574353,0.018354551340692,0.0182301816534134,0.0181494751881534,0.0181193694364868,0.018144151973701,0.0182250256258488,0.0183599193257296,0.0185435731085541,0.0187678793428556,0.0190224228016366,0.0192951408188578,0.019573024553999,0.0198427983849545,0.0200915379584223,0.0203072104895733,0.0204791388025632,0.0205984019881986,0.0206581912411009,0.020654141023151,0.0205846545638292,0.0204512394681061,0.0202588634343998,0.020016330139105,0.0197366582370608,0.0194374180922015,0.0191409375547042,0.0188742304536357,0.018668442476695,0.0185575846344073,0.0185763956938525,0.0187574002648116,0.0191275921204436,0.0197055106832752,0.0204995343072392,0.021507851662727,0.0227199671527367,0.0241191192477588,0.0256848815524386,0.0273954201210227,0.0292291823550409,0.0311660243763901,0.0331878964355304,0.0352792282862431,0.037427134155986,NA,NA,NA,NA
0.0373128083045866,0.0351784700794327,0.0331000512284423,0.0310902431344042,0.029164379246781,0.0273402370555352,0.0256376654727821,0.0240779214988735,0.0226825777433306,0.0214718824286078,0.0204625600182511,0.0196652625459498,0.0190821754046285,0.018705487441642,0.0185173441537246,0.0184914507628547,0.0185958998760326,0.0187964275856448,0.0190593363564605,0.019353644213825,0.0196523774212476,0.0199331527605203,0.0201782728178959,0.0203745378963444,0.0205129216262179,0.0205882005313742,0.0205985845352753,0.0205453668164441,0.0204325940686729,0.0202667481025766,0.0200564238442807,0.0198119854303286,0.0195451807427563,0.0192686958732149,0.0189956359255387,0.0187389288330759,0.0185106654501351,0.01832141113787,0.0181795473235977,0.018090718713169,0.0180574643975692,0.0180790934060493,0.0181518289370962,0.0182692004324961,0.0184226230868828,0.0186020820404323,0.0187968373644528,0.0189960817948967,0.0191895073041125,0.0193677605720978,0.0195227859186966,0.0196480655742354,0.0197387720766876,0.0197918479382092,0.019806025417045,0.0197817957237752,0.0197213332354021,0.019628376851902,0.0195080678640706,0.019366741914641,0.0192116721830182,0.0190507622355956,0.0188921904770907,0.018744014021129,0.0186137477678102,0.0185079434219268,0.0184318010838192,0.0183888502676134,0.0183807353343344,0.0184071312792813,0.0184658006692519,0.0185527845391245,0.0186627035862004,0.0187891348507127,0.0189250251287648,0.0190631051942788,0.0191962763636386,0.0193179502802938,0.0194223316832534,0.0195046409152642,0.0195612775126487,0.0195899285536027,0.0195896260213208,0.0195607568501861,0.0195050281105813,0.0194253884095443,0.01932590543257,0.0192115989876849,0.0190882292893615,0.0189620418641785,0.018839473598823,0.0187268290751159,0.0186299420375872,0.018553842688797,0.018502456093178,0.0184783586744583,0.0184826173181052,0.0185147285614926,0.0185726646898592,0.0186530213549156,0.0187512502289327,0.0188619524643698,0.0189792055145924,0.0190968970279274,0.0192090438735369,0.0193100802741074,0.0193951050137224,0.0194600827299341,0.0195019978981586,0.0195189622257786,0.0195102770176359,0.019476452002496,0.019419181497363,0.0193412779958706,0.0192465626441586,0.0191397119522298,0.019026060814026,0.0189113637696377,0.0188015196153227,0.0187022688877537,0.0186188789791606,0.0185558367858482,0.018516572572415,0.0185032397584808,0.0185165725724269,0.0185558367858709,0.0186188789791921,0.0187022688877911,0.0188015196153612,0.0189113637696733,0.0190260608140552,0.0191397119522474,0.0192465626441608,0.0193412779958555,0.0194191814973277,0.0194764520024415,0.0195102770175625,0.0195189622256886,0.0195019978980564,0.0194600827298225,0.0193951050136074,0.0193100802739945,0.0192090438734313,0.0190968970278337,0.0189792055145151,0.0188619524643109,0.0187512502288935,0.0186530213548947,0.018572664689853,0.0185147285614972,0.0184826173181146,0.0184783586744663,0.0185024560931797,0.0185538426887882,0.0186299420375659,0.0187268290750816,0.0188394735987763,0.0189620418641232,0.0190882292893011,0.0192115989876237,0.0193259054325145,0.0194253884094986,0.0195050281105495,0.0195607568501719,0.0195896260213266,0.0195899285536289,0.0195612775126947,0.0195046409153272,0.0194223316833304,0.0193179502803811,0.0191962763637307,0.0190631051943717,0.0189250251288523,0.0187891348507917,0.0186627035862679,0.0185527845391776,0.0184658006692898,0.0184071312793055,0.0183807353343462,0.0183888502676166,0.0184318010838181,0.0185079434219259,0.0186137477678134,0.01874401402114,0.0188921904771121,0.0190507622356308,0.0192116721830678,0.0193667419147034,0.0195080678641445,0.0196283768519854,0.0197213332354898,0.0197817957238657,0.0198060254171312,0.0197918479382865,0.0197387720767507,0.0196480655742808,0.0195227859187167,0.0193677605720938,0.0191895073040841,0.0189960817948444,0.0187968373643809,0.0186020820403473,0.0184226230867902,0.0182692004324001,0.0181518289370053,0.0180790934059694,0.0180574643975043,0.0180907187131193,0.018179547323566,0.018321411137854,0.0185106654501302,0.0187389288330793,0.0189956359255443,0.0192686958732178,0.0195451807427502,0.0198119854303098,0.0200564238442481,0.0202667481025308,0.0204325940686115,0.0205453668163721,0.0205985845351947,0.020588200531295,0.0205129216261427,0.0203745378962769,0.0201782728178401,0.0199331527604805,0.0196523774212245,0.0193536442138218,0.0190593363564719,0.0187964275856691,0.0185958998760681,0.018491450762894,0.0185173441537641,0.0187054874416771,0.0190821754046546,0.019665262545967,0.0204625600182585,0.0214718824286071,0.0226825777433239,0.0240779214988632,0.0256376654727786,0.0273402370555347,0.0291643792467895,0.0310902431344298,0.0331000512284829,0.0351784700794915,0.037312808304666,NA,NA,NA
0.0371790135660759,0.0350593666326966,0.0329949614713015,0.0309982904878232,0.0290844446530443,0.0272709222486753,0.0255772687571431,0.0240244352735481,0.0226337205706417,0.0214251798305176,0.0204154836219438,0.019615423138189,0.0190275430143128,0.0186445907199412,0.0184493975556208,0.0184163791401268,0.0185142655525651,0.0187092933772217,0.0189681058335479,0.0192599107581342,0.0195577978437689,0.019839348519615,0.0200867550691956,0.0202866505518791,0.0204297971242016,0.0205107244803381,0.0205273669479095,0.0204807189903611,0.0203745112769192,0.0202148991926291,0.0200101496713784,0.0197703087739675,0.0195068308868475,0.0192321511704312,0.0189591871057992,0.0187007642039715,0.0184689762393341,0.0182745111747675,0.0181259967785086,0.0180294380547316,0.0179878236673225,0.0180009643780992,0.0180655934898711,0.0181757158637632,0.0183231518156818,0.0184981972663584,0.018690317143983,0.018888802249884,0.0190833425628903,0.0192644937862371,0.0194240330835739,0.0195552121961273,0.0196529219142314,0.0197137828868542,0.019736175867515,0.0197202212193186,0.0196677138427173,0.0195820162494224,0.0194679096518648,0.0193314009608931,0.019179482810876,0.0190198445610081,0.0188605350757194,0.0187095832412896,0.0185745894906009,0.018462310226941,0.0183782652184425,0.0183264033275753,0.0183088618557092,0.0183258478272671,0.0183756561613134,0.0184548225283815,0.0185583918432409,0.0186802707889066,0.0188136269276066,0.0189512980123517,0.0190861813570461,0.0192115819527841,0.0193215069814049,0.01941090180934,0.0194758277070102,0.0195135844243172,0.01952278177225,0.0195033640744538,0.0194565903059598,0.0193849713962649,0.0192921649340528,0.0191828267238481,0.019062418652104,0.018936973450923,0.0188128194671365,0.0186962725437733,0.0185933073627196,0.0185092263741195,0.0184483495383402,0.0184137509907667,0.0184070679687549,0.0184284021526127,0.0184763243654972,0.0185479819938768,0.0186392969782614,0.0187452332142049,0.0188601072961149,0.0189779160731102,0.0190926576570045,0.0191986278569594,0.0192906799661962,0.0193644411938887,0.0194164831388498,0.0194444463375998,0.0194471202158694,0.0194244800309114,0.0193776819711948,0.0193090168366668,0.0192218219951547,0.0191203509264328,0.0190095999499679,0.0188950929930306,0.0187826277292282,0.0186779901686421,0.0185866495728451,0.0185134507499289,0.01846232527738,0.0184360456636866,0.0184360456636924,0.0184623252773966,0.0185134507499542,0.0185866495728761,0.0186779901686754,0.0187826277292586,0.0188950929930545,0.019009599949981,0.0191203509264327,0.0192218219951383,0.019309016836633,0.0193776819711438,0.0194244800308452,0.0194471202157901,0.0194444463375112,0.0194164831387561,0.019364441193794,0.0192906799661054,0.0191986278568769,0.0190926576569336,0.0189779160730531,0.0188601072960735,0.0187452332141788,0.0186392969782495,0.018547981993877,0.0184763243655048,0.0184284021526236,0.0184070679687651,0.0184137509907726,0.0184483495383388,0.0185092263741092,0.0185933073627001,0.0186962725437458,0.0188128194671024,0.0189369734508857,0.0190624186520666,0.0191828267238141,0.0192921649340252,0.0193849713962463,0.0194565903059522,0.0195033640744586,0.019522781772267,0.0195135844243463,0.01947582770705,0.0194109018093888,0.0193215069814593,0.0192115819528413,0.0190861813571041,0.018951298012406,0.0188136269276565,0.0186802707889492,0.0185583918432758,0.018454822528408,0.0183756561613312,0.0183258478272772,0.0183088618557138,0.0183264033275757,0.0183782652184412,0.0184623102269409,0.0185745894906035,0.0187095832412968,0.0188605350757325,0.0190198445610279,0.0191794828109038,0.0193314009609284,0.0194679096519072,0.0195820162494699,0.0196677138427682,0.0197202212193732,0.0197361758675696,0.0197137828869053,0.0196529219142763,0.0195552121961633,0.019424033083597,0.0192644937862477,0.0190833425628854,0.0188888022498636,0.01869031714395,0.0184981972663167,0.0183231518156311,0.0181757158637114,0.0180655934898191,0.0180009643780516,0.0179878236672822,0.0180294380547012,0.0181259967784875,0.0182745111747569,0.0184689762393324,0.0187007642039756,0.0189591871058061,0.0192321511704354,0.0195068308868479,0.0197703087739604,0.0200101496713606,0.0202148991926002,0.0203745112768785,0.0204807189903112,0.0205273669478558,0.0205107244802802,0.0204297971241483,0.0202866505518258,0.0200867550691523,0.0198393485195851,0.0195577978437473,0.0192599107581269,0.0189681058335536,0.0187092933772333,0.0185142655525868,0.0184163791401533,0.0184493975556455,0.0186445907199626,0.0190275430143286,0.0196154231381994,0.0204154836219489,0.0214251798305161,0.0226337205706387,0.0240244352735437,0.0255772687571399,0.0272709222486758,0.029084444653051,0.0309982904878394,0.0329949614713256,0.035059366632731,0.0371790135661307,NA,NA
0.0370466113790438,0.0349415005910483,0.0328909648190589,0.0309073011734528,0.0290053625925122,0.0272023731089924,0.025517579798312,0.0239716321859673,0.0225855577363895,0.0213792178984221,0.0203692240903541,0.019566496279381,0.0189739237901127,0.018584796664536,0.0183826179553833,0.0183425043921865,0.0184338199349603,0.0186233029296438,0.018877941811275,0.0191671403072163,0.0194640582090141,0.0197462483695974,0.0199957995256506,0.0201991842626585,0.020346960112782,0.0204334168976121,0.0204562203705423,0.0204160732341251,0.02031639678503,0.0201630259793089,0.0199639046133248,0.0197287637592954,0.0194687648802338,0.0191960894545018,0.0189234605243536,0.0186635898205939,0.0184285581801427,0.0182291566078351,0.0180742376105966,0.0179701452301546,0.0179202994683785,0.0179249999851616,0.0179814842452194,0.0180842337873057,0.0182254817131259,0.0183958472788218,0.0185850159630124,0.0187823938768915,0.0189776865942211,0.0191613759875663,0.0193250883270894,0.0194618600263864,0.0195663140725572,0.0196347618672787,0.0196652437696298,0.0196575186112485,0.0196130089110615,0.0195347050935189,0.0194270290942157,0.0192956556016284,0.0191472881317468,0.0189893875339945,0.0188298527951144,0.0186766584656183,0.0185374596744242,0.0184191838911621,0.0183276368745961,0.0182671563725589,0.0182403486276103,0.0182479377925465,0.018288746847516,0.0183598125614465,0.0184566201522374,0.0185734296156416,0.0187036580828195,0.0188402818163316,0.0189762263404538,0.0191047213397349,0.0192196058512054,0.0193155770556514,0.0193883816751706,0.0194349524227802,0.0194534934334475,0.0194435186545695,0.0194058463289313,0.0193425514399187,0.0192568767051203,0.0191531017477131,0.019036369774913,0.0189124717731447,0.0187875901776823,0.0186680073541325,0.018559788943581,0.0184684576655293,0.0183986785431008,0.0183539803059654,0.0183365384481488,0.018347042021418,0.0183846586547559,0.0184471016593445,0.018530791556155,0.0186310944107249,0.0187426129136048,0.0188595040290661,0.0189757988632705,0.0190857049385395,0.0191838767738564,0.0192656462336024,0.0193272086496397,0.0193657638744211,0.0193796131960062,0.0193682136779471,0.0193321913110781,0.0192733137289713,0.0191944224768923,0.0190993242536217,0.0189926404800466,0.0188796152958754,0.0187658839157795,0.0186572063440678,0.0185591756783015,0.0184769151981696,0.0184147832840665,0.0183761087327165,0.0183629799380827,0.0183761087327491,0.0184147832841283,0.0184769151982528,0.0185591756783964,0.0186572063441618,0.0187658839158599,0.0188796152959303,0.0189926404800644,0.0190993242535938,0.0191944224768138,0.0192733137288415,0.0193321913109,0.0193682136777266,0.0193796131957535,0.0193657638741466,0.0193272086493566,0.0192656462333241,0.0191838767735964,0.0190857049383089,0.0189757988630787,0.018859504028919,0.0187426129135047,0.0186310944106697,0.0185307915561379,0.0184471016593563,0.0183846586547854,0.0183470420214517,0.0183365384481752,0.0183539803059744,0.0183986785430852,0.0184684576654861,0.0185597889435106,0.0186680073540391,0.0187875901775727,0.018912471773029,0.0190363697748011,0.019153101747616,0.0192568767050475,0.0193425514398792,0.0194058463289297,0.0194435186546095,0.0194534934335299,0.0194349524229006,0.0193883816753237,0.0193155770558299,0.0192196058514,0.019104721339936,0.0189762263406508,0.0188402818165138,0.0187036580829806,0.0185734296157749,0.0184566201523399,0.0183598125615174,0.0182887468475583,0.0182479377925643,0.0182403486276117,0.0182671563725527,0.018327636874591,0.0184191838911657,0.018537459674443,0.0186766584656574,0.0188298527951747,0.0189893875340772,0.0191472881318524,0.0192956556017529,0.0194270290943542,0.0195347050936654,0.0196130089112107,0.0196575186113929,0.0196652437697605,0.0196347618673893,0.0195663140726394,0.0194618600264348,0.0193250883270961,0.019161375987531,0.0189776865941475,0.0187823938767836,0.0185850159628743,0.0183958472786668,0.0182254817129616,0.0180842337871447,0.0179814842450702,0.0179249999850319,0.0179202994682754,0.0179701452300795,0.0180742376105492,0.0182291566078125,0.0184285581801383,0.0186635898206008,0.0189234605243614,0.019196089454501,0.0194687648802174,0.019728763759254,0.0199639046132533,0.0201630259792106,0.0203163967849044,0.0204160732339778,0.0204562203703832,0.0204334168974527,0.0203469601126296,0.0201991842625216,0.0199957995255394,0.0197462483695192,0.0194640582089681,0.0191671403072053,0.0188779418112953,0.0186233029296913,0.0184338199350252,0.0183425043922584,0.0183826179554569,0.0185847966645996,0.0189739237901617,0.0195664962794123,0.020369224090368,0.0213792178984218,0.0225855577363792,0.0239716321859558,0.0255175797983069,0.0272023731089991,0.0290053625925393,0.0309073011735059,0.0328909648191432,0.0349415005911659,0.0370466113792006,NA
0.0369120957937428,0.03482161304366,0.032785042730882,0.0308144884926942,0.0289245673656314,0.0271322313332573,0.0254564309315438,0.0239175150164653,0.0225362387751606,0.0213322660209595,0.0203221413164133,0.019516901843901,0.0189197675833279,0.0185245574620769,0.0183154362480303,0.0182682176696071,0.0183529016703892,0.0185367352291799,0.0187870615079854,0.019073490443526,0.0193692619360681,0.0196519095095642,0.0199034267982731,0.0201101336942067,0.0202623903869003,0.0203542537220847,0.0203831274188115,0.0203494285304907,0.0202562744846031,0.0201091844037752,0.0199157822057838,0.0196854853355344,0.0194291611211965,0.0191587328442562,0.0188867206218097,0.0186257095297842,0.0183877502806418,0.0181837162231344,0.0180226620369151,0.0179112487384388,0.0178533088110164,0.0178496176005554,0.0178979107509873,0.0179931481169367,0.0181279840804563,0.0182933750227334,0.0184792441938545,0.0186751319309962,0.0188707786571971,0.0190566110959843,0.0192241222051566,0.0193661492859125,0.0194770622419406,0.0195528763532932,0.0195913029714107,0.0195917488027728,0.0195552710416229,0.0194844922241849,0.0193834757114787,0.0192575604425903,0.0191131523096661,0.0189574695298564,0.0187982411250738,0.0186433614201552,0.0185005094324445,0.0183767497184433,0.0182781394593504,0.018209373304757,0.0181735003355552,0.0181717444389033,0.0182034497872644,0.018266158389367,0.0183558100750905,0.0184670407616351,0.0185935456384273,0.018728471356527,0.0188648047160675,0.0189957326182384,0.0191149567084639,0.0192169541569999,0.0192971822131816,0.0193522281539961,0.0193799082141448,0.0193793194986212,0.0193508482697186,0.0192961368503348,0.0192180100988304,0.0191203613327788,0.0190079970289563,0.0188864399192561,0.0187616915328636,0.0186399580177177,0.0185273472233574,0.0184295502113613,0.0183515257874944,0.018297211082335,0.0182692831822047,0.0182689950904798,0.0182961034032101,0.0183488956745646,0.018424314295196,0.0185181631703471,0.0186253757225366,0.0187403190128437,0.0188571091419445,0.0189699166265775,0.0190732457175972,0.019162177224586,0.0192325693045098,0.0192812143107585,0.0193059520605255,0.0193057409198524,0.0192806882225374,0.0192320410673281,0.0191621378053813,0.0190743198474428,0.0189728030897967,0.018862508580229,0.018748853303409,0.0186375043727669,0.0185341035215509,0.0184439733512019,0.0183718216942596,0.0183214646600754,0.0182955911985311,0.0182955911985543,0.0183214646601417,0.0183718216943611,0.0184439733513254,0.01853410352168,0.0186375043728831,0.0187488533034938,0.0188625085802661,0.0189728030897729,0.0190743198473502,0.0191621378052173,0.0192320410670954,0.0192806882222445,0.019305740919513,0.0193059520601555,0.0192812143103758,0.019232569304134,0.0191621772242343,0.0190732457172864,0.0189699166263197,0.0188571091417483,0.0187403190127118,0.0186253757224658,0.0185181631703295,0.0184243142952189,0.0183488956746124,0.0182961034032665,0.0182689950905297,0.0182692831822349,0.0182972110823355,0.018351525787461,0.0184295502112943,0.0185273472232621,0.0186399580176022,0.0187616915327402,0.0188864399191383,0.019007997028857,0.0191203613327093,0.0192180100988005,0.0192961368503504,0.0193508482697833,0.0193793194987334,0.0193799082142999,0.0193522281541869,0.0192971822133982,0.0192169541572308,0.0191149567086969,0.0189957326184619,0.0188648047162708,0.0187284713567025,0.0185935456385687,0.0184670407617396,0.0183558100751591,0.0182661583894027,0.0182034497872743,0.0181717444388962,0.0181735003355386,0.0182093733047423,0.0182781394593442,0.0183767497184511,0.0185005094324707,0.0186433614202002,0.018798241125138,0.0189574695299381,0.0191131523097622,0.0192575604426969,0.0193834757115957,0.0194844922243065,0.0195552710417459,0.0195917488028937,0.0195913029715228,0.0195528763533902,0.0194770622420159,0.019366149285961,0.0192241222051748,0.0190566110959689,0.018870778657148,0.0186751319309139,0.0184792441937471,0.0182933750226075,0.0181279840803182,0.0179931481167933,0.0178979107508499,0.0178496176004309,0.0178533088109122,0.0179112487383602,0.0180226620368639,0.0181837162231099,0.0183877502806413,0.0186257095297997,0.0188867206218315,0.0191587328442743,0.0194291611212002,0.0196854853355129,0.0199157822057315,0.0201091844036907,0.0202562744844841,0.0203494285303427,0.0203831274186422,0.0203542537219063,0.0202623903867225,0.0201101336940393,0.0199034267981307,0.0196519095094501,0.0193692619359916,0.0190734904434891,0.0187870615079855,0.0185367352292118,0.0183529016704489,0.0182682176696824,0.0183154362481083,0.018524557462148,0.0189197675833833,0.0195169018439371,0.0203221413164294,0.0213322660209572,0.0225362387751477,0.023917515016446,0.0254564309315301,0.0271322313332585,0.0289245673656573,0.0308144884927517,0.032785042730976,0.0348216130437982,0.0369120957939273
